0 0.8 8
10 4.3 51
20 10.2 153
30 16.6 319
40 24.2 561
50 26.2 823
60 26.8 1091
70 31.4 1405
80 30.3 1708
90 38.7 2095
100 40.5 2500
110 45.9 2959
120 47 3429
130 49.4 3923
140 47.4 4397
150 44 4837
160 40.4 5241
170 45.9 5700
180 41.9 6119
190 44.3 6562
200 38.5 6947
210 39.7 7344
220 35.1 7695
230 33.5 8030
240 30.4 8334
250 32.1 8655
260 30.8 8963
270 25.5 9218
280 33.2 9550
290 31.5 9865
300 30.1 10166
310 31.7 10483
320 29.3 10776
330 31.6 11092
340 28 11372
350 26.6 11638
360 26.2 11900
370 25.4 12154
380 24.7 12401
390 25.1 12652
400 24 12892
410 23 13122
420 26.8 13390
430 25.6 13646
440 26.7 13913
450 22.6 14139
460 24.9 14388
470 24.2 14630
480 23.5 14865
490 19.5 15060
500 28.1 15341
510 30.8 15649
520 39.8 16047
530 51.1 16558
540 52.7 17085
550 54.1 17626
560 35.7 17983
570 31.5 18298
580 27.5 18573
590 14.5 18718
600 10 18818
610 5.6 18874
620 2.7 18901
630 0.5 18906
640 0.9 18915
650 0.3 18918
651 0 18918
