10 0.6 6
20 1.4 20
30 1.9 39
40 2.1 60
50 2.7 87
60 3.2 119
70 4.4 163
80 3.2 195
90 5.7 252
100 5.3 305
110 6.2 367
120 7 437
130 6.5 502
140 7.1 573
150 4.8 621
160 4.4 665
170 5.4 719
180 4.5 764
190 4.4 808
200 4 848
210 3.9 887
220 2.9 916
230 3.5 951
240 2.8 979
250 3 1009
260 2.4 1033
270 2.7 1060
280 2 1080
290 2.9 1109
300 2.6 1135
310 2.1 1156
320 1.4 1170
330 2.1 1191
340 1.5 1206
350 1.3 1219
360 1.4 1233
370 0.7 1240
380 0.7 1247
390 1 1257
400 0.7 1264
410 0.6 1270
420 0.3 1273
430 0.3 1276
440 0.6 1282
450 0.2 1284
460 0.2 1286
470 0.4 1290
480 0.1 1291
490 0.2 1293
500 0.1 1294
510 0 1294
520 0.6 1300
530 1.4 1314
540 2 1334
550 3.3 1367
560 4.1 1408
570 4.3 1451
580 4.1 1492
590 1.3 1505
600 2 1525
610 0.7 1532
620 0.6 1538
630 0 1538
640 0.2 1540
650 0 1540
651 0 1540
