0 0.7 7
10 0.9 16
20 1.3 29
30 1.5 44
40 2.1 65
50 1 75
60 2 95
70 3.8 133
80 2.9 162
90 3.4 196
100 3.8 234
110 2.3 257
120 2.2 279
130 4.2 321
140 3.3 354
150 2.8 382
160 3.6 418
170 3.3 451
180 2.8 479
190 4 519
200 5 569
210 5.2 621
220 4.7 668
230 3.6 704
240 4.7 751
250 4.3 794
260 4.3 837
270 5.2 889
280 4.3 932
290 4.7 979
300 5.3 1032
310 7.1 1103
320 6.2 1165
330 5.1 1216
340 5.8 1274
350 6.6 1340
360 6.9 1409
370 5.7 1466
380 7.8 1544
390 6.4 1608
400 7.2 1680
410 7.5 1755
420 6.7 1822
430 7.2 1894
440 6.7 1961
450 6.5 2026
460 5.6 2082
470 6.7 2149
480 6.9 2218
490 5.5 2273
500 5.6 2329
510 4.4 2373
520 2.5 2398
530 2 2418
540 1.8 2436
550 0.6 2442
560 0 2442
570 0 2442
580 0 2442
590 0 2442
600 0 2442
610 0 2442
620 0 2442
630 0 2442
640 0 2442
650 0 2442
651 0 2442
