30 0.1 1
40 0.2 3
50 0.3 6
60 0.5 11
70 0.3 14
80 0 14
90 0.4 18
100 0.1 19
110 0.4 23
120 0.6 29
130 0.5 34
140 0.2 36
150 0.1 37
160 0.1 38
170 0.4 42
180 0.1 43
190 0.4 47
200 0.3 50
210 0.3 53
220 0.1 54
230 0.4 58
240 0.1 59
250 0.3 62
260 0.7 69
270 1.1 80
280 1.5 95
290 1.4 109
300 2 129
310 1.6 145
320 1.8 163
330 2.5 188
340 2 208
350 1.7 225
360 2.4 249
370 2.5 274
380 3.9 313
390 1.4 327
400 2.8 355
410 3.8 393
420 3.7 430
430 4.2 472
440 4.6 518
450 4.7 565
460 4 605
470 4.5 650
480 3.2 682
490 4.6 728
500 3.9 767
510 3.6 803
520 2.1 824
530 1.1 835
540 1.9 854
550 1.7 871
560 0.4 875
570 0 875
580 0 875
590 0 875
600 0 875
610 0 875
620 0 875
630 0 875
640 0 875
650 0 875
651 0 875
