230 0.2 2
240 0.2 4
250 1.4 18
260 1.6 34
270 2.9 63
280 4.9 112
290 3.7 149
300 5.7 206
310 7.9 285
320 4.8 333
330 7 403
340 8.8 491
350 6.9 560
360 7.1 631
370 6.4 695
380 8.6 781
390 7.8 859
400 8.4 943
410 7.9 1022
420 9.7 1119
430 10.1 1220
440 11.8 1338
450 9.1 1429
460 8.4 1513
470 12.7 1640
480 10.2 1742
490 12 1862
500 17.7 2039
510 24.2 2281
520 27.2 2553
530 38.5 2938
540 34.7 3285
550 27.3 3558
560 12.9 3687
570 8.2 3769
580 5.1 3820
590 3.6 3856
600 1 3866
610 0.6 3872
620 0.4 3876
630 0.1 3877
640 0 3877
650 0 3877
651 0 3877
