220 3.1 31
230 15.4 185
240 30 485
250 52.1 1006
260 72.4 1730
270 98.4 2714
280 104.1 3755
290 112.3 4878
300 113.2 6010
310 126.4 7274
320 141.1 8685
330 150.2 10187
340 148.3 11670
350 171.9 13389
360 178.4 15173
370 222.3 17396
380 223.1 19627
390 239.4 22021
400 252.2 24543
410 269.4 27237
420 291.8 30155
430 314.8 33303
440 309.7 36400
450 337 39770
460 325.3 43023
470 340.9 46432
480 339 49822
490 259 52412
500 183.1 54243
510 115 55393
520 60.9 56002
530 6.8 56070
540 0 56070
550 0 56070
560 0 56070
570 0 56070
580 0 56070
590 0 56070
600 0 56070
610 0 56070
620 0 56070
630 0 56070
640 0 56070
650 0 56070
651 0 56070
