0 7 7
10 14 7
20 24 10
30 37 13
40 45 8
50 46 1
60 52 6
70 67 15
80 77 10
90 89 12
100 104 15
110 97 -7
120 105 8
130 118 13
140 128 10
150 146 18
160 151 5
170 156 5
180 178 22
190 200 22
200 229 29
210 256 27
220 289 33
230 312 23
240 349 37
250 390 41
260 430 40
270 457 27
280 496 39
290 525 29
300 558 33
310 598 40
320 641 43
330 687 46
340 699 12
350 736 37
360 774 38
370 836 62
380 888 52
390 964 76
400 1009 45
410 1038 29
420 1078 40
430 1135 57
440 1173 38
450 1205 32
460 1245 40
470 1289 44
480 1218 -71
490 1049 -169
500 892 -157
510 740 -152
520 618 -122
530 502 -116
540 370 -132
550 245 -125
560 170 -75
570 129 -41
580 83 -46
590 43 -40
600 25 -18
610 13 -12
620 6 -7
630 1 -5
640 1 0
650 0 -1
651 0 0
