0 0.7 20.41357421875 45.69667590201125 132.343017578125 1.160888671875 0 0
10 0.7 2.7418038504464284 3.050340836934858 132.343017578125 1.04296875 20.41357421875 7
20 1 1.5694580078125 0.4299945947673312 132.343017578125 1.04296875 11.577689034598214 14
30 1.4 2.2045724051339284 2.002780666100208 132.343017578125 1.04296875 7.4075927734375 24
40 1.1 1.578369140625 0.45628199482963216 132.343017578125 0.98291015625 5.490690532483552 38
50 0.4 1.54901123046875 0.417587119416877 132.343017578125 0.98291015625 4.612414301658163 49
60 1.3 2.2540752704326925 2.642440469395892 132.343017578125 0.98291015625 4.381214069870283 53
70 1.8 1.5799018012152777 0.4065825316351222 132.343017578125 0.98291015625 3.9622321851325757 66
80 1.4 1.7310791015625 0.7158007666492212 132.343017578125 0.98291015625 3.4517328171502974 84
90 1.9 1.6195646587171053 0.49635380114418487 132.343017578125 0.98291015625 3.205925143494898 98
100 2.1 1.6129092261904763 0.48669497157134645 132.343017578125 0.970947265625 2.948311047676282 117
110 0.7 2.91162109375 2.953890665896515 132.343017578125 0.970947265625 2.7450977270153984 138
120 1.7 3.3536879595588234 6.2072189115515375 132.343017578125 0.965087890625 2.753136786099138 145
130 2.7 1.665210865162037 0.48661650988712374 132.343017578125 0.965087890625 2.816157588252315 162
140 2 1.56593017578125 0.4151019417197772 132.343017578125 0.965087890625 2.6517366278108465 189
150 2.5 1.57470703125 0.4686206232183494 132.343017578125 0.965087890625 2.5478317041716507 209
160 1.5 1.9032389322916667 0.5828820731073622 132.343017578125 0.965087890625 2.443865392962073 234
170 1.6 1.559112548828125 0.4368190735024051 132.343017578125 0.943115234375 2.4112975338855422 249
180 2.5 2.5482324218749994 5.0567162703459765 132.343017578125 0.890869140625 2.3598448555424527 265
190 3.3 2.0675307765151514 2.9258973371836077 132.343017578125 0.890869140625 2.376085162984914 290
200 3.6 1.6044175889756944 0.46323101413709694 132.343017578125 0.890869140625 2.34456103062113 323
210 3.8 1.741981907894737 0.8495029270184778 132.343017578125 0.85595703125 2.2703405183669916 359
220 3.6 1.6335991753472223 0.4542146133606257 132.343017578125 0.85595703125 2.2197671501102016 397
230 3.5 1.5647600446428573 0.42226784129087686 132.343017578125 0.85595703125 2.171032630268476 433
240 4.5 2.1933213975694437 3.424502746715731 132.343017578125 0.843017578125 2.1256917317708335 468
250 5.9 1.5717525158898304 0.4784351043775391 132.343017578125 0.843017578125 2.131624158595273 513
260 6.2 1.5650398500504032 0.4807484819853013 132.343017578125 0.8291015625 2.073875160484047 572
270 5.2 1.4966571514423077 0.41994867539830755 132.343017578125 0.818115234375 2.0241152405362777 634
280 6.8 1.559451832490809 0.44650554278487664 132.343017578125 0.818115234375 1.9841329947157433 686
290 6.5 1.5297025240384616 0.44475971311530693 132.343017578125 0.818115234375 1.9458328368493036 754
300 8.6 1.8120315906613371 1.6387372623732706 132.343017578125 0.818115234375 1.912806621546856 819
310 8.9 1.7157325316011236 1.0362442579255158 132.343017578125 0.818115234375 1.9032302097720994 905
320 9.7 1.6167143202319587 0.6187324098110781 132.343017578125 0.81787109375 1.8864421882859659 994
330 11.1 1.58691626196509 0.5722515530317079 132.343017578125 0.81787109375 1.8624608837935381 1091
340 9.3 1.8113895539314515 1.1213318429578358 132.343017578125 0.81787109375 1.837015415388415 1202
350 11.9 1.603632566307773 0.5180337418702915 132.343017578125 0.81787109375 1.835175102557915 1295
360 11.3 2.011096515486727 2.7057760259271273 132.343017578125 0.81787109375 1.8156888495071606 1414
370 15.5 1.643779926915323 0.5907017368636296 132.343017578125 0.81787109375 1.8301492727263424 1527
380 15.8 1.8670731556566451 1.82680496042385 132.343017578125 0.81787109375 1.8129749275416172 1682
390 15.8 1.8651339374011076 1.2339218648753865 132.343017578125 0.777099609375 1.817620318868886 1840
400 14.7 1.7945747634991496 1.0200798814604477 132.343017578125 0.777099609375 1.8213776520661287 1998
410 14.6 1.5946697078339043 0.5435853297651354 132.343017578125 0.777099609375 1.8195408107517483 2145
420 17.1 1.9790024785270457 4.495022368349246 132.343017578125 0.777099609375 1.8052103083396989 2291
430 18.7 1.6082065194685828 0.7272148109239945 132.343017578125 0.777099609375 1.817281169875863 2462
440 18.8 2.166737657912235 4.035797969073173 132.343017578125 0.777099609375 1.8025220307191392 2649
450 19.6 1.572826151945153 0.6804134307075342 132.343017578125 0.765869140625 1.826657574572612 2837
460 19.5 2.2727376302083337 4.155977576036283 132.343017578125 0.765869140625 1.810254357020689 3033
470 19.6 1.5696722536670917 0.48509664378444617 132.343017578125 0.765869140625 1.8381924729660393 3228
480 10.1 1.7343411587252475 2.2285489628842168 132.343017578125 0.765869140625 1.8228215725622445 3424
490 0 0 0 132.343017578125 0.765869140625 1.8202863890735816 3525
500 0 0 0 132.343017578125 0.765869140625 1.8202863890735816 3525
510 0 0 0 132.343017578125 0.765869140625 1.8202863890735816 3525
520 0 0 0 132.343017578125 0.765869140625 1.8202863890735816 3525
530 0 0 0 132.343017578125 0.765869140625 1.8202863890735816 3525
540 0 0 0 132.343017578125 0.765869140625 1.8202863890735816 3525
550 0 0 0 132.343017578125 0.765869140625 1.8202863890735816 3525
560 0 0 0 132.343017578125 0.765869140625 1.8202863890735816 3525
570 0 0 0 132.343017578125 0.765869140625 1.8202863890735816 3525
580 0 0 0 132.343017578125 0.765869140625 1.8202863890735816 3525
590 0 0 0 132.343017578125 0.765869140625 1.8202863890735816 3525
600 0 0 0 132.343017578125 0.765869140625 1.8202863890735816 3525
610 0 0 0 132.343017578125 0.765869140625 1.8202863890735816 3525
620 0 0 0 132.343017578125 0.765869140625 1.8202863890735816 3525
630 0 0 0 132.343017578125 0.765869140625 1.8202863890735816 3525
640 0 0 0 132.343017578125 0.765869140625 1.8202863890735816 3525
650 0 0 0 132.343017578125 0.765869140625 1.8202863890735816 3525
651 0 0 0 132.343017578125 0.765869140625 1.8202863890735816 3525
