0 0.1 3.1260624816323612 0 3.1260624816323612 3.1260624816323612 0 0
10 0.1 2.161100196463654 0.0 3.1260624816323612 2.161100196463654 3.1260624816323612 1
20 0.1 1.7733990147783252 0.0 3.1260624816323612 1.7733990147783252 2.6435813390480076 2
30 0.1 2.3645320197044337 0.0 3.1260624816323612 1.7733990147783252 2.353520564291447 3
40 0.1 3.638151425762045 0.0 3.638151425762045 1.7733990147783252 2.3562734281446938 4
50 0.1 3.652517275419546 0.0 3.652517275419546 1.7733990147783252 2.612649027668164 5
60 0.1 3.8537549407114624 0.0 3.8537549407114624 1.7733990147783252 2.7859604022933944 6
70 0.1 4.416094210009813 0.0 4.416094210009813 1.7733990147783252 2.938502479210261 7
80 0.1 4.446640316205533 0.0 4.446640316205533 1.7733990147783252 3.123201445560205 8
90 0.1 4.724409448818897 0.0 4.724409448818897 1.7733990147783252 3.270250208965242 9
100 0.1 6.170421155729676 0.0 6.170421155729676 1.7733990147783252 3.4156661329506073 10
110 0.1 6.439024390243903 0.0 6.439024390243903 1.7733990147783252 3.6660984077487044 11
120 0.1 6.18860510805501 0.0 6.439024390243903 1.7733990147783252 3.8971755729566375 12
130 0.1 6.470588235294119 0.0 6.470588235294119 1.7733990147783252 4.07343938334882 13
140 0.1 6.889763779527559 0.0 6.889763779527559 1.7733990147783252 4.244664301344913 14
150 0.1 6.660137120470128 0.0 6.889763779527559 1.7733990147783252 4.421004266557089 15
160 0.1 5.445544554455446 0.0 6.889763779527559 1.7733990147783252 4.560950069926654 16
170 0.1 6.11439842209073 0.0 6.889763779527559 1.7733990147783252 4.612985039604818 17
180 0.1 6.366307541625857 0.0 6.889763779527559 1.7733990147783252 4.6963968941873695 18
190 0.1 6.378802747791953 0.0 6.889763779527559 1.7733990147783252 4.7842869282630796 19
200 0.1 6.666666666666667 0.0 6.889763779527559 1.7733990147783252 4.864012719239524 20
210 0.1 5.742574257425743 0.0 6.889763779527559 1.7733990147783252 4.949853383402721 21
220 0.1 6.096361848574238 0.0 6.889763779527559 1.7733990147783252 4.9858861504037675 22
230 0.1 5.719921104536489 0.0 6.889763779527559 1.7733990147783252 5.034167702498135 23
240 0.1 7.0588235294117645 0.0 7.0588235294117645 1.7733990147783252 5.062740760916401 24
250 0.1 7.933398628795299 0.0 7.933398628795299 1.7733990147783252 5.1425840716562154 25
260 0.1 9.037328094302556 0.0 9.037328094302556 1.7733990147783252 5.249923093084641 26
270 0.1 11.423039690222653 0.0 11.423039690222653 1.7733990147783252 5.390197352389008 27
280 0.1 12.800769971126083 0.0 12.800769971126083 1.7733990147783252 5.605656007311638 28
290 0.1 13.886210221793634 0.0 13.886210221793634 1.7733990147783252 5.853763385374205 29
300 0.1 13.870029097963144 0.0 13.886210221793634 1.7733990147783252 6.121511613254853 30
310 0.1 16.555023923444974 0.0 16.555023923444974 1.7733990147783252 6.371463790180927 31
320 0.1 15.957446808510639 0.0 16.555023923444974 1.7733990147783252 6.689700044345428 32
330 0.1 16.163583252190847 0.0 16.555023923444974 1.7733990147783252 6.9705408553807375 33
340 0.1 17.395529640427597 0.0 17.395529640427597 1.7733990147783252 7.240924455286917 34
350 0.1 20.415879017013232 0.0 20.415879017013232 1.7733990147783252 7.531056032005222 35
360 0.1 18.058252427184467 0.0 20.415879017013232 1.7733990147783252 7.888967781588779 36
370 0.1 22.041984732824428 0.0 22.041984732824428 1.7733990147783252 8.163813312550824 37
380 0.1 23.062200956937797 0.0 23.062200956937797 1.7733990147783252 8.529028349926444 38
390 0.1 23.20916905444126 0.0 23.20916905444126 1.7733990147783252 8.901673801388272 39
400 0.1 23.827751196172247 0.0 23.827751196172247 1.7733990147783252 9.259361182714596 40
410 0.1 24.637681159420293 0.0 24.637681159420293 1.7733990147783252 9.614687768408686 41
420 0.1 26.19961612284069 0.0 26.19961612284069 1.7733990147783252 9.972378087242296 42
430 0.1 27.061105722599414 0.0 27.061105722599414 1.7733990147783252 10.34975571597714 43
440 0.1 29.45662535748332 0.0 29.45662535748332 1.7733990147783252 10.729559125218556 44
450 0.1 29.87630827783064 0.0 29.87630827783064 1.7733990147783252 11.145716152602217 45
460 0.1 30.067243035542745 0.0 30.067243035542745 1.7733990147783252 11.552902937933268 46
470 0.1 30.422264875239925 0.0 30.422264875239925 1.7733990147783252 11.946825067669641 47
480 0.1 31.916902738432483 0.0 31.916902738432483 1.7733990147783252 12.331730063660688 48
490 0.1 25.88347659980898 0.0 31.916902738432483 1.7733990147783252 12.731427465186643 49
500 0.1 22.0616570327553 0.0 31.916902738432483 1.7733990147783252 12.99446844787909 50
510 0.1 18.84057971014493 0.0 31.916902738432483 1.7733990147783252 13.17225645934725 51
520 0.1 15.976900866217516 0.0 31.916902738432483 1.7733990147783252 13.281262675708744 52
530 0.1 12.98828125 0.0 31.916902738432483 1.7733990147783252 13.332123773642872 53
540 0.1 14.148219441770934 0.0 31.916902738432483 1.7733990147783252 13.325756319501338 54
550 0.1 11.1328125 0.0 31.916902738432483 1.7733990147783252 13.340710194451693 55
560 0.1 8.26044703595724 0.0 31.916902738432483 1.7733990147783252 13.301283449907913 56
570 0.1 5.980392156862745 0.0 31.916902738432483 1.7733990147783252 13.212847723347375 57
580 0.1 5.098039215686274 0.0 31.916902738432483 1.7733990147783252 13.088150213580398 58
590 0.1 3.831041257367387 0.0 31.916902738432483 1.7733990147783252 12.952724603446601 59
600 0.1 2.6600985221674875 0.0 31.916902738432483 1.7733990147783252 12.800696547678614 60
610 0.1 1.9646365422396856 0.0 31.916902738432483 1.7733990147783252 12.634457235784987 61
620 0.1 1.3806706114398422 0.0 31.916902738432483 1.3806706114398422 12.46236335363103 62
630 0.1 1.183431952662722 0.0 31.916902738432483 1.183431952662722 12.286463468834345 63
640 0.1 1.1811023622047243 0.0 31.916902738432483 1.1811023622047243 12.112978601394165 64
650 0.1 0.9871668311944718 0.0 31.916902738432483 0.9871668311944718 11.94479589002202 65
