0 0 0
10 0 0
20 0 0
30 0.1 1
40 0.2 3
50 0.3 6
60 0.8 14
70 0.3 17
80 0.4 21
90 0.7 28
100 0.7 35
110 1.2 47
120 0.9 56
130 1.4 70
140 1.1 81
150 0.7 88
160 1.1 99
170 0.9 108
180 0.4 112
190 1 122
200 0.8 130
210 1 140
220 0.3 143
230 1.3 156
240 0.8 164
250 1.8 182
260 2.3 205
270 2.3 228
280 2.8 256
290 3.7 293
300 4.9 342
310 5.1 393
320 5.6 449
330 6.6 515
340 7.8 593
350 8.4 677
360 7.3 750
370 9 840
380 10.5 945
390 8.7 1032
400 10.3 1135
410 11.5 1250
420 12.6 1376
430 12.9 1505
440 15 1655
450 16.2 1817
460 16.4 1981
470 15.1 2132
480 17.8 2310
490 16 2470
500 16.4 2634
510 14.6 2780
520 12.8 2908
530 11.8 3026
540 12.7 3153
550 12.3 3276
560 7.8 3354
570 4.4 3398
580 4.5 3443
590 3.9 3482
600 1.8 3500
610 1.2 3512
620 0.7 3519
630 0.5 3524
640 0 3524
650 0.1 3525
651 0 3525
