0 0.1 3158.87890625 0 3158.87890625 3158.87890625 0 0
10 0.1 3159.46484375 0.0 3159.46484375 3158.87890625 3158.87890625 1
20 0.1 3157.90625 0.0 3159.46484375 3157.90625 3159.171875 2
30 0.1 3155.2578125 0.0 3159.46484375 3155.2578125 3158.75 3
40 0.1 3152.48046875 0.0 3159.46484375 3152.48046875 3157.876953125 4
50 0.1 3149.625 0.0 3159.46484375 3149.625 3156.79765625 5
60 0.1 3147.5859375 0.0 3159.46484375 3147.5859375 3155.6022135416665 6
70 0.1 3145.80078125 0.0 3159.46484375 3145.80078125 3154.45703125 7
80 0.1 3144.73828125 0.0 3159.46484375 3144.73828125 3153.375 8
90 0.1 3142.46484375 0.0 3159.46484375 3142.46484375 3152.4153645833335 9
100 0.1 3140.66796875 0.0 3159.46484375 3140.66796875 3151.4203125 10
110 0.1 3138.16015625 0.0 3159.46484375 3138.16015625 3150.4428267045455 11
120 0.1 3136.59375 0.0 3159.46484375 3136.59375 3149.4192708333335 12
130 0.1 3135.94921875 0.0 3159.46484375 3135.94921875 3148.4326923076924 13
140 0.1 3132.91796875 0.0 3159.46484375 3132.91796875 3147.541015625 14
150 0.1 3132.09375 0.0 3159.46484375 3132.09375 3146.5661458333334 15
160 0.1 3128.60546875 0.0 3159.46484375 3128.60546875 3145.66162109375 16
170 0.1 3126.9296875 0.0 3159.46484375 3126.9296875 3144.658318014706 17
180 0.1 3124.30859375 0.0 3159.46484375 3124.30859375 3143.673394097222 18
190 0.1 3122.1953125 0.0 3159.46484375 3122.1953125 3142.6541940789475 19
200 0.1 3118.94140625 0.0 3159.46484375 3118.94140625 3141.63125 20
210 0.1 3114.890625 0.0 3159.46484375 3114.890625 3140.55078125 21
220 0.1 3110.734375 0.0 3159.46484375 3110.734375 3139.3844105113635 22
230 0.1 3104.80078125 0.0 3159.46484375 3104.80078125 3138.1387567934785 23
240 0.1 3102.72265625 0.0 3159.46484375 3102.72265625 3136.7496744791665 24
250 0.1 3099.16015625 0.0 3159.46484375 3099.16015625 3135.38859375 25
260 0.1 3095.8984375 0.0 3159.46484375 3095.8984375 3133.9951923076924 26
270 0.1 3091.87890625 0.0 3159.46484375 3091.87890625 3132.5842013888887 27
280 0.1 3088.140625 0.0 3159.46484375 3088.140625 3131.130440848214 28
290 0.1 3086.1640625 0.0 3159.46484375 3086.1640625 3129.6480334051726 29
300 0.1 3085.1171875 0.0 3159.46484375 3085.1171875 3128.1985677083335 30
310 0.1 3082.95703125 0.0 3159.46484375 3082.95703125 3126.8088457661293 31
320 0.1 3080.609375 0.0 3159.46484375 3080.609375 3125.4384765625 32
330 0.1 3078.83203125 0.0 3159.46484375 3078.83203125 3124.080018939394 33
340 0.1 3077.69140625 0.0 3159.46484375 3077.69140625 3122.749195772059 34
350 0.1 3077.1953125 0.0 3159.46484375 3077.1953125 3121.461830357143 35
360 0.1 3076.62890625 0.0 3159.46484375 3076.62890625 3120.2322048611113 36
370 0.1 3072.71875 0.0 3159.46484375 3072.71875 3119.0537373310813 37
380 0.1 3069.671875 0.0 3159.46484375 3069.671875 3117.8343955592104 38
390 0.1 3066.61328125 0.0 3159.46484375 3066.61328125 3116.5994591346152 39
400 0.1 3064.73828125 0.0 3159.46484375 3064.73828125 3115.3498046875 40
410 0.1 3062.35546875 0.0 3159.46484375 3062.35546875 3114.1153772865855 41
420 0.1 3059.98828125 0.0 3159.46484375 3059.98828125 3112.8829985119046 42
430 0.1 3055.69140625 0.0 3159.46484375 3055.69140625 3111.6528888081393 43
440 0.1 3052.44921875 0.0 3159.46484375 3052.44921875 3110.381036931818 44
450 0.1 3051.0546875 0.0 3159.46484375 3051.0546875 3109.0936631944446 45
460 0.1 3050.0 0.0 3159.46484375 3050.0 3107.8319463315215 46
470 0.1 3045.984375 0.0 3159.46484375 3045.984375 3106.601479388298 47
480 0.1 3044.57421875 0.0 3159.46484375 3044.57421875 3105.338623046875 48
490 0.1 3044.22265625 0.0 3159.46484375 3044.22265625 3104.0985331632655 49
500 0.1 3044.14453125 0.0 3159.46484375 3044.14453125 3102.901015625 50
510 0.1 3044.16015625 0.0 3159.46484375 3044.14453125 3101.748927696078 51
520 0.1 3043.98046875 0.0 3159.46484375 3043.98046875 3100.6414513221152 52
530 0.1 3044.08984375 0.0 3159.46484375 3043.98046875 3099.572376179245 53
540 0.1 3044.05859375 0.0 3159.46484375 3043.98046875 3098.544921875 54
550 0.1 3044.06640625 0.0 3159.46484375 3043.98046875 3097.554261363636 55
560 0.1 3044.1015625 0.0 3159.46484375 3043.98046875 3096.59912109375 56
570 0.1 3044.4375 0.0 3159.46484375 3043.98046875 3095.6781112938597 57
580 0.1 3044.78515625 0.0 3159.46484375 3043.98046875 3094.7946524784484 58
590 0.1 3045.40625 0.0 3159.46484375 3043.98046875 3093.947033898305 59
600 0.1 3074.57421875 0.0 3159.46484375 3043.98046875 3093.1380208333335 60
610 0.1 3074.921875 0.0 3159.46484375 3043.98046875 3092.8336962090166 61
620 0.1 3083.3203125 0.0 3159.46484375 3043.98046875 3092.5447958669356 62
630 0.1 3086.421875 0.0 3159.46484375 3043.98046875 3092.398375496032 63
640 0.1 3086.5234375 0.0 3159.46484375 3043.98046875 3092.3049926757813 64
650 0.1 3087.01953125 0.0 3159.46484375 3043.98046875 3092.216045673077 65
