0 0.1 0.078125 0 0.078125 0.078125 0 0
10 0.1 0.0703125 0.0 0.078125 0.0703125 0.078125 1
20 0.1 0.05859375 0.0 0.078125 0.05859375 0.07421875 2
30 0.1 0.05078125 0.0 0.078125 0.05078125 0.06901041666666667 3
40 0.1 0.0390625 0.0 0.078125 0.0390625 0.064453125 4
50 0.1 0.0390625 0.0 0.078125 0.0390625 0.059375 5
60 0.1 0.03125 0.0 0.078125 0.03125 0.055989583333333336 6
70 0.1 0.03125 0.0 0.078125 0.03125 0.052455357142857144 7
80 0.1 0.01953125 0.0 0.078125 0.01953125 0.0498046875 8
90 0.1 0.01953125 0.0 0.078125 0.01953125 0.046440972222222224 9
100 0.1 0.08984375 0.0 0.08984375 0.01953125 0.04375 10
110 0.1 0.078125 0.0 0.08984375 0.01953125 0.04794034090909091 11
120 0.1 0.05859375 0.0 0.08984375 0.01953125 0.050455729166666664 12
130 0.1 0.05078125 0.0 0.08984375 0.01953125 0.05108173076923077 13
140 0.1 0.05078125 0.0 0.08984375 0.01953125 0.051060267857142856 14
150 0.1 0.109375 0.0 0.109375 0.01953125 0.051041666666666666 15
160 0.1 0.1015625 0.0 0.109375 0.01953125 0.0546875 16
170 0.1 0.078125 0.0 0.109375 0.01953125 0.05744485294117647 17
180 0.1 0.0703125 0.0 0.109375 0.01953125 0.05859375 18
190 0.1 0.05859375 0.0 0.109375 0.01953125 0.05921052631578947 19
200 0.1 0.05078125 0.0 0.109375 0.01953125 0.0591796875 20
210 0.1 0.0390625 0.0 0.109375 0.01953125 0.058779761904761904 21
220 0.1 0.0390625 0.0 0.109375 0.01953125 0.05788352272727273 22
230 0.1 0.03125 0.0 0.109375 0.01953125 0.057065217391304345 23
240 0.1 0.03125 0.0 0.109375 0.01953125 0.055989583333333336 24
250 0.1 0.01953125 0.0 0.109375 0.01953125 0.055 25
260 0.1 0.08984375 0.0 0.109375 0.01953125 0.053635817307692304 26
270 0.1 0.078125 0.0 0.109375 0.01953125 0.05497685185185185 27
280 0.1 0.0703125 0.0 0.109375 0.01953125 0.05580357142857143 28
290 0.1 0.05859375 0.0 0.109375 0.01953125 0.05630387931034483 29
300 0.1 0.12890625 0.0 0.12890625 0.01953125 0.056380208333333334 30
310 0.1 0.109375 0.0 0.12890625 0.01953125 0.05871975806451613 31
320 0.1 0.08984375 0.0 0.12890625 0.01953125 0.060302734375 32
330 0.1 0.078125 0.0 0.12890625 0.01953125 0.061197916666666664 33
340 0.1 0.140625 0.0 0.140625 0.01953125 0.06169577205882353 34
350 0.1 0.26953125 0.0 0.26953125 0.01953125 0.06395089285714285 35
360 0.1 0.23046875 0.0 0.26953125 0.01953125 0.06966145833333333 36
370 0.1 0.3515625 0.0 0.3515625 0.01953125 0.07400760135135136 37
380 0.1 0.37109375 0.0 0.37109375 0.01953125 0.08131167763157894 38
390 0.1 0.3203125 0.0 0.37109375 0.01953125 0.08874198717948717 39
400 0.1 0.26953125 0.0 0.37109375 0.01953125 0.09453124999999998 40
410 0.1 0.30078125 0.0 0.37109375 0.01953125 0.0987995426829268 41
420 0.1 0.25 0.0 0.37109375 0.01953125 0.10360863095238093 42
430 0.1 0.2890625 0.0 0.37109375 0.01953125 0.10701308139534882 43
440 0.1 0.23828125 0.0 0.37109375 0.01953125 0.11115056818181816 44
450 0.1 0.28125 0.0 0.37109375 0.01953125 0.11397569444444443 45
460 0.1 0.23828125 0.0 0.37109375 0.01953125 0.11761209239130432 46
470 0.1 0.19921875 0.0 0.37109375 0.01953125 0.12017952127659573 47
480 0.1 0.25 0.0 0.37109375 0.01953125 0.12182617187499999 48
490 0.1 0.2109375 0.0 0.37109375 0.01953125 0.12444196428571427 49
500 0.1 0.1796875 0.0 0.37109375 0.01953125 0.126171875 50
510 0.1 0.1484375 0.0 0.37109375 0.01953125 0.12722120098039214 51
520 0.1 0.28125 0.0 0.37109375 0.01953125 0.12762920673076922 52
530 0.1 0.23828125 0.0 0.37109375 0.01953125 0.1305277122641509 53
540 0.1 0.19921875 0.0 0.37109375 0.01953125 0.1325231481481481 54
550 0.1 0.171875 0.0 0.37109375 0.01953125 0.13373579545454542 55
560 0.1 0.30078125 0.0 0.37109375 0.01953125 0.1344168526785714 56
570 0.1 0.25 0.0 0.37109375 0.01953125 0.13733552631578944 57
580 0.1 0.2109375 0.0 0.37109375 0.01953125 0.13927801724137928 58
590 0.1 0.1796875 0.0 0.37109375 0.01953125 0.14049258474576268 59
600 0.1 0.1484375 0.0 0.37109375 0.01953125 0.1411458333333333 60
610 0.1 0.12890625 0.0 0.37109375 0.01953125 0.141265368852459 61
620 0.1 0.109375 0.0 0.37109375 0.01953125 0.1410660282258064 62
630 0.1 0.08984375 0.0 0.37109375 0.01953125 0.140562996031746 63
640 0.1 0.078125 0.0 0.37109375 0.01953125 0.13977050781249997 64
650 0.1 0.0703125 0.0 0.37109375 0.01953125 0.13882211538461536 65
