30 0.5 5
40 0.9 14
50 1.1 25
60 1.3 38
70 0.8 46
80 0.5 51
90 1.1 62
100 0.7 69
110 2.1 90
120 1.2 102
130 1.6 118
140 1 128
150 0.7 135
160 2 155
170 1.5 170
180 1.3 183
190 1.5 198
200 1.2 210
210 1.1 221
220 0.5 226
230 0.9 235
240 1.3 248
250 3.4 282
260 2.5 307
270 5.4 361
280 5.4 415
290 6.6 481
300 6.9 550
310 8 630
320 8.1 711
330 9 801
340 9.8 899
350 11.3 1012
360 10.9 1121
370 15.5 1276
380 14.7 1423
390 14.7 1570
400 16.6 1736
410 17.9 1915
420 18.9 2104
430 23.2 2336
440 21.3 2549
450 25.2 2801
460 22.8 3029
470 24.3 3272
480 26.6 3538
490 25.1 3789
500 21.5 4004
510 19.4 4198
520 14.4 4342
530 11.4 4456
540 13.4 4590
550 11.8 4708
560 5.9 4767
570 3.7 4804
580 3.6 4840
590 3.6 4876
600 1.2 4888
610 0.7 4895
620 0.5 4900
630 0.3 4903
640 0 4903
650 0 4903
651 0 4903
