0 1.5 128.21803385416666 117.46585914318554 393.9912109375 10.016845703125 0 0
10 5.3 164.003335053066 398.0979132514469 1941.18408203125 8.875 128.21803385416666 15
20 10.8 242.6815095124422 488.9267575951027 3071.235107421875 8.447998046875 156.10951861213232 68
30 17.1 194.791593852796 435.1735830771369 4772.379150390625 1.665771484375 209.23324030095884 176
40 23.5 328.7286776928191 707.0256942174358 5474.177978515625 1.591796875 202.11646352102846 347
50 25.9 292.6681073163007 527.4297875984514 6523.541015625 0.64013671875 253.23995206118448 582
60 29.3 144.9111794741894 277.8483722037778 6523.541015625 0.64013671875 265.3825111706674 841
70 35.8 142.3618450484463 256.90064229998603 6523.541015625 0.5419921875 234.25543869529872 1134
80 31.8 233.5344668214427 438.6433765653536 6523.541015625 0.5419921875 212.20590349049095 1492
90 44.9 293.1260260431169 489.01308109057015 6523.541015625 0.5419921875 215.95313174421617 1810
100 45.6 304.2017019171465 386.2380946302617 6523.541015625 0.5419921875 231.29205584346647 2259
110 49.6 352.8230133056643 461.9126912531484 6523.541015625 0.5419921875 243.5376538580514 2715
120 52.8 186.04259144176137 271.2865794997011 6523.541015625 0.5419921875 260.41885544198664 3211
130 57.2 337.6621486423732 356.8496276759076 6523.541015625 0.5419921875 249.91586870967348 3739
140 53 547.3042452830186 596.3337086198813 6591.434814453125 0.5419921875 261.5583813799366 4311
150 45.2 1028.129774245542 604.086755843704 6591.434814453125 0.5419921875 292.8422706318749 4841
160 42.5 1584.2906002987127 857.8388248451867 6591.434814453125 0.5419921875 355.63273948382613 5293
170 49.2 1424.3078280813331 742.0359283854198 6591.434814453125 0.5419921875 446.95480853704873 5718
180 43.4 1916.9509159211188 981.1570221066223 7790.556884765625 0.5419921875 524.3876081531176 6210
190 47.8 2215.524556052235 1028.4450269526992 7790.556884765625 0.5419921875 615.352761008523 6644
200 42.2 2774.6362050133316 1124.8953303668293 7790.556884765625 0.5419921875 722.749857053299 7122
210 43.6 3310.687535837156 1462.012455389116 8592.927001953125 0.5419921875 837.5292895611375 7544
220 39.4 4124.918898219387 2036.9094036452075 10831.43603515625 0.5419921875 972.6542263250905 7980
230 48.1 4035.1260592962276 3008.5047930518126 11879.503173828125 0.5419921875 1120.9695213724217 8374
240 57.8 3308.783515692582 3325.1198332261893 11997.072021484375 0.5419921875 1279.2653197621848 8855
250 78.2 2966.944426787786 3696.9902387173324 13863.05615234375 0.5419921875 1403.6225250253851 9433
260 96.2 1987.4255208671725 3002.523701441421 13863.05615234375 0.5390625 1523.3012061000986 10215
270 116.6 1822.005194374464 3256.5229259641173 13863.05615234375 0.5390625 1563.2482035775902 11177
280 129.5 1798.8479275383083 3031.090633177072 13863.05615234375 0.5390625 1587.6920706495464 12343
290 136.5 1620.7616461338143 2714.950826035589 13863.05615234375 0.5390625 1607.742432481996 13638
300 138.2 1489.741859270418 2506.053146906553 13863.05615234375 0.5390625 1608.9269440220035 15003
310 157 1406.9830990931036 2380.2878294987945 13863.05615234375 0.5390625 1598.8742258574205 16385
320 163.2 1227.6254537245816 2341.978535396811 13863.05615234375 0.5390625 1582.0951075605685 17955
330 173.2 1306.4338824336028 2461.4065679261903 13863.05615234375 0.5390625 1552.5604940383173 19587
340 166.7 1255.474017550006 2354.060276728779 13863.05615234375 0.5390625 1532.5646550543422 21319
350 182.4 1153.9978471722534 2357.1405463784813 13863.05615234375 0.5390625 1512.4693756355773 22986
360 188.9 1081.2276570616502 2315.1718706962693 13863.05615234375 0.5390625 1486.1149996614902 24810
370 224.9 951.622662915288 2336.4641080563483 13863.05615234375 0.5390625 1457.4685263789293 26699
380 228.4 984.8599374640839 2319.768108831762 13863.05615234375 0.5390625 1418.1688391145335 28948
390 235.3 899.9654523895688 2148.54616568663 13863.05615234375 0.5390625 1386.4809058611515 31232
400 248.8 883.8055230536254 2153.8601266987134 13863.05615234375 0.5390625 1352.395127626266 33585
410 268.5 755.8613608589383 1998.5758988517093 13863.05615234375 0.5390625 1320.0759155791193 36073
420 286.9 790.8318538246946 2045.4770645287624 13863.05615234375 0.5390625 1280.9893765568868 38758
430 314.1 678.0854513173795 1804.9909928278257 13863.05615234375 0.531005859375 1247.206929281833 41627
440 310.2 721.9306076315422 1873.9531664656456 13863.05615234375 0.528076171875 1207.276385985587 44768
450 326.1 594.5520241885647 1756.684911289155 13863.05615234375 0.51416015625 1175.8257362163317 47870
460 317.3 694.0859429629643 1986.6521731386106 13863.05615234375 0.51416015625 1138.753635633074 51131
470 333.7 679.2270392948601 1870.4575239844241 13863.05615234375 0.51416015625 1112.771560853274 54304
480 320.9 628.1113131372438 1773.208050794966 13863.05615234375 0.5029296875 1087.6724461876638 57641
490 262.1 811.6086953929794 2166.146008464091 13863.05615234375 0.5029296875 1063.4369215211266 60850
500 216 1115.3391973424837 2289.2204245799376 13863.05615234375 0.5029296875 1053.0378135713247 63471
510 169.3 1257.8139427802448 1912.760615315753 13863.05615234375 0.5029296875 1055.0882316503682 65631
520 129.4 1733.645448003709 1806.7928559261838 13863.05615234375 0.5029296875 1060.1861852619015 67324
530 100.2 1969.2238238367 784.7740615243109 13863.05615234375 0.5029296875 1072.8862972731508 68618
540 92.8 1515.499284152327 532.2982321069295 13863.05615234375 0.5029296875 1085.786759807145 69620
550 87.3 534.379699357459 700.3170446187955 13863.05615234375 0.5029296875 1091.4392690574757 70548
560 53.9 20.26446318051369 60.39830549471494 13863.05615234375 0.5029296875 1084.6301652315965 71421
570 44.7 20.226599093784973 29.29926959719753 13863.05615234375 0.5029296875 1076.657776218179 71960
580 37.3 17.95689576177111 14.565220147614491 13863.05615234375 0.5029296875 1070.1359656725879 72407
590 19.5 12.275901442307692 6.731532255967414 13863.05615234375 0.5029296875 1064.7435117968425 72780
600 13.4 15.522787065648325 11.117642402532194 13863.05615234375 0.5029296875 1061.9311625810956 72975
610 7.2 13.511457655164929 8.620182857715024 13863.05615234375 0.5029296875 1060.0132219401476 73109
620 3.9 14.512582632211538 6.237591377503139 13863.05615234375 0.5029296875 1058.9836086931502 73181
630 0.6 26.908121744791668 36.507910836190725 13863.05615234375 0.5029296875 1058.4272802307578 73220
640 1.1 13.72314453125 6.982394180582445 13863.05615234375 0.5029296875 1058.3427595010862 73226
650 0.3 9.765218098958334 0.20398435822111052 13863.05615234375 0.5029296875 1058.1858604505424 73237
651 0 0 0 13863.05615234375 0.5029296875 1058.1429158584199 73240
