10 0.1 84 0 84 84 0 0
20 0.1 334.0 0.0 334 84 84.0 1
30 0.1 664.0 0.0 664 84 209.0 2
40 0.1 1199.0 0.0 1199 84 360.6666666666667 3
50 0.1 1593.0 0.0 1593 84 570.25 4
60 0.1 1982.0 0.0 1982 84 774.8 5
70 0.1 1778.0 0.0 1982 84 976.0 6
80 0.1 1871.0 0.0 1982 84 1090.5714285714287 7
90 0.1 2163.0 0.0 2163 84 1188.125 8
100 0.1 2614.0 0.0 2614 84 1296.4444444444443 9
110 0.1 2729.0 0.0 2729 84 1428.2 10
120 0.1 3112.0 0.0 3112 84 1546.4545454545455 11
130 0.1 3095.0 0.0 3112 84 1676.9166666666667 12
140 0.1 3.5e3 0.0 3500 84 1786.0 13
150 0.1 3102.0 0.0 3500 84 1908.4285714285713 14
160 0.1 2835.0 0.0 3500 84 1988.0 15
170 0.1 3131.0 0.0 3500 84 2040.9375 16
180 0.1 2978.0 0.0 3500 84 2105.0588235294117 17
190 0.1 2997.0 0.0 3500 84 2153.5555555555557 18
200 0.1 3124.0 0.0 3500 84 2197.9473684210525 19
210 0.1 2894.0 0.0 3500 84 2244.25 20
220 0.1 2746.0 0.0 3500 84 2275.190476190476 21
230 0.1 2821.0 0.0 3500 84 2296.590909090909 22
240 0.1 2894.0 0.0 3500 84 2319.391304347826 23
250 0.1 2932.0 0.0 3500 84 2343.3333333333335 24
260 0.1 3406.0 0.0 3500 84 2366.88 25
270 0.1 3483.0 0.0 3500 84 2406.846153846154 26
280 0.1 3667.0 0.0 3667 84 2446.703703703704 27
290 0.1 4216.0 0.0 4216 84 2490.285714285714 28
300 0.1 4168.0 0.0 4216 84 2549.793103448276 29
310 0.1 4628.0 0.0 4628 84 2603.733333333333 30
320 0.1 4672.0 0.0 4672 84 2669.032258064516 31
330 0.1 4774.0 0.0 4774 84 2731.625 32
340 0.1 4949.0 0.0 4949 84 2793.5151515151515 33
350 0.1 4906.0 0.0 4949 84 2856.9117647058824 34
360 0.1 4813.0 0.0 4949 84 2915.457142857143 35
370 0.1 5359.0 0.0 5359 84 2968.1666666666665 36
380 0.1 5628.0 0.0 5628 84 3032.7837837837837 37
390 0.1 5835.0 0.0 5835 84 3101.0789473684213 38
400 0.1 5681.0 0.0 5835 84 3171.1794871794878 39
410 0.1 6244.0 0.0 6244 84 3233.9250000000006 40
420 0.1 6469.0 0.0 6469 84 3307.3414634146347 41
430 0.1 6973.0 0.0 6973 84 3382.619047619048 42
440 0.1 7180.0 0.0 7180 84 3466.116279069768 43
450 0.1 7230.0 0.0 7230 84 3550.522727272728 44
460 0.1 7504.0 0.0 7504 84 3632.2888888888897 45
470 0.1 7377.0 0.0 7504 84 3716.456521739131 46
480 0.1 7371.0 0.0 7504 84 3794.3404255319156 47
490 0.1 5896.0 0.0 7504 84 3868.8541666666674 48
500 0.1 5392.0 0.0 7504 84 3910.224489795919 49
510 0.1 5286.0 0.0 7504 84 3939.8600000000006 50
520 0.1 5061.0 0.0 7504 84 3966.254901960785 51
530 0.1 5555.0 0.0 7504 84 3987.307692307693 52
540 0.1 5619.0 0.0 7504 84 4016.886792452831 53
550 0.1 4856.0 0.0 7504 84 4046.555555555556 54
560 0.1 2458.0 0.0 7504 84 4061.272727272728 55
570 0.1 1766.0 0.0 7504 84 4032.642857142858 56
580 0.1 1456.0 0.0 7504 84 3992.8771929824566 57
590 0.1 837.0 0.0 7504 84 3949.1379310344832 58
600 0.1 501.0 0.0 7504 84 3896.389830508475 59
610 0.1 266.0 0.0 7504 84 3839.8000000000006 60
620 0.1 135.0 0.0 7504 84 3781.213114754099 61
630 0.1 57.0 0.0 7504 57 3722.403225806452 62
640 0.1 56.0 0.0 7504 56 3664.2222222222226 63
650 0.1 10.0 0.0 7504 10 3607.8437500000005 64
