0 1.5 128.21803385416666 117.46585914318554 393.9912109375 10.016845703125 0 0
10 5.8 149.85795645878233 379.88033469512084 1941.18408203125 8.875 128.21803385416666 15
20 12.9 203.16380132630815 440.97765951213864 3058.89697265625 8.447998046875 145.41139701947773 73
30 20.1 165.70861026896767 380.4599529662216 4636.927001953125 1.665771484375 182.29288293819616 202
40 28.6 270.0974761322661 635.6118543202209 5397.0478515625 1.591796875 174.02132262426335 403
50 30.2 250.98829499301522 463.21851767184836 6523.541015625 0.64013671875 213.90199011815128 689
60 32.5 130.6368772536058 253.2833045222515 6523.541015625 0.64013671875 225.2037702111976 991
70 39.9 127.72626145441723 218.61353022477684 6523.541015625 0.5419921875 201.8494843364124 1316
80 36.4 208.8017645196602 351.1061204786742 6523.541015625 0.5419921875 184.60448962509105 1715
90 48.2 269.43623320393607 394.76181058478244 6523.541015625 0.5419921875 188.8410495392917 2079
100 49.7 284.1022865709882 325.4258327449453 6523.541015625 0.5419921875 204.00968621494908 2561
110 54.8 317.82539267435595 361.9116893425194 6523.541015625 0.5419921875 217.02669811061665 3058
120 56.8 170.0201244085607 227.09755429099994 6523.541015625 0.5419921875 232.34496894282105 3606
130 60.5 319.2410006940858 301.8563100954413 6523.541015625 0.5419921875 223.86377304069842 4174
140 58.1 508.21466095968685 496.3588946378673 6591.434814453125 0.5419921875 235.93810296961647 4779
150 51.7 907.3014097822473 357.3693450086516 6591.434814453125 0.5419921875 265.45166270697297 5360
160 48.5 1403.0889864892074 513.6553545639691 6591.434814453125 0.5419921875 321.91521881347575 5877
170 54.9 1280.3316305747674 424.56428650869094 6591.434814453125 0.5419921875 404.3372994992239 6362
180 49.4 1676.2321095331476 594.8244358005014 7790.556884765625 0.5419921875 473.9250419041542 6911
190 53 2026.6897110849047 578.1726359121518 7790.556884765625 0.5419921875 554.1329678202545 7405
200 47.9 2507.598074194286 531.1462363892553 7790.556884765625 0.5419921875 652.4889947805904 7935
210 49.1 2958.2049478503686 785.580241743031 7790.556884765625 0.5419921875 758.0983659523469 8414
220 46 3730.993194314708 1349.1707401196895 7790.556884765625 0.5419921875 879.4068815853541 8905
230 56.6 3432.000701365116 2198.70202306628 7790.556884765625 0.5419921875 1019.4741217194173 9365
240 68 2848.1392588895915 2604.7882589696064 7790.556884765625 0.5419921875 1156.9718605251232 9931
250 93.4 2443.3488651904618 2841.712574151376 10924.009033203125 0.5419921875 1265.3493773367186 10611
260 112.3 1726.5671734559362 2384.3324046403227 10924.009033203125 0.5390625 1360.6505052410405 11545
270 135.9 1615.555652744723 2683.792337877847 10924.009033203125 0.5390625 1393.088492169153 12668
280 150.3 1470.413116637818 2307.8027656281743 10924.009033203125 0.5390625 1414.6421295272621 14027
290 156.9 1369.6555107316071 2232.994942388818 10924.009033203125 0.5390625 1420.0396693615935 15530
300 159.4 1323.5314840319154 2140.7562200359775 10924.009033203125 0.5390625 1415.4164314593506 17099
310 177.7 1233.7393108447354 2015.034461213631 10924.009033203125 0.5390625 1407.5811665901842 18693
320 184.8 1114.645259444334 2060.6509253541794 10924.009033203125 0.5390625 1392.4899610376847 20470
330 199 1098.1673918910956 1996.0521512686205 10924.009033203125 0.5390625 1369.4835532706575 22318
340 194.6 1099.1740341264936 2027.11621336506 10924.009033203125 0.5390625 1347.2719702056038 24308
350 216.4 955.1243975457768 1931.7755284312866 10924.009033203125 0.5390625 1328.882445424239 26254
360 222.7 944.4818340519051 1963.901243210194 10924.009033203125 0.5390625 1300.4211738495683 28418
370 263.6 809.3617248998246 1940.1447826864237 10924.009033203125 0.5390625 1274.5547385508444 30645
380 268.9 828.2049000812053 1921.1996761973362 10924.009033203125 0.5390625 1237.70942789359 33281
390 281.8 742.9542159221971 1812.6165181890356 12993.60400390625 0.5390625 1207.0962036709736 35970
400 296.3 736.3842542727498 1819.329731067691 12993.60400390625 0.5390625 1173.3756684158418 38788
410 313.2 664.2954143655709 1722.253548513585 12993.60400390625 0.5390625 1142.3631044028605 41751
420 339.6 657.8581880854775 1704.9980534159347 12993.60400390625 0.5390625 1109.0028565318005 44883
430 362.9 589.4236055123442 1577.400494209452 12993.60400390625 0.531005859375 1077.2688252957826 48279
440 360.4 613.3804647803457 1597.264345032454 12993.60400390625 0.528076171875 1043.162516006384 51908
450 380.7 524.3483498735861 1536.2149267576303 12993.60400390625 0.51416015625 1015.2598190648463 55512
460 368.9 576.0771185899997 1646.950743556398 12993.60400390625 0.51416015625 983.7538940962675 59319
470 390.5 586.3896177401783 1625.6017367944992 12993.60400390625 0.51416015625 959.8851849665915 63008
480 383.5 526.203627032064 1504.9455760576443 12993.60400390625 0.5029296875 938.0882218948544 66913
490 301.5 710.6021147517636 1883.1629410269197 12993.60400390625 0.5029296875 915.7614081149766 70748
500 239.9 992.3917984829288 1910.6215453319487 13510.2138671875 0.5029296875 907.3756961795877 73763
510 179.6 1172.6984102041 1670.4393598932252 13510.2138671875 0.5029296875 910.053588428028 76162
520 133.4 1654.8938103580047 1636.9098244327565 13510.2138671875 0.5029296875 916.1044119472284 77958
530 101.7 1935.9113361429918 689.0260818161262 13510.2138671875 0.5029296875 928.5337245825507 79292
540 93.6 1501.5370605990415 485.1319568402167 13510.2138671875 0.5029296875 941.2907385032441 80309
550 87.4 531.9347831673701 696.5572330560929 13510.2138671875 0.5029296875 947.745173329777 81245
560 53.9 20.26446318051369 60.39830549471494 13510.2138671875 0.5029296875 943.3196654570321 82119
570 44.7 20.226599093784973 29.29926959719753 13510.2138671875 0.5029296875 937.3005656236579 82658
580 37.3 17.95689576177111 14.565220147614491 13510.2138671875 0.5029296875 932.3678652682178 83105
590 19.5 12.275901442307692 6.731532255967414 13510.2138671875 0.5029296875 928.2820547357911 83478
600 13.4 15.522787065648325 11.117642402532194 13510.2138671875 0.5029296875 926.147301590903 83673
610 7.2 13.511457655164929 8.620182857715024 13510.2138671875 0.5029296875 924.6912933225437 83807
620 3.9 14.512582632211538 6.237591377503139 13510.2138671875 0.5029296875 923.9091553837503 83879
630 0.6 26.908121744791668 36.507910836190725 13510.2138671875 0.5029296875 923.4865229766707 83918
640 1.1 13.72314453125 6.982394180582445 13510.2138671875 0.5029296875 923.422423667684 83924
650 0.3 9.765218098958334 0.20398435822111052 13510.2138671875 0.5029296875 923.3032041279153 83935
651 0 0 0 13510.2138671875 0.5029296875 923.2705536721254 83938
