10 0.1 84 0 84 84 0 0
20 0.1 280.0 0.0 280 84 84.0 1
30 0.1 540.0 0.0 540 84 182.0 2
40 0.1 902.0 0.0 902 84 301.3333333333333 3
50 0.1 1154.0 0.0 1154 84 451.5 4
60 0.1 1384.0 0.0 1384 84 592.0 5
70 0.1 1339.0 0.0 1384 84 724.0 6
80 0.1 1529.0 0.0 1529 84 811.8571428571429 7
90 0.1 1669.0 0.0 1669 84 901.5 8
100 0.1 2081.0 0.0 2081 84 986.7777777777778 9
110 0.1 2128.0 0.0 2128 84 1096.2 10
120 0.1 2288.0 0.0 2288 84 1190.0 11
130 0.1 2326.0 0.0 2326 84 1281.5 12
140 0.1 2630.0 0.0 2630 84 1361.8461538461538 13
150 0.1 2351.0 0.0 2630 84 1452.4285714285713 14
160 0.1 2179.0 0.0 2630 84 1512.3333333333333 15
170 0.1 2405.0 0.0 2630 84 1554.0 16
180 0.1 2205.0 0.0 2630 84 1604.0588235294117 17
190 0.1 2320.0 0.0 2630 84 1637.4444444444443 18
200 0.1 2435.0 0.0 2630 84 1673.3684210526317 19
210 0.1 2245.0 0.0 2630 84 1711.45 20
220 0.1 2155.0 0.0 2630 84 1736.857142857143 21
230 0.1 2160.0 0.0 2630 84 1755.8636363636363 22
240 0.1 2377.0 0.0 2630 84 1773.4347826086957 23
250 0.1 2616.0 0.0 2630 84 1798.5833333333333 24
260 0.1 3118.0 0.0 3118 84 1831.28 25
270 0.1 3462.0 0.0 3462 84 1880.7692307692307 26
280 0.1 3669.0 0.0 3669 84 1939.3333333333333 27
290 0.1 4190.0 0.0 4190 84 2001.107142857143 28
300 0.1 4244.0 0.0 4244 84 2076.5862068965516 29
310 0.1 4787.0 0.0 4787 84 2148.8333333333335 30
320 0.1 4917.0 0.0 4917 84 2233.935483870968 31
330 0.1 5039.0 0.0 5039 84 2317.78125 32
340 0.1 5308.0 0.0 5308 84 2400.242424242424 33
350 0.1 5504.0 0.0 5504 84 2485.764705882353 34
360 0.1 5501.0 0.0 5504 84 2572.0 35
370 0.1 6271.0 0.0 6271 84 2653.3611111111113 36
380 0.1 6761.0 0.0 6761 84 2751.135135135135 37
390 0.1 7041.0 0.0 7041 84 2856.657894736842 38
400 0.1 7007.0 0.0 7041 84 2963.948717948718 39
410 0.1 7625.0 0.0 7625 84 3065.025 40
420 0.1 7888.0 0.0 7888 84 3176.243902439024 41
430 0.1 8612.0 0.0 8612 84 3288.4285714285716 42
440 0.1 8801.0 0.0 8801 84 3412.232558139535 43
450 0.1 8927.0 0.0 8927 84 3534.7045454545455 44
460 0.1 9383.0 0.0 9383 84 3654.5333333333333 45
470 0.1 9361.0 0.0 9383 84 3779.0652173913045 46
480 0.1 9420.0 0.0 9420 84 3897.8297872340427 47
490 0.1 7231.0 0.0 9420 84 4012.875 48
500 0.1 6136.0 0.0 9420 84 4078.5510204081634 49
510 0.1 5277.0 0.0 9420 84 4119.7 50
520 0.1 4593.0 0.0 9420 84 4142.392156862745 51
530 0.1 4469.0 0.0 9420 84 4151.0576923076915 52
540 0.1 4610.0 0.0 9420 84 4157.056603773583 53
550 0.1 4038.0 0.0 9420 84 4165.4444444444425 54
560 0.1 2419.0 0.0 9420 84 4163.127272727271 55
570 0.1 1849.0 0.0 9420 84 4131.98214285714 56
580 0.1 1491.0 0.0 9420 84 4091.929824561401 57
590 0.1 953.0 0.0 9420 84 4047.0862068965494 58
600 0.1 526.0 0.0 9420 84 3994.6440677966075 59
610 0.1 298.0 0.0 9420 84 3936.8333333333308 60
620 0.1 145.0 0.0 9420 84 3877.18032786885 61
630 0.1 66.0 0.0 9420 66 3816.9838709677397 62
640 0.1 47.0 0.0 9420 47 3757.444444444442 63
650 0.1 13.0 0.0 9420 13 3699.4687499999977 64
