30 0.1 23013.958984375 0 23013.958984375 23013.958984375 0 0
40 0.2 31129.931030273438 5473.9559326171875 36603.886962890625 23013.958984375 23013.958984375 1
50 0.3 35821.950032552086 11181.484598947076 50566.922119140625 23013.958984375 28424.607014973957 3
60 0.8 41226.0807800293 13142.775661992602 62737.77197265625 17665.927978515625 32123.27852376302 6
70 0.3 43991.25577799479 7767.030882186512 62737.77197265625 17665.927978515625 37324.87981305803 14
80 0.4 61242.846252441406 10404.990467294121 79108.34790039063 17665.927978515625 38501.29910098805 17
90 0.7 45621.04547991072 20138.770977763248 79108.34790039063 17665.927978515625 42833.022367931546 21
100 0.7 69345.37615094866 21750.24341548032 101785.27001953125 17665.927978515625 43530.02814592634 28
110 1.2 71466.7328491211 25879.997977717165 104047.708984375 17665.927978515625 48693.097746930805 35
120 0.9 49451.243055555555 16592.238752108522 104047.708984375 17665.927978515625 54507.64287940492 47
130 1.4 71428.46794782366 25653.50619208362 106375.01708984375 17665.927978515625 53695.007193429126 56
140 1.1 76573.58231977983 23942.525102898628 110303.51513671875 17665.927978515625 57241.699344308036 70
150 0.7 83791.69283621652 24429.712215764426 117770.17407226563 17665.927978515625 59867.01678542149 81
160 1.1 83132.93676757813 19181.369838782994 117770.17407226563 17665.927978515625 61770.11601673473 88
170 0.9 79045.99709743923 14986.296850193341 117770.17407226563 17665.927978515625 64143.76276682844 99
180 0.4 75905.38928222656 25662.930142183453 117770.17407226563 17665.927978515625 65385.61562771267 108
190 1 89712.20886230469 22256.283679515167 117770.17407226563 17665.927978515625 65761.3218296596 112
200 0.8 86430.36636352539 18030.35292362529 117770.17407226563 17665.927978515625 67724.50929135182 122
210 1 108214.85107421875 20775.708585428347 137921.59594726563 17665.927978515625 68875.63895733173 130
220 0.3 87794.61100260417 42680.588488614216 137921.59594726563 17665.927978515625 71685.58267996652 140
230 1.3 93706.55859375 31097.626280391338 137921.59594726563 17665.927978515625 72023.53432309878 143
240 0.8 57364.695220947266 38872.015598479215 137921.59594726563 17665.927978515625 73830.45301231972 156
250 1.8 86622.23512098525 53561.60091245558 170900.81396484375 15617.114013671875 73027.2453151796 164
260 2.3 73888.31537661346 46203.58754826018 170900.81396484375 15617.114013671875 74371.80474652302 182
270 2.3 96399.30399753737 46138.47871037352 172092.47802734375 15617.114013671875 74317.55959770389 205
280 2.8 84184.12606375558 42243.08538627621 172092.47802734375 15617.114013671875 76545.10398891516 228
290 3.7 107886.73962072424 39275.58533125144 177262.09790039063 15617.114013671875 77380.62202835083 256
300 4.9 92701.20120675222 46237.164529026064 177262.09790039063 15617.114013671875 81232.93039325805 293
310 5.1 80767.5168839997 47012.747981175424 182927.671875 15617.114013671875 82876.04521741364 342
320 5.6 81644.89107404437 42454.997547290564 185986.080078125 15617.114013671875 82602.41940315382 393
330 6.6 89418.41711425781 48390.69924720403 239213.5859375 15617.114013671875 82482.99493448983 449
340 7.8 89744.8909473908 50769.36776077638 271813.7741699219 15617.114013671875 83371.80632063486 515
350 8.4 85677.1959780738 43931.051386962725 271813.7741699219 15617.114013671875 84210.08726648135 593
360 7.3 90532.39889902613 53283.69774699428 278072.64306640625 15617.114013671875 84392.12143453713 677
370 9 86799.40202365452 47695.777090639785 278072.64306640625 15617.114013671875 84989.77510774738 750
380 10.5 70183.05975399929 37758.58206049621 278072.64306640625 13001.511962890625 85183.66370588029 840
390 8.7 88574.120975889 48335.412936651 278072.64306640625 13001.511962890625 83516.92993344906 945
400 10.3 71959.84803786787 35584.469534860786 278072.64306640625 13001.511962890625 83943.26289923614 1032
410 11.5 69514.74075662365 32397.242397788257 278072.64306640625 13001.511962890625 82855.78119816043 1135
420 12.6 71482.1220489986 37569.785985381626 278072.64306640625 13001.511962890625 81628.40547753905 1250
430 12.9 69036.98605370337 31345.983778504728 278072.64306640625 13001.511962890625 80699.3126635884 1376
440 15 72342.05120605466 36077.84657085279 278072.64306640625 13001.511962890625 79699.68466845539 1505
450 16.2 73045.47176558884 32947.772467950956 278072.64306640625 13001.511962890625 79032.82967186318 1655
460 16.4 71003.99415402292 33839.81287829385 278072.64306640625 13001.511962890625 78499.0090990418 1817
470 15.1 64175.80669398026 26058.728292134987 278072.64306640625 13001.511962890625 77878.52325806094 1981
480 17.8 73944.55398113812 32124.975299784797 278072.64306640625 13001.511962890625 76908.02128752801 2132
490 16 67681.52919616694 30310.355926886103 278072.64306640625 13001.511962890625 76679.66752971962 2310
500 16.4 68630.13464950936 26362.921712945656 278072.64306640625 13001.511962890625 76096.79217208058 2470
510 14.6 73155.74399848835 30389.724391650063 278072.64306640625 13001.511962890625 75631.89777811638 2634
520 12.8 79513.64044570924 31162.951695086173 278072.64306640625 13001.511962890625 75501.85516954599 2780
530 11.8 89134.72123485501 26103.84478363122 278072.64306640625 13001.511962890625 75678.43994098647 2908
540 12.7 90652.36306402252 23014.719680271406 278072.64306640625 13001.511962890625 76203.17265502365 3026
550 12.3 95905.16558292048 22405.96158299484 278072.64306640625 13001.511962890625 76785.17302988659 3153
560 7.8 104156.17774063502 21320.84366502982 278072.64306640625 13001.511962890625 77503.04820815985 3276
570 4.4 114243.89867609198 16339.545583857314 278072.64306640625 13001.511962890625 78122.8884298453 3354
580 4.5 120011.26286892362 19629.583706402653 278072.64306640625 13001.511962890625 78590.61192920811 3398
590 3.9 128646.49458508614 14836.315863675984 278072.64306640625 13001.511962890625 79131.97971668624 3443
600 1.8 140808.9860297309 12214.796820052163 278072.64306640625 13001.511962890625 79686.56503543053 3482
610 1.2 146441.83428955078 12603.000030564257 278072.64306640625 13001.511962890625 80000.90891482978 3500
620 0.7 153600.33775111608 12790.162319063025 278072.64306640625 13001.511962890625 80227.9280220327 3512
630 0.5 163471.25419921876 8155.600463542092 278072.64306640625 13001.511962890625 80373.88052788765 3519
640 0 0 0 278072.64306640625 13001.511962890625 80491.78259041792 3524
650 0.1 215468.70703125 0.0 278072.64306640625 13001.511962890625 80491.78259041792 3524
651 0 0 0 278072.64306640625 13001.511962890625 80530.07391650042 3525
