0 6.4421875 6.4421875
10 30.75703125 37.19921875
20 71.021875 108.22109375
30 118.47109375 226.6921875
40 155.23671875 381.92890625
50 175.07578125 557.0046875
60 180.2703125 737.275
70 220.65 957.925
80 213.44296875 1171.36796875
90 266.84609375 1438.2140625
100 281.790625 1720.0046875
110 302.1046875 2022.109375
120 316.146875 2338.25625
130 337.28671875 2675.54296875
140 341.76171875 3017.3046875
150 293.95 3311.2546875
160 282.6328125 3593.8875
170 319.3140625 3913.2015625
180 287.34765625 4200.54921875
190 301.8734375 4502.42265625
200 273.5984375 4776.02109375
210 283.6921875 5059.71328125
220 269.67578125 5329.3890625
230 311.8234375 5641.2125
240 368.46015625 6009.67265625
250 487.3484375 6497.02109375
260 577.6765625 7074.69765625
270 701.3578125 7776.05546875
280 751.13359375 8527.1890625
290 782.92265625 9310.11171875
300 780.93125 10091.04296875
310 861.37890625 10952.421875
320 865.3234375 11817.7453125
330 924.8765625 12742.621875
340 903.7171875 13646.3390625
350 979.190625 14625.5296875
360 1017.96484375 15643.49453125
370 1195.54375 16839.03828125
380 1197.065625 18036.10390625
390 1247.9078125 19284.01171875
400 1297.21484375 20581.2265625
410 1353.28671875 21934.51328125
420 1492.9421875 23427.45546875
430 1551.1546875 24978.61015625
440 1524.2890625 26502.89921875
450 1585.528125 28088.42734375
460 1554.14140625 29642.56875
470 1631.11875 31273.6875
480 1631.59375 32905.28125
490 1342.84140625 34248.12265625
500 1073.784375 35321.90703125
510 799.4484375 36121.35546875
520 584.58828125 36705.94375
530 435.32421875 37141.26796875
540 389.4875 37530.75546875
550 357.35390625 37888.109375
560 268.1984375 38156.3078125
570 230.31953125 38386.62734375
580 195.90078125 38582.528125
590 102 38684.528125
600 73.66328125 38758.19140625
610 39.621875 38797.81328125
620 21.6546875 38819.46796875
630 3.2640625 38822.73203125
640 6.29609375 38829.028125
650 1.72734375 38830.75546875
651 0 38830.75546875
