0 41.50625 41.50625
10 181.1890625 222.6953125
20 427.96796875 650.66328125
30 668.4390625 1319.10234375
40 1104.86640625 2423.96875
50 1138.2640625 3562.2328125
60 1192.62890625 4754.86171875
70 1282.81484375 6037.6765625
80 1170.78125 7208.4578125
90 1588.371875 8796.8296875
100 1549.709375 10346.5390625
110 1761.83359375 12108.37265625
120 1749.85078125 13858.2234375
130 2046.72578125 15904.94921875
140 1782.5609375 17687.51015625
150 1646.478125 19333.98828125
160 1569.13671875 20903.125
170 1749.91171875 22653.03671875
180 1674.92109375 24327.9578125
190 1720.4921875 26048.45
200 1574.2640625 27622.7140625
210 1597.3140625 29220.028125
220 1387.1703125 30607.1984375
230 1421.07421875 32028.27265625
240 1336.93046875 33365.203125
250 1579.15625 34944.359375
260 1556.2859375 36500.6453125
270 1539.0671875 38039.7125
280 1861.05078125 39900.76328125
290 1861.91015625 41762.6734375
300 1872.37578125 43635.04921875
310 1998.384375 45633.43359375
320 1978.103125 47611.53671875
330 2059.5359375 49671.07265625
340 1990.23203125 51661.3046875
350 1945.96015625 53607.26484375
360 2036.35234375 55643.6171875
370 2168.69921875 57812.31640625
380 2120.265625 59932.58203125
390 2251.5734375 62184.15546875
400 2212.08046875 64396.2359375
410 2290.58671875 66686.82265625
420 2603.25546875 69290.078125
430 2596.08359375 71886.16171875
440 2725.3765625 74611.53828125
450 2570.7375 77182.27578125
460 2587.40078125 79769.6765625
470 2719.67578125 82489.35234375
480 2589.68671875 85079.0390625
490 2159.89609375 87238.93515625
500 2383.88515625 89622.8203125
510 2360.31484375 91983.13515625
520 2600.97890625 94584.1140625
530 3074.66640625 97658.78046875
540 3005.82265625 100664.603125
550 2778.5625 103443.165625
560 1448.9828125 104892.1484375
570 1169.17265625 106061.32109375
580 1020.67734375 107081.9984375
590 489.80078125 107571.79921875
600 372.9875 107944.78671875
610 127.73984375 108072.5265625
620 110.3671875 108182.89375
630 9.428125 108192.321875
640 40.08984375 108232.41171875
650 0.01875 108232.43046875
651 0 108232.43046875
