0 7 7
10 14 14
20 24 24
30 39 39
40 46 46
50 47 47
60 53 53
70 67 67
80 77 77
90 89 90
100 103 106
110 98 106
120 106 106
130 119 120
140 129 131
150 147 147
160 151 152
170 157 160
180 179 179
190 201 201
200 229 229
210 257 257
220 290 290
230 313 313
240 349 349
250 392 392
260 433 433
270 461 461
280 502 505
290 528 528
300 570 570
310 604 607
320 647 648
330 688 690
340 703 705
350 740 742
360 778 780
370 849 849
380 897 900
390 968 968
400 1013 1013
410 1042 1048
420 1088 1089
430 1146 1147
440 1182 1183
450 1216 1217
460 1253 1253
470 1301 1302
480 1215 1322
490 1055 1322
500 891 1322
510 745 1322
520 617 1322
530 499 1322
540 372 1322
550 249 1322
560 171 1322
570 127 1322
580 82 1322
590 43 1322
600 25 1322
610 13 1322
620 6 1322
630 1 1322
640 1 1322
650 0 1322
651 0 1322
