0 0.7 7
10 0.7 14
20 1 24
30 1.6 40
40 0.9 49
50 0.4 53
60 1.4 67
70 1.7 84
80 1.4 98
90 1.9 117
100 2.1 138
110 0.7 145
120 1.7 162
130 2.7 189
140 2.1 210
150 2.5 235
160 1.5 250
170 1.5 265
180 2.6 291
190 3.2 323
200 3.6 359
210 3.8 397
220 3.6 433
230 3.6 469
240 4.4 513
250 6.1 574
260 6.4 638
270 5.1 689
280 6.9 758
290 6.3 821
300 9.1 912
310 8.5 997
320 9.9 1096
330 10.7 1203
340 9.3 1296
350 12.1 1417
360 11.1 1528
370 16.1 1689
380 15.3 1842
390 15.8 2000
400 14.8 2148
410 14.4 2292
420 17.2 2464
430 18.7 2651
440 18.6 2837
450 19.6 3033
460 20.1 3234
470 19.9 3433
480 9.2 3525
490 0 3525
500 0 3525
510 0 3525
520 0 3525
530 0 3525
540 0 3525
550 0 3525
560 0 3525
570 0 3525
580 0 3525
590 0 3525
600 0 3525
610 0 3525
620 0 3525
630 0 3525
640 0 3525
650 0 3525
651 0 3525
