0 1.7 17
10 7.7 94
20 16.5 259
30 18.1 440
40 18.2 622
50 28.6 908
60 33.5 1243
70 37.1 1614
80 34.1 1955
90 38.5 2340
100 54.7 2887
110 41.4 3301
120 49.1 3792
130 55.6 4348
140 61.1 4959
150 60.2 5561
160 69.3 6254
170 62.6 6880
180 63.1 7511
190 82.1 8332
200 89.2 9224
210 96.3 10187
220 95.8 11145
230 114 12285
240 112.3 13408
250 128.9 14697
260 142.8 16125
270 152.7 17652
280 163.6 19288
290 173.7 21025
300 178.4 22809
310 183.4 24643
320 171.4 26357
330 171 28067
340 174.4 29811
350 170.8 31519
360 165.1 33170
370 164.9 34819
380 176.6 36585
390 149.1 38076
400 152 39596
410 148.4 41080
420 133.4 42414
430 148.2 43896
440 169.9 45595
450 133.1 46926
460 156.3 48489
470 132.4 49813
480 137.3 51186
490 137.2 52558
500 141.2 53970
510 156.2 55532
520 144.4 56976
530 152.1 58497
540 147.5 59972
550 151.8 61490
560 139.4 62884
570 138.8 64272
580 130.3 65575
590 135.6 66931
600 144.2 68373
610 137 69743
620 143.3 71176
630 163.6 72812
640 175.9 74571
650 183 76401
660 160.1 78002
670 153.2 79534
680 129.5 80829
690 113.7 81966
700 97.7 82943
710 74.7 83690
720 60.9 84299
730 46.8 84767
740 30.9 85076
750 20.2 85278
760 12.9 85407
770 6.2 85469
780 2.2 85491
790 1.1 85502
800 1.1 85513
810 0.3 85516
814 0.3 85519
