10 0.9 9
20 2.2 31
30 2.8 59
40 3.8 97
50 5 147
60 4.3 190
70 4.9 239
80 4.2 281
90 5.6 337
100 6.9 406
110 5.9 465
120 7.6 541
130 7.9 620
140 8.8 708
150 9.2 800
160 10.5 905
170 8.8 993
180 8 1073
190 12 1193
200 10.5 1298
210 11.8 1416
220 11.4 1530
230 14.2 1672
240 14.5 1817
250 14.7 1964
260 15.9 2123
270 17.5 2298
280 17.7 2475
290 21.8 2693
300 22.4 2917
310 20.4 3121
320 21.4 3335
330 20 3535
340 17.6 3711
350 17 3881
360 16.1 4042
370 14.4 4186
380 16.4 4350
390 12.7 4477
400 12.3 4600
410 10.1 4701
420 8.3 4784
430 10.5 4889
440 12.2 5011
450 9.6 5107
460 11.6 5223
470 10.3 5326
480 8.8 5414
490 8.6 5500
500 8.7 5587
510 9.3 5680
520 8.4 5764
530 8.5 5849
540 7.9 5928
550 9.9 6027
560 7.6 6103
570 7.3 6176
580 7.9 6255
590 8.2 6337
600 7.9 6416
610 7.8 6494
620 8.3 6577
630 10.6 6683
640 15.3 6836
650 19.2 7028
660 16.9 7197
670 19.6 7393
680 20.7 7600
690 21.4 7814
700 17.6 7990
710 14.5 8135
720 12.9 8264
730 9.1 8355
740 7.2 8427
750 3.4 8461
760 3.1 8492
770 1.2 8504
780 0.3 8507
790 0.2 8509
800 0.1 8510
810 0.1 8511
814 0 8511
