0 1 10
10 1.8 28
20 1.2 40
30 1.7 57
40 1.8 75
50 1.8 93
60 2.1 114
70 2 134
80 2.2 156
90 3 186
100 3.1 217
110 3.7 254
120 3.6 290
130 3.8 328
140 3.4 362
150 3.7 399
160 3.6 435
170 3.9 474
180 5.3 527
190 5.8 585
200 5.9 644
210 7.3 717
220 7.9 796
230 7.2 868
240 7.8 946
250 6.7 1013
260 10.9 1122
270 14.4 1266
280 10.5 1371
290 10.9 1480
300 12.4 1604
310 15.4 1758
320 10.9 1867
330 13.3 2000
340 14.1 2141
350 14.1 2282
360 14.3 2425
370 16.8 2593
380 17 2763
390 13.9 2902
400 17 3072
410 13.1 3203
420 11.4 3317
430 14.7 3464
440 13.4 3598
450 10.9 3707
460 11.2 3819
470 13.6 3955
480 14 4095
490 14.5 4240
500 13.8 4378
510 16.3 4541
520 13.2 4673
530 16.8 4841
540 13 4971
550 12.4 5095
560 13.1 5226
570 13.1 5357
580 14.4 5501
590 13.9 5640
600 13.6 5776
610 12.6 5902
620 10.9 6011
630 12 6131
640 11.2 6243
650 8.8 6331
660 4.9 6380
670 2.6 6406
680 1.4 6420
690 0.4 6424
700 0 6424
710 0 6424
720 0 6424
730 0 6424
740 0 6424
750 0 6424
760 0 6424
770 0 6424
780 0 6424
790 0 6424
800 0 6424
810 0 6424
814 0 6424
