20 0.1 1
30 0.2 3
40 0.1 4
50 0.1 5
60 0.5 10
70 0.2 12
80 0.3 15
90 0.2 17
100 0.4 21
110 0.5 26
120 0.3 29
130 0.1 30
140 0.6 36
150 0.2 38
160 0.6 44
170 0.2 46
180 0.3 49
190 1 59
200 0.5 64
210 0.4 68
220 0.7 75
230 1.2 87
240 1 97
250 0.9 106
260 1.1 117
270 1.5 132
280 1.3 145
290 1.8 163
300 1.1 174
310 1.4 188
320 1.4 202
330 1.7 219
340 1.6 235
350 2.5 260
360 2.7 287
370 2.5 312
380 1.7 329
390 2.7 356
400 3.8 394
410 2.8 422
420 3.3 455
430 3.7 492
440 3.3 525
450 2.5 550
460 4.1 591
470 3.9 630
480 3.4 664
490 3.6 700
500 3 730
510 2.9 759
520 3.4 793
530 3 823
540 2.7 850
550 2.6 876
560 3.8 914
570 3.1 945
580 3.4 979
590 3.1 1010
600 3.7 1047
610 3 1077
620 3.3 1110
630 2.5 1135
640 2.9 1164
650 2.3 1187
660 1.2 1199
670 1.5 1214
680 0.7 1221
690 0.2 1223
700 0.1 1224
710 0 1224
720 0 1224
730 0 1224
740 0 1224
750 0 1224
760 0 1224
770 0 1224
780 0 1224
790 0 1224
800 0 1224
810 0 1224
814 0 1224
