330 0.7 7
340 1.2 19
350 0.5 24
360 1.9 43
370 1.8 61
380 2 81
390 2.3 104
400 2.4 128
410 2.5 153
420 1.8 171
430 3.7 208
440 4.2 250
450 4.2 292
460 4.6 338
470 3.8 376
480 3.5 411
490 2.9 440
500 3.7 477
510 3.3 510
520 2.2 532
530 1.5 547
540 1.3 560
550 2.1 581
560 2.2 603
570 2.5 628
580 2.3 651
590 2.8 679
600 1.7 696
610 2.2 718
620 2.9 747
630 3.3 780
640 4.6 826
650 5.7 883
660 4.2 925
670 4.6 971
680 4.9 1020
690 4.5 1065
700 3.1 1096
710 2.3 1119
720 2.2 1141
730 1.2 1153
740 2 1173
750 1 1183
760 0.4 1187
770 0.1 1188
780 0 1188
790 0 1188
800 0 1188
810 0 1188
814 0 1188
