320 0.1 1
330 0.8 9
340 2.6 35
350 3.6 71
360 4.2 113
370 11.5 228
380 11.6 344
390 14.2 486
400 18.5 671
410 21 881
420 25.7 1138
430 26.1 1399
440 31.5 1714
450 24.5 1959
460 30.1 2260
470 27.7 2537
480 28.8 2825
490 29.6 3121
500 32.9 3450
510 33.2 3782
520 28 4062
530 32.3 4385
540 30.1 4686
550 32.4 5010
560 32 5330
570 32.2 5652
580 29.5 5947
590 30.6 6253
600 33.1 6584
610 29.1 6875
620 28.9 7164
630 31.2 7476
640 26.8 7744
650 23.4 7978
660 17.9 8157
670 9.7 8254
680 8.8 8342
690 3.4 8376
700 1.3 8389
710 0.7 8396
720 0.3 8399
730 0 8399
740 0 8399
750 0 8399
760 0 8399
770 0 8399
780 0 8399
790 0 8399
800 0 8399
810 0 8399
814 0 8399
