320 37.3 373
330 45.9 832
340 58.7 1419
350 78.4 2203
360 114.4 3347
370 120.9 4556
380 128.6 5842
390 204.8 7890
400 179.1 9681
410 164.5 11326
420 165.9 12985
430 141.9 14404
440 113.9 15543
450 146.2 17005
460 157.3 18578
470 169.6 20274
480 160 21874
490 161.6 23490
500 141.7 24907
510 128.4 26191
520 158.6 27777
530 112.3 28900
540 129.2 30192
550 116 31352
560 125.4 32606
570 137.3 33979
580 144 35419
590 144.8 36867
600 126.8 38135
610 147.4 39609
620 101.7 40626
630 67.1 41297
640 38.1 41678
650 5.9 41737
660 0 41737
670 0 41737
680 0 41737
690 0 41737
700 0 41737
710 0 41737
720 0 41737
730 0 41737
740 0 41737
750 0 41737
760 0 41737
770 0 41737
780 0 41737
790 0 41737
800 0 41737
810 0 41737
814 0 41737
