0 11 11
10 22 11
20 26 4
30 31 5
40 42 11
50 47 5
60 59 12
70 70 11
80 74 4
90 76 2
100 83 7
110 85 2
120 92 7
130 111 19
140 111 0
150 126 15
160 122 -4
170 125 3
180 138 13
190 152 14
200 165 13
210 189 24
220 212 23
230 215 3
240 235 20
250 260 25
260 289 29
270 342 53
280 362 20
290 373 11
300 413 40
310 480 67
320 522 42
330 576 54
340 597 21
350 649 52
360 705 56
370 773 68
380 846 73
390 902 56
400 951 49
410 982 31
420 1023 41
430 1031 8
440 1029 -2
450 1023 -6
460 1030 7
470 1025 -5
480 1031 6
490 1035 4
500 1036 1
510 1031 -5
520 1031 0
530 1032 1
540 1024 -8
550 1025 1
560 1030 5
570 1028 -2
580 1026 -2
590 1017 -9
600 953 -64
610 889 -64
620 819 -70
630 784 -35
640 720 -64
650 617 -103
660 524 -93
670 431 -93
680 349 -82
690 281 -68
700 213 -68
710 166 -47
720 120 -46
730 72 -48
740 50 -22
750 27 -23
760 16 -11
770 7 -9
780 3 -4
790 2 -1
800 1 -1
810 1 0
814 0 -1
