0 1.1 11.933216441761363 34.90435921977641 122.31005859375 0.64111328125 0 0
10 1.1 1.0716663707386365 0.3690539114786684 122.31005859375 0.64111328125 11.933216441761363 11
20 0.5 1.433349609375 0.5543239207857383 122.31005859375 0.64111328125 6.50244140625 22
30 0.7 0.9932686941964286 0.12147853608740154 122.31005859375 0.64111328125 5.563720703125 27
40 1.3 0.9672475961538461 0.1904079891964264 122.31005859375 0.64111328125 4.622745289522059 34
50 0.7 0.8603166852678571 0.05769404770998357 122.31005859375 0.64111328125 3.611650182845745 47
60 1.9 0.9177760074013158 0.16257951117373265 122.31005859375 0.64111328125 3.2549958405671298 54
70 1.6 0.8400421142578125 0.131811781718889 122.31005859375 0.60400390625 2.6466783497431505 73
80 0.9 1.1087510850694444 0.31438210118712795 122.31005859375 0.60400390625 2.321889813026685 89
90 1 0.93447265625 0.061479457091426826 122.31005859375 0.60400390625 2.210479113520408 98
100 1.8 0.986328125 0.2621578499567878 122.31005859375 0.60400390625 2.0923303674768516 108
110 1.8 1.1536187065972223 0.6957184089218625 122.31005859375 0.60400390625 1.9343300471230156 126
120 1.6 1.00885009765625 0.20931137207048556 122.31005859375 0.60400390625 1.8367411295572917 144
130 2.6 1.9988356370192304 3.376212403789137 122.31005859375 0.60400390625 1.7539520263671875 160
140 1.7 1.1982709099264706 0.9227661240763461 122.31005859375 0.60400390625 1.7881830687163978 186
150 2.4 1.0067850748697917 0.2526904608862455 122.31005859375 0.60400390625 1.7387815578817734 203
160 1.4 0.9438127790178571 0.17782637958202865 122.31005859375 0.60400390625 1.6613898592373348 227
170 2.2 0.8296675248579546 0.06987240888830851 122.31005859375 0.60400390625 1.6197048836229253 241
180 3.1 1.0524351058467742 0.1426503578399963 122.31005859375 0.60400390625 1.553618108365019 263
190 3.3 0.9867128314393939 0.09712072459147075 122.31005859375 0.60400390625 1.5007722815688773 294
200 3.4 1.0387321920955883 0.14369224844807832 122.31005859375 0.60400390625 1.4488947223814983 327
210 4.3 0.9910349291424421 0.1452546237958612 122.31005859375 0.60400390625 1.410264456371191 361
220 3.9 1.276417267628205 1.4607041453119107 122.31005859375 0.60400390625 1.3656434918394182 404
230 3.1 1.5425355972782258 2.621017126086682 122.31005859375 0.60400390625 1.357788361491253 443
240 4.7 1.4602570229388292 3.4993394772413486 122.31005859375 0.597900390625 1.3698709866165613 474
250 5.3 0.9166420990566039 0.1938755336256449 122.31005859375 0.593017578125 1.3780248133097408 521
260 6.7 1.1343028509794777 1.0763159148551438 122.31005859375 0.593017578125 1.3354232734919425 574
270 8.1 1.041708863811728 0.38034635243494297 122.31005859375 0.593017578125 1.314401326053042 641
280 6 1.0051839192708332 0.1628180787751074 122.31005859375 0.593017578125 1.2838084043888505 722
290 5.3 1.0864810583726419 0.42842879188290306 122.31005859375 0.593017578125 1.2624305666560103 782
300 7.7 1.1016924969561688 1.0390372771616971 122.31005859375 0.593017578125 1.2512625140344311 835
310 10.1 1.1151570235148522 1.1959258559190373 122.31005859375 0.593017578125 1.2386343437328673 912
320 8.5 1.0482508042279413 0.6403749597494464 122.31005859375 0.593017578125 1.226323179525543 1013
330 9.7 1.3254872744845367 2.2412167764686517 122.31005859375 0.593017578125 1.2125379774305556 1098
340 9.5 0.9164653577302632 0.4770995244425149 122.31005859375 0.587890625 1.2217062467311715 1195
350 11.4 1.1873115405701749 1.1963815281869241 122.31005859375 0.587890625 1.19922726653343 1290
360 13.8 0.9951136492300721 0.570386114275548 122.31005859375 0.587890625 1.1982597503227383 1404
370 15.1 0.9053898489238411 0.23827574483572736 122.31005859375 0.56103515625 1.1800793599525776 1542
380 13.6 1.0337847541360294 0.8103699008000989 122.31005859375 0.56103515625 1.1555795866712195 1693
390 16.1 1.0612808132763978 0.9613807666011995 122.31005859375 0.56103515625 1.1465232185876844 1829
400 21.8 1.2537797000430044 2.5578851670611407 122.31005859375 0.56103515625 1.1396267224795853 1990
410 17.9 0.9463422551501397 0.39107341176284854 122.31005859375 0.56103515625 1.1508972610252488 2208
420 20.6 0.9667708017293689 0.5372250410418341 122.31005859375 0.4150390625 1.1355577779705173 2387
430 16 325.94067535400393 946.8145295045886 7016.114013671875 0.4150390625 1.1221485542506264 2593
440 15.8 1528.6884101191658 3436.5695824347167 15036.952880859375 0.4150390625 20.000086908032145 2753
450 14 1116.603036063058 2896.875504525727 15044.507080078125 0.4150390625 101.88698318675392 2911
460 19.2 2974.760098775228 7763.510206669988 31066.822998046875 0.4150390625 148.448847297761 3051
470 16.9 2330.6649957239297 7066.754484600012 31079.345947265625 0.4150390625 315.77902314841583 3243
480 16.8 1437.8762090773794 5624.584169457849 31079.345947265625 0.4150390625 415.57847489673406 3412
490 15.9 3573.807334659985 9935.636133002688 63116.72900390625 0.4150390625 463.55222331638447 3580
500 16 5380.998352050779 13391.306079908312 63194.882080078125 0.4150390625 595.8150108808757 3739
510 15.9 10361.361265170495 20644.030659218282 63194.882080078125 0.39501953125 792.1805750222413 3899
520 16.6 7195.35476133048 16925.250283501406 63194.882080078125 0.39501953125 1167.118901718538 4058
530 16.6 6502.467102786148 15590.922756436094 63194.882080078125 0.39501953125 1404.024004155939 4224
540 14.7 10885.09676937181 18140.65761018747 63194.882080078125 0.39501953125 1596.812513124644 4390
550 15.6 24263.81121043671 21750.284273303536 63194.882080078125 0.39501953125 1897.755379703514 4537
560 17.4 28314.074535852193 26633.48786886555 63194.882080078125 0.39501953125 2641.225379617083 4693
570 16.1 25539.820776518834 27329.01912516042 63194.882080078125 0.39501953125 3559.054792640487 4867
580 15.8 22494.560446437405 29274.74133519179 63194.882080078125 0.39501953125 4262.893957995382 5028
590 14.9 24236.426623453233 28813.855601215626 63194.882080078125 0.39501953125 4818.351594935961 5186
600 11.4 20444.00272195381 28020.008404115437 63194.882080078125 0.39501953125 5360.67459010917 5335
610 10.2 619.9268415862438 6219.364282187798 63194.882080078125 0.39501953125 5676.236969817426 5449
620 6.5 1.4665339543269231 0.6509403989263668 63194.882080078125 0.39501953125 5583.326929630149 5551
630 5.7 1.9792437637061402 2.4266012354316695 63194.882080078125 0.39501953125 5518.722063939456 5616
640 5.4 1.5677128544560186 1.1999911660416416 63194.882080078125 0.39501953125 5463.292072620927 5673
650 2.5 1.1093261718749998 0.17564906596851101 63194.882080078125 0.39501953125 5411.79336205215 5727
660 0 0 0 63194.882080078125 0.39501953125 5388.276828516509 5752
670 0 0 0 63194.882080078125 0.39501953125 5388.276828516509 5752
680 0 0 0 63194.882080078125 0.39501953125 5388.276828516509 5752
690 0 0 0 63194.882080078125 0.39501953125 5388.276828516509 5752
700 0 0 0 63194.882080078125 0.39501953125 5388.276828516509 5752
710 0 0 0 63194.882080078125 0.39501953125 5388.276828516509 5752
720 0 0 0 63194.882080078125 0.39501953125 5388.276828516509 5752
730 0 0 0 63194.882080078125 0.39501953125 5388.276828516509 5752
740 0 0 0 63194.882080078125 0.39501953125 5388.276828516509 5752
750 0 0 0 63194.882080078125 0.39501953125 5388.276828516509 5752
760 0 0 0 63194.882080078125 0.39501953125 5388.276828516509 5752
770 0 0 0 63194.882080078125 0.39501953125 5388.276828516509 5752
780 0 0 0 63194.882080078125 0.39501953125 5388.276828516509 5752
790 0 0 0 63194.882080078125 0.39501953125 5388.276828516509 5752
800 0 0 0 63194.882080078125 0.39501953125 5388.276828516509 5752
810 0 0 0 63194.882080078125 0.39501953125 5388.276828516509 5752
814 0 0 0 63194.882080078125 0.39501953125 5388.276828516509 5752
