0 0.1 3.703627031582434 0 3.703627031582434 3.703627031582434 0 0
10 0.1 1.8793273986152326 0.0 3.703627031582434 1.8793273986152326 3.703627031582434 1
20 0.1 1.6798418972332017 0.0 3.703627031582434 1.6798418972332017 2.7914772150988334 2
30 0.1 2.5691699604743086 0.0 3.703627031582434 1.6798418972332017 2.4209321091436227 3
40 0.1 2.7640671273445214 0.0 3.703627031582434 1.6798418972332017 2.457991571976294 4
50 0.1 2.4826216484607744 0.0 3.703627031582434 1.6798418972332017 2.5192066830499398 5
60 0.1 2.8827037773359843 0.0 3.703627031582434 1.6798418972332017 2.513109177285079 6
70 0.1 3.383084577114428 0.0 3.703627031582434 1.6798418972332017 2.5659084058637798 7
80 0.1 4.563492063492063 0.0 4.563492063492063 1.6798418972332017 2.6680554272701107 8
90 0.1 3.48605577689243 0.0 4.563492063492063 1.6798418972332017 2.8786594979614386 9
100 0.1 3.996003996003996 0.0 4.563492063492063 1.6798418972332017 2.9393991258545378 10
110 0.1 5.089820359281437 0.0 5.089820359281437 1.6798418972332017 3.0354541140499434 11
120 0.1 5.588235294117648 0.0 5.588235294117648 1.6798418972332017 3.206651301152568 12
130 0.1 5.17412935323383 0.0 5.588235294117648 1.6798418972332017 3.3898500698421894 13
140 0.1 6.368159203980099 0.0 6.368159203980099 1.6798418972332017 3.5172985900844496 14
150 0.1 5.847373637264618 0.0 6.368159203980099 1.6798418972332017 3.7073559643441594 15
160 0.1 5.694305694305695 0.0 6.368159203980099 1.6798418972332017 3.841107068901688 16
170 0.1 6.560636182902585 0.0 6.560636182902585 1.6798418972332017 3.9501187527489825 17
180 0.1 6.784660766961652 0.0 6.784660766961652 1.6798418972332017 4.095147498868627 18
190 0.1 6.951340615690168 0.0 6.951340615690168 1.6798418972332017 4.23670082876826 19
200 0.1 8.183632734530939 0.0 8.183632734530939 1.6798418972332017 4.372432818114356 20
210 0.1 8.374875373878366 0.0 8.374875373878366 1.6798418972332017 4.553918528419907 21
220 0.1 10.64039408866995 0.0 10.64039408866995 1.6798418972332017 4.727598385031656 22
230 0.1 11.154985192497533 0.0 11.154985192497533 1.6798418972332017 4.984676459102886 23
240 0.1 11.056268509378086 0.0 11.154985192497533 1.6798418972332017 5.2417726563276625 24
250 0.1 11.782178217821782 0.0 11.782178217821782 1.6798418972332017 5.4743524904496805 25
260 0.1 12.313803376365442 0.0 12.313803376365442 1.6798418972332017 5.716961172271684 26
270 0.1 15.196078431372548 0.0 15.196078431372548 1.6798418972332017 5.961288661312193 27
280 0.1 17.82273603082852 0.0 17.82273603082852 1.6798418972332017 6.291102581671491 28
290 0.1 14.328358208955224 0.0 17.82273603082852 1.6798418972332017 6.688745114401043 29
300 0.1 17.45098039215686 0.0 17.82273603082852 1.6798418972332017 6.9433988842195165 30
310 0.1 17.775571002979145 0.0 17.82273603082852 1.6798418972332017 7.282353126411043 31
320 0.1 18.639053254437872 0.0 18.639053254437872 1.6798418972332017 7.6102661850537965 32
330 0.1 18.799212598425196 0.0 18.799212598425196 1.6798418972332017 7.944471853823011 33
340 0.1 19.88188976377953 0.0 19.88188976377953 1.6798418972332017 8.263728934546604 34
350 0.1 20.45231071779744 0.0 20.45231071779744 1.6798418972332017 8.595676386810403 35
360 0.1 21.73913043478261 0.0 21.73913043478261 1.6798418972332017 8.925027340448931 36
370 0.1 23.465346534653463 0.0 23.465346534653463 1.6798418972332017 9.2713544511066 37
380 0.1 24.40711462450593 0.0 24.40711462450593 1.6798418972332017 9.644880558568358 38
390 0.1 25.1 0.0 25.1 1.6798418972332017 10.023399380771886 39
400 0.1 26.268656716417908 0.0 26.268656716417908 1.6798418972332017 10.40031439625259 40
410 0.1 24.57200402819738 0.0 26.268656716417908 1.6798418972332017 10.787347135768817 41
420 0.1 24.33234421364985 0.0 26.268656716417908 1.6798418972332017 11.115553252255213 42
430 0.1 25.099601593625497 0.0 26.268656716417908 1.6798418972332017 11.422920483915552 43
440 0.1 26.488095238095237 0.0 26.488095238095237 1.6798418972332017 11.73375414549987 44
450 0.1 26.125244618395303 0.0 26.488095238095237 1.6798418972332017 12.061628392001987 45
460 0.1 27.07509881422925 0.0 27.07509881422925 1.6798418972332017 12.367359179532276 46
470 0.1 25.64102564102564 0.0 27.07509881422925 1.6798418972332017 12.680289810057744 47
480 0.1 25.521350546176762 0.0 27.07509881422925 1.6798418972332017 12.950305139869576 48
490 0.1 26.47352647352647 0.0 27.07509881422925 1.6798418972332017 13.206857086937069 49
500 0.1 24.900398406374503 0.0 27.07509881422925 1.6798418972332017 13.472190474668857 50
510 0.1 25.992063492063494 0.0 27.07509881422925 1.6798418972332017 13.696272983133674 51
520 0.1 26.24254473161034 0.0 27.07509881422925 1.6798418972332017 13.932730492920786 52
530 0.1 25.87890625 0.0 27.07509881422925 1.6798418972332017 14.164991138933797 53
540 0.1 23.762376237623762 0.0 27.07509881422925 1.6798418972332017 14.38191549284243 54
550 0.1 23.114593535749265 0.0 27.07509881422925 1.6798418972332017 14.552469324565728 55
560 0.1 22.067594433399602 0.0 27.07509881422925 1.6798418972332017 14.705364399765433 56
570 0.1 20.937188434695912 0.0 27.07509881422925 1.6798418972332017 14.834526330180067 57
580 0.1 21.17296222664016 0.0 27.07509881422925 1.6798418972332017 14.939744642326893 58
590 0.1 21.39352306182532 0.0 27.07509881422925 1.6798418972332017 15.045392397993218 59
600 0.1 22.440944881889763 0.0 27.07509881422925 1.6798418972332017 15.151194575723755 60
610 0.1 22.781065088757398 0.0 27.07509881422925 1.6798418972332017 15.270698679103525 61
620 0.1 20.80536912751678 0.0 27.07509881422925 1.6798418972332017 15.391833621194717 62
630 0.1 21.773399014778324 0.0 27.07509881422925 1.6798418972332017 15.477762756215702 63
640 0.1 20.747295968534907 0.0 27.07509881422925 1.6798418972332017 15.576132072755742 64
660 0.1 20.195121951219512 0.0 27.07509881422925 1.6798418972332017 15.655688440383114 65
670 0.1 19.159335288367547 0.0 27.07509881422925 1.6798418972332017 15.724467736001847 66
680 0.1 16.40625 0.0 27.07509881422925 1.6798418972332017 15.775734415887902 67
690 0.1 14.634146341463413 0.0 27.07509881422925 1.6798418972332017 15.78500670388955 68
700 0.1 11.403508771929824 0.0 27.07509881422925 1.6798418972332017 15.768327568202217 69
710 0.1 9.375 0.0 27.07509881422925 1.6798418972332017 15.705973013969755 70
720 0.1 6.432160804020101 0.0 27.07509881422925 1.6798418972332017 15.616804379970182 71
730 0.1 5.911330049261084 0.0 27.07509881422925 1.6798418972332017 15.489239885859766 72
740 0.1 3.7773359840954273 0.0 27.07509881422925 1.6798418972332017 15.358035641522797 73
750 0.1 3.084577114427861 0.0 27.07509881422925 1.6798418972332017 15.20153970020621 74
760 0.1 2.4703557312252964 0.0 27.07509881422925 1.6798418972332017 15.0399801990625 75
770 0.1 1.9743336623889436 0.0 27.07509881422925 1.6798418972332017 14.87459040343306 76
780 0.1 1.0901883052527255 0.0 27.07509881422925 1.0901883052527255 14.70705460160132 77
790 0.1 0.9871668311944718 0.0 27.07509881422925 0.9871668311944718 14.532479392673773 78
800 0.1 0.9861932938856016 0.0 27.07509881422925 0.9861932938856016 14.361019739996818 79
810 0.1 0.8884501480750246 0.0 27.07509881422925 0.8884501480750246 14.193834409420429 80
814 0.1 0.9861932938856016 0.0 27.07509881422925 0.8884501480750246 14.029570406193942 81
