0 0 0
10 0 0
20 0.1 1
30 0.2 3
40 0.2 5
50 0.2 7
60 0.6 13
70 0.6 19
80 0.4 23
90 0.9 32
100 1 42
110 1.7 59
120 0.8 67
130 0.8 75
140 1.6 91
150 0.9 100
160 1.6 116
170 2.2 138
180 1.7 155
190 1.7 172
200 2.4 196
210 1.8 214
220 1.7 231
230 2.7 258
240 2.8 286
250 2.9 315
260 3.6 351
270 2.9 380
280 3.9 419
290 4.6 465
300 3.3 498
310 3.3 531
320 4.4 575
330 4.3 618
340 7.2 690
350 6.2 752
360 8 832
370 8.5 917
380 6.5 982
390 8.8 1070
400 11.7 1187
410 11.7 1304
420 12.5 1429
430 11.6 1545
440 12 1665
450 12 1785
460 15.2 1937
470 13.7 2074
480 13.7 2211
490 11.9 2330
500 11.5 2445
510 13.1 2576
520 14 2716
530 12.8 2844
540 11.3 2957
550 13.1 3088
560 12.2 3210
570 12.7 3337
580 11.9 3456
590 13.5 3591
600 14.4 3735
610 13.9 3874
620 13.7 4011
630 8.8 4099
640 12 4219
650 12.6 4345
660 9.8 4443
670 9.5 4538
680 8.4 4622
690 6.5 4687
700 6.9 4756
710 4.6 4802
720 4.5 4847
730 5 4897
740 2.1 4918
750 2.2 4940
760 1.1 4951
770 0.9 4960
780 0.4 4964
790 0.1 4965
800 0.1 4966
810 0 4966
814 0.1 4967
