0 0.1 3160.16015625 0 3160.16015625 3160.16015625 0 0
10 0.1 3158.01953125 0.0 3160.16015625 3158.01953125 3160.16015625 1
20 0.1 3155.96875 0.0 3160.16015625 3155.96875 3159.08984375 2
30 0.1 3152.41015625 0.0 3160.16015625 3152.41015625 3158.0494791666665 3
40 0.1 3149.7265625 0.0 3160.16015625 3149.7265625 3156.6396484375 4
50 0.1 3145.6328125 0.0 3160.16015625 3145.6328125 3155.25703125 5
60 0.1 3143.1171875 0.0 3160.16015625 3143.1171875 3153.6529947916665 6
70 0.1 3138.90625 0.0 3160.16015625 3138.90625 3152.147879464286 7
80 0.1 3133.8671875 0.0 3160.16015625 3133.8671875 3150.49267578125 8
90 0.1 3131.578125 0.0 3160.16015625 3131.578125 3148.6453993055557 9
100 0.1 3128.47265625 0.0 3160.16015625 3128.47265625 3146.938671875 10
110 0.1 3128.87109375 0.0 3160.16015625 3128.47265625 3145.259943181818 11
120 0.1 3128.53515625 0.0 3160.16015625 3128.47265625 3143.8942057291665 12
130 0.1 3127.33203125 0.0 3160.16015625 3127.33203125 3142.7127403846152 13
140 0.1 3122.0703125 0.0 3160.16015625 3122.0703125 3141.6141183035716 14
150 0.1 3120.4140625 0.0 3160.16015625 3120.4140625 3140.3111979166665 15
160 0.1 3118.07421875 0.0 3160.16015625 3118.07421875 3139.067626953125 16
170 0.1 3117.15625 0.0 3160.16015625 3117.15625 3137.832720588235 17
180 0.1 3117.7890625 0.0 3160.16015625 3117.15625 3136.684027777778 18
190 0.1 3114.03515625 0.0 3160.16015625 3114.03515625 3135.6895559210525 19
200 0.1 3108.31640625 0.0 3160.16015625 3108.31640625 3134.6068359375 20
210 0.1 3102.67578125 0.0 3160.16015625 3102.67578125 3133.354910714286 21
220 0.1 3091.28515625 0.0 3160.16015625 3091.28515625 3131.9604048295455 22
230 0.1 3089.26953125 0.0 3160.16015625 3089.26953125 3130.1919157608695 23
240 0.1 3088.08984375 0.0 3160.16015625 3088.08984375 3128.48681640625 24
250 0.1 3078.78515625 0.0 3160.16015625 3078.78515625 3126.8709375 25
260 0.1 3068.25 0.0 3160.16015625 3068.25 3125.021484375 26
270 0.1 3054.93359375 0.0 3160.16015625 3054.93359375 3122.9188368055557 27
280 0.1 3042.1796875 0.0 3160.16015625 3042.1796875 3120.490792410714 28
290 0.1 3034.87109375 0.0 3160.16015625 3034.87109375 3117.7904094827586 29
300 0.1 3033.73828125 0.0 3160.16015625 3033.73828125 3115.026432291667 30
310 0.1 3012.94140625 0.0 3160.16015625 3012.94140625 3112.404233870968 31
320 0.1 2994.859375 0.0 3160.16015625 2994.859375 3109.2960205078125 32
330 0.1 2985.22265625 0.0 3160.16015625 2985.22265625 3105.828243371212 33
340 0.1 2977.48828125 0.0 3160.16015625 2977.48828125 3102.2810202205883 34
350 0.1 2972.9921875 0.0 3160.16015625 2972.9921875 3098.7155133928572 35
360 0.1 2964.9375 0.0 3160.16015625 2964.9375 3095.223198784722 36
370 0.1 2961.4140625 0.0 3160.16015625 2961.4140625 3091.7019636824325 37
380 0.1 2945.1796875 0.0 3160.16015625 2945.1796875 3088.2733347039475 38
390 0.1 2931.78125 0.0 3160.16015625 2931.78125 3084.604266826923 39
400 0.1 2926.7578125 0.0 3160.16015625 2926.7578125 3080.7836914062495 40
410 0.1 2923.8671875 0.0 3160.16015625 2923.8671875 3077.0269626524387 41
420 0.1 2922.06640625 0.0 3160.16015625 2922.06640625 3073.3803013392853 42
430 0.1 2921.4609375 0.0 3160.16015625 2921.4609375 3069.8613735465115 43
440 0.1 2921.57421875 0.0 3160.16015625 2921.4609375 3066.4886363636365 44
450 0.1 2916.48046875 0.0 3160.16015625 2916.48046875 3063.2683159722224 45
460 0.1 2920.921875 0.0 3160.16015625 2916.48046875 3060.0772758152175 46
470 0.1 2919.3671875 0.0 3160.16015625 2916.48046875 3057.116522606383 47
480 0.1 2920.44921875 0.0 3160.16015625 2916.48046875 3054.2467447916665 48
490 0.1 2918.30078125 0.0 3160.16015625 2916.48046875 3051.516183035714 49
500 0.1 2918.03515625 0.0 3160.16015625 2916.48046875 3048.851875 50
510 0.1 2911.2265625 0.0 3160.16015625 2911.2265625 3046.2868412990197 51
520 0.1 2910.0078125 0.0 3160.16015625 2910.0078125 3043.6895282451924 52
530 0.1 2910.9140625 0.0 3160.16015625 2910.0078125 3041.167231721698 53
540 0.1 2911.76953125 0.0 3160.16015625 2910.0078125 3038.7551359953704 54
550 0.1 2910.60546875 0.0 3160.16015625 2910.0078125 3036.4463068181817 55
560 0.1 2912.59375 0.0 3160.16015625 2910.0078125 3034.199148995536 56
570 0.1 2913.1796875 0.0 3160.16015625 2910.0078125 3032.0657209429824 57
580 0.1 2913.4375 0.0 3160.16015625 2910.0078125 3030.0159617456898 58
590 0.1 2913.71875 0.0 3160.16015625 2910.0078125 3028.040055614407 59
600 0.1 2915.6171875 0.0 3160.16015625 2910.0078125 3026.134700520833 60
610 0.1 2916.76171875 0.0 3160.16015625 2910.0078125 3024.3229380122953 61
620 0.1 2917.5625 0.0 3160.16015625 2910.0078125 3022.5880796370966 62
630 0.1 2913.8828125 0.0 3160.16015625 2910.0078125 3020.9210069444443 63
640 0.1 2913.68359375 0.0 3160.16015625 2910.0078125 3019.24853515625 64
660 0.1 2916.36328125 0.0 3160.16015625 2910.0078125 3017.6244591346153 65
670 0.1 2915.46484375 0.0 3160.16015625 2910.0078125 3016.0901988636365 66
680 0.1 2919.9140625 0.0 3160.16015625 2910.0078125 3014.588327891791 67
690 0.1 2923.37109375 0.0 3160.16015625 2910.0078125 3013.1960592830883 68
700 0.1 2935.1953125 0.0 3160.16015625 2910.0078125 3011.894248188406 69
710 0.1 2945.63671875 0.0 3160.16015625 2910.0078125 3010.7985491071427 70
720 0.1 2947.87109375 0.0 3160.16015625 2910.0078125 3009.8807768485917 71
730 0.1 2956.63671875 0.0 3160.16015625 2910.0078125 3009.01953125 72
740 0.1 2966.7578125 0.0 3160.16015625 2910.0078125 3008.3019584760273 73
750 0.1 2987.55859375 0.0 3160.16015625 2910.0078125 3007.740551097973 74
760 0.1 2988.01171875 0.0 3160.16015625 2910.0078125 3007.4714583333334 75
770 0.1 2998.3828125 0.0 3160.16015625 2910.0078125 3007.2154091282896 76
780 0.1 3013.25 0.0 3160.16015625 2910.0078125 3007.1007000811687 77
790 0.1 3023.44921875 0.0 3160.16015625 2910.0078125 3007.1795372596152 78
800 0.1 3023.70703125 0.0 3160.16015625 2910.0078125 3007.3854825949365 79
810 0.1 3023.8046875 0.0 3160.16015625 2910.0078125 3007.589501953125 80
814 0.1 3023.9453125 0.0 3160.16015625 2910.0078125 3007.7896894290125 81
