0 0.1 0.0 0 0.0 0.0 0 0
10 0.1 0.078125 0.0 0.078125 0.0 0.0 1
20 0.1 0.05859375 0.0 0.078125 0.0 0.0390625 2
30 0.1 0.05078125 0.0 0.078125 0.0 0.045572916666666664 3
40 0.1 0.05078125 0.0 0.078125 0.0 0.046875 4
50 0.1 0.0390625 0.0 0.078125 0.0 0.04765625 5
60 0.1 0.03125 0.0 0.078125 0.0 0.046223958333333336 6
70 0.1 0.03125 0.0 0.078125 0.0 0.04408482142857143 7
80 0.1 0.01953125 0.0 0.078125 0.0 0.04248046875 8
90 0.1 0.01953125 0.0 0.078125 0.0 0.03993055555555555 9
100 0.1 0.01953125 0.0 0.078125 0.0 0.037890625 10
110 0.1 0.01171875 0.0 0.078125 0.0 0.03622159090909091 11
120 0.1 0.01171875 0.0 0.078125 0.0 0.0341796875 12
130 0.1 0.08984375 0.0 0.08984375 0.0 0.03245192307692308 13
140 0.1 0.078125 0.0 0.08984375 0.0 0.03655133928571429 14
150 0.1 0.140625 0.0 0.140625 0.0 0.039322916666666666 15
160 0.1 0.12109375 0.0 0.140625 0.0 0.045654296875 16
170 0.1 0.1796875 0.0 0.1796875 0.0 0.050091911764705885 17
180 0.1 0.1484375 0.0 0.1796875 0.0 0.057291666666666664 18
190 0.1 0.12890625 0.0 0.1796875 0.0 0.062088815789473686 19
200 0.1 0.109375 0.0 0.1796875 0.0 0.0654296875 20
210 0.1 0.08984375 0.0 0.1796875 0.0 0.06752232142857142 21
220 0.1 0.078125 0.0 0.1796875 0.0 0.06853693181818182 22
230 0.1 0.0703125 0.0 0.1796875 0.0 0.06895380434782608 23
240 0.1 0.12890625 0.0 0.1796875 0.0 0.06901041666666666 24
250 0.1 0.109375 0.0 0.1796875 0.0 0.07140624999999999 25
260 0.1 0.171875 0.0 0.1796875 0.0 0.07286658653846154 26
270 0.1 0.140625 0.0 0.1796875 0.0 0.07653356481481481 27
280 0.1 0.12109375 0.0 0.1796875 0.0 0.07882254464285714 28
290 0.1 0.1015625 0.0 0.1796875 0.0 0.08028017241379311 29
300 0.1 0.171875 0.0 0.1796875 0.0 0.08098958333333334 30
310 0.1 0.2890625 0.0 0.2890625 0.0 0.08392137096774194 31
320 0.1 0.25 0.0 0.2890625 0.0 0.09033203125 32
330 0.1 0.2109375 0.0 0.2890625 0.0 0.09517045454545454 33
340 0.1 0.1796875 0.0 0.2890625 0.0 0.09857536764705882 34
350 0.1 0.21875 0.0 0.2890625 0.0 0.10089285714285715 35
360 0.1 0.26171875 0.0 0.2890625 0.0 0.10416666666666667 36
370 0.1 0.21875 0.0 0.2890625 0.0 0.10842483108108109 37
380 0.1 0.19140625 0.0 0.2890625 0.0 0.111328125 38
390 0.1 0.16015625 0.0 0.2890625 0.0 0.11338141025641026 39
400 0.1 0.12890625 0.0 0.2890625 0.0 0.11455078125 40
410 0.1 0.109375 0.0 0.2890625 0.0 0.11490091463414634 41
420 0.1 0.1015625 0.0 0.2890625 0.0 0.11476934523809523 42
430 0.1 0.078125 0.0 0.2890625 0.0 0.11446220930232558 43
440 0.1 0.0703125 0.0 0.2890625 0.0 0.11363636363636363 44
450 0.1 0.05859375 0.0 0.2890625 0.0 0.11267361111111111 45
460 0.1 0.12890625 0.0 0.2890625 0.0 0.11149796195652174 46
470 0.1 0.109375 0.0 0.2890625 0.0 0.1118683510638298 47
480 0.1 0.171875 0.0 0.2890625 0.0 0.11181640625 48
490 0.1 0.1484375 0.0 0.2890625 0.0 0.11304209183673469 49
500 0.1 0.19140625 0.0 0.2890625 0.0 0.11375 50
510 0.1 0.16015625 0.0 0.2890625 0.0 0.11527267156862746 51
520 0.1 0.2109375 0.0 0.2890625 0.0 0.1161358173076923 52
530 0.1 0.1796875 0.0 0.2890625 0.0 0.1179245283018868 53
540 0.1 0.1484375 0.0 0.2890625 0.0 0.11906828703703703 54
550 0.1 0.12890625 0.0 0.2890625 0.0 0.11960227272727272 55
560 0.1 0.109375 0.0 0.2890625 0.0 0.11976841517857142 56
570 0.1 0.08984375 0.0 0.2890625 0.0 0.11958607456140351 57
580 0.1 0.1484375 0.0 0.2890625 0.0 0.11907327586206896 58
590 0.1 0.2109375 0.0 0.2890625 0.0 0.11957097457627118 59
600 0.1 0.1796875 0.0 0.2890625 0.0 0.12109375 60
610 0.1 0.1484375 0.0 0.2890625 0.0 0.12205430327868852 61
620 0.1 0.2109375 0.0 0.2890625 0.0 0.12247983870967742 62
630 0.1 0.171875 0.0 0.2890625 0.0 0.12388392857142858 63
640 0.1 0.21875 0.0 0.2890625 0.0 0.1246337890625 64
660 0.1 0.19140625 0.0 0.2890625 0.0 0.12608173076923077 65
670 0.1 0.16015625 0.0 0.2890625 0.0 0.12707149621212122 66
680 0.1 0.2109375 0.0 0.2890625 0.0 0.12756529850746268 67
690 0.1 0.26171875 0.0 0.2890625 0.0 0.12879136029411764 68
700 0.1 0.21875 0.0 0.2890625 0.0 0.13071784420289856 69
710 0.1 0.19140625 0.0 0.2890625 0.0 0.13197544642857142 70
720 0.1 0.23046875 0.0 0.2890625 0.0 0.1328125 71
730 0.1 0.19921875 0.0 0.2890625 0.0 0.13416883680555555 72
740 0.1 0.171875 0.0 0.2890625 0.0 0.1350599315068493 73
750 0.1 0.140625 0.0 0.2890625 0.0 0.13555743243243243 74
760 0.1 0.12109375 0.0 0.2890625 0.0 0.135625 75
770 0.1 0.1015625 0.0 0.2890625 0.0 0.13543379934210525 76
780 0.1 0.08984375 0.0 0.2890625 0.0 0.13499391233766234 77
790 0.1 0.0703125 0.0 0.2890625 0.0 0.1344150641025641 78
800 0.1 0.05859375 0.0 0.2890625 0.0 0.13360363924050633 79
810 0.1 0.05078125 0.0 0.2890625 0.0 0.132666015625 80
814 0.1 0.0390625 0.0 0.2890625 0.0 0.1316550925925926 81
