20 0.6 6
30 0.6 12
40 0.1 13
50 0.5 18
60 0.9 27
70 0.7 34
80 1 44
90 0.9 53
100 1.9 72
110 1.3 85
120 1.1 96
130 0.9 105
140 1.7 122
150 1.3 135
160 2.8 163
170 1.3 176
180 2.1 197
190 2.6 223
200 2.5 248
210 2.6 274
220 3.2 306
230 4.5 351
240 3.3 384
250 3.8 422
260 5.7 479
270 4.8 527
280 5.8 585
290 7.2 657
300 5.9 716
310 5.4 770
320 6.1 831
330 6.9 900
340 10.1 1001
350 9.3 1094
360 9.7 1191
370 12.2 1313
380 10.7 1420
390 14.1 1561
400 17.8 1739
410 16.3 1902
420 18.2 2084
430 15.1 2235
440 18 2415
450 17.2 2587
460 19.8 2785
470 19.6 2981
480 19.4 3175
490 18.8 3363
500 16.2 3525
510 19.8 3723
520 18.1 3904
530 16.4 4068
540 17.7 4245
550 19.1 4436
560 17.7 4613
570 19 4803
580 19.3 4996
590 18.6 5182
600 19.2 5374
610 18.2 5556
620 19.5 5751
630 17.7 5928
640 16.2 6090
650 14.7 6237
660 10.9 6346
670 11.5 6461
680 7.7 6538
690 6.4 6602
700 4.3 6645
710 2.9 6674
720 2.9 6703
730 2.7 6730
740 0.9 6739
750 0.5 6744
760 0.1 6745
770 0.2 6747
780 0 6747
790 0 6747
800 0 6747
810 0 6747
814 0 6747
