0 2.5 59.898359375 76.98836357494275 380.64794921875 4.657958984375 0 0
10 9 30.487095811631946 48.441716355120526 380.64794921875 3.81201171875 59.898359375 25
20 17.4 29.773459949712645 47.05154915877272 483.2138671875 0.448974609375 36.88084876019022 115
30 21.6 20.69203920717595 42.29513223772403 526.403076171875 0.43701171875 32.60165964938365 289
40 22.9 14.389150561203605 21.0455739405201 526.403076171875 0.39697265625 27.507643777073028 505
50 32.8 19.572937011718743 28.013320285253183 526.403076171875 0.39697265625 23.414816874574257 734
60 37.4 21.523210984500327 30.93916716687388 526.403076171875 0.34814453125 22.228247576065208 1062
70 39.8 26.06421143804962 78.26623416317113 1421.635986328125 0.343017578125 22.044623839821984 1436
80 37.6 23.484524341339743 80.14565286974532 1484.801025390625 0.343017578125 22.916922566154916 1834
90 42.3 20.487629631168744 29.140742932974035 1484.801025390625 0.343017578125 23.013491917951068 2210
100 59.1 27.746671260310883 75.37513538982975 1586.757080078125 0.343017578125 22.60770393948205 2633
110 48.5 21.509674512725507 68.10060408754315 1586.757080078125 0.337890625 23.549741683467733 3224
120 57.1 18.940004258565025 28.955184101388504 1586.757080078125 0.337890625 23.282976361868926 3709
130 62 20.297284132434466 28.276557058811477 1586.757080078125 0.337890625 22.703575177058987 4280
140 67.1 24.301812753236774 66.30625408525783 1586.757080078125 0.337890625 22.399105697943234 4900
150 68.8 17.60854392827946 25.825197182921638 1586.757080078125 0.337890625 22.62827755830977 5571
160 78 20.651212878104975 28.287889036310563 1586.757080078125 0.337890625 22.076499840230067 6259
170 69.6 18.684480864426206 27.48717530262546 1586.757080078125 0.337890625 21.918562089064054 7039
180 69.7 22.20286859980272 28.38274501695639 1586.757080078125 0.337890625 21.627557495353912 7735
190 93.4 27.684431774457966 63.7317088098753 1685.257080078125 0.337890625 21.675113453584558 8432
200 95 25.640008737664473 33.03376922885497 1685.257080078125 0.337890625 22.2743770999326 9366
210 102.6 30.01775373492324 61.05749691201147 1685.257080078125 0.337890625 22.584317973899765 10316
220 102.8 31.360510206407994 61.408281756727156 1685.257080078125 0.337890625 23.25674832928771 11342
230 126.8 26.88047891610804 33.87070670902953 1685.257080078125 0.337890625 23.930205662325676 12370
240 123.5 26.87566916276571 35.38006155460143 1685.257080078125 0.328125 24.20450882157161 13638
250 134.9 32.859230035848256 38.86123752430599 1685.257080078125 0.328125 24.426312292382793 14873
260 151.9 76.82538432459683 95.2874671690787 2015.704833984375 0.328125 25.12758254487539 16222
270 168.8 149.0938382261731 132.86882627226916 2015.704833984375 0.328125 29.55399373383863 17741
280 173.1 137.6714774076129 122.44241355789036 2015.704833984375 0.291015625 39.93966759780798 19429
290 189.7 170.5594611763638 143.18273684952806 2137.739990234375 0.291015625 47.93464693527359 21160
300 196.6 60.05900479042157 56.90544531834184 2137.739990234375 0.291015625 58.023525480415984 23057
310 201.5 360.23752156676466 151.5722585798307 2137.739990234375 0.291015625 58.18344844422811 25023
320 217.6 435.8983881333294 259.41892767901794 2242.045166015625 0.291015625 80.69395060200277 27038
330 226.1 454.96665617830223 280.7390179426504 2424.364013671875 0.291015625 107.15129489132181 29214
340 241.4 413.88030151266105 267.56669587148536 2424.364013671875 0.291015625 132.13653815962564 31475
350 261.2 398.1111402526202 297.2082951105855 2424.364013671875 0.291015625 152.2058658097253 33889
360 287.3 360.7980057968318 306.0846398268687 2426.804931640625 0.291015625 169.80276936976043 36501
370 296.4 354.9225056966147 316.06611897625623 2496.931884765625 0.291015625 183.73910589271912 39374
380 309.6 336.05987919455015 285.4927558605355 2496.931884765625 0.280029296875 195.72331858625085 42338
390 354.1 299.0474382264228 346.7583095075948 2647.76904296875 0.280029296875 205.2862448450723 45434
400 336.8 368.213400290301 454.7105046111492 3683.64599609375 0.280029296875 212.06538493212415 48975
410 321 500.4892569758811 838.3208761873044 7538.47412109375 0.280029296875 222.11269814929435 52343
420 314.9 587.7958243967593 1116.4354120141845 7538.47412109375 0.280029296875 238.19803564381928 55553
430 314.1 685.6979909737166 1571.5629041161576 10549.947998046875 0.280029296875 256.9517993449369 58702
440 314.2 793.1690906935025 2011.0071017551377 16650.671142578125 0.280029296875 278.7277770288461 61843
450 294.1 803.7417707757779 2214.7129589315646 24256.213134765625 0.280029296875 303.60081861589464 64985
460 334.3 814.8702646358763 2220.4692975775984 37549.614990234375 0.280029296875 325.2554801637882 67926
470 319.7 925.9193444751669 3143.8607145924193 40261.4560546875 0.280029296875 348.2217379264927 71269
480 308.1 836.6028449316381 2539.831930978584 40261.4560546875 0.280029296875 373.0236508550254 74466
490 317.1 769.2654807945798 2322.2826503178894 40261.4560546875 0.280029296875 391.44199710891064 77547
500 303.8 988.1283736087665 3629.3405258666908 70600.10913085938 0.280029296875 406.2847616319075 80718
510 310.8 1085.5625911206953 4486.629413700904 72649.51000976563 0.280029296875 427.3894095757646 83756
520 317.3 1350.9760754498386 6592.105931053517 72649.51000976563 0.280029296875 450.93889207992794 86864
530 287.1 1167.8311476327103 4895.02522597237 72649.51000976563 0.280029296875 482.65716326658145 90037
540 288.2 1150.5732005090858 5034.607294888533 72649.51000976563 0.280029296875 503.8300924988882 92908
550 290.5 1475.6865517594952 6051.83204066973 73301.92504882813 0.280029296875 523.288424655537 95790
560 289.7 2538.285836085147 10532.124802364599 73301.92504882813 0.280029296875 551.3214208482216 98695
570 295.5 2140.3377774362834 9644.414617672413 73301.92504882813 0.280029296875 607.9817475564405 101592
580 289.4 2275.0606411061995 10240.048120224656 73301.92504882813 0.280029296875 651.2934836014244 104547
590 302.4 1929.5959823043245 9402.344054088539 73301.92504882813 0.280029296875 695.0308106350412 107441
600 294 2202.723405861379 10104.558385165026 73301.92504882813 0.27978515625 728.8272627160435 110465
610 298.8 704.8651493179764 4319.055707743866 73301.92504882813 0.27978515625 767.0377001821807 113405
620 264 400.6492635091144 347.7379224764511 73301.92504882813 0.27978515625 765.4416284082574 116393
630 262.7 388.04778344103846 259.2885541022594 73301.92504882813 0.27978515625 757.3509993950113 119033
640 256.5 337.2605362146683 229.50777825297436 73301.92504882813 0.27978515625 749.3766483485614 121660
650 232.1 211.876240162847 172.4021622652267 73301.92504882813 0.27978515625 740.8672675667266 124225
660 192.5 83.76346197747564 98.72591636518769 73301.92504882813 0.27978515625 731.1649603060908 126546
670 187 46.51274531563334 90.84173596327356 73301.92504882813 0.27978515625 721.4643439468924 128471
680 165.3 20.109471002060666 65.64084299319919 73301.92504882813 0.27978515625 711.7808254113552 130341
690 143.5 14.485310900751296 14.99990368265701 73301.92504882813 0.27978515625 703.1188199502088 131994
700 119.8 13.611684350219114 12.271693528481002 73301.92504882813 0.27978515625 695.7127156888715 133429
710 92.2 13.095947265625 12.027032627731648 73301.92504882813 0.27978515625 689.6429300177676 134627
720 76.3 13.496361568745904 12.287324966709063 73301.92504882813 0.27978515625 685.0410788931007 135549
730 57.1 12.789803473210377 11.492574666792644 73301.92504882813 0.27978515625 681.2821389661794 136312
740 40.1 12.964058359959477 11.7002985117311 73301.92504882813 0.27978515625 678.493559496366 136883
750 24.6 11.515245887322155 10.214981200960755 73301.92504882813 0.27978515625 676.5495796447029 137284
760 16.4 14.914175638338415 14.057167721180774 73301.92504882813 0.27978515625 675.3600323015464 137530
770 7.5 13.292604166666667 11.005945997527295 73301.92504882813 0.27978515625 674.5734103681814 137694
780 2.5 12.4380078125 11.555062404721559 73301.92504882813 0.27978515625 674.2134160264565 137769
790 1.3 13.483435997596153 9.852820756795797 73301.92504882813 0.27978515625 674.0933499480687 137794
800 1.2 12.156351725260416 7.802128467712565 73301.92504882813 0.27978515625 674.031031423746 137807
810 0.4 16.7874755859375 12.573357561785771 73301.92504882813 0.27978515625 673.9734015167202 137819
814 0.3 10.371907552083334 3.6987372387892985 73301.92504882813 0.27978515625 673.9543281856817 137823
