10 0.1 124 0 124 124 0 0
20 0.1 308.0 0.0 308 124 124.0 1
30 0.1 557.0 0.0 557 124 216.0 2
40 0.1 566.0 0.0 566 124 329.6666666666667 3
50 0.1 622.0 0.0 622 124 388.75 4
60 0.1 875.0 0.0 875 124 435.4 5
70 0.1 992.0 0.0 992 124 508.6666666666667 6
80 0.1 1182.0 0.0 1182 124 577.7142857142857 7
90 0.1 946.0 0.0 1182 124 653.25 8
100 0.1 1242.0 0.0 1242 124 685.7777777777778 9
110 0.1 1653.0 0.0 1653 124 741.4 10
120 0.1 1294.0 0.0 1653 124 824.2727272727273 11
130 0.1 1471.0 0.0 1653 124 863.4166666666666 12
140 0.1 1827.0 0.0 1827 124 910.1538461538462 13
150 0.1 1674.0 0.0 1827 124 975.6428571428571 14
160 0.1 1836.0 0.0 1836 124 1022.2 15
170 0.1 2064.0 0.0 2064 124 1073.0625 16
180 0.1 1822.0 0.0 2064 124 1131.3529411764705 17
190 0.1 2176.0 0.0 2176 124 1169.7222222222222 18
200 0.1 2628.0 0.0 2628 124 1222.6842105263158 19
210 0.1 2674.0 0.0 2674 124 1292.95 20
220 0.1 3260.0 0.0 3260 124 1358.7142857142858 21
230 0.1 3454.0 0.0 3454 124 1445.1363636363637 22
240 0.1 3485.0 0.0 3485 124 1532.4782608695652 23
250 0.1 3938.0 0.0 3938 124 1613.8333333333333 24
260 0.1 4187.0 0.0 4187 124 1706.8 25
270 0.1 5557.0 0.0 5557 124 1802.1923076923076 26
280 0.1 6227.0 0.0 6227 124 1941.2592592592594 27
290 0.1 6155.0 0.0 6227 124 2094.3214285714284 28
300 0.1 6454.0 0.0 6454 124 2234.344827586207 29
310 0.1 7191.0 0.0 7191 124 2375.0 30
320 0.1 7548.0 0.0 7548 124 2530.3548387096776 31
330 0.1 7497.0 0.0 7548 124 2687.15625 32
340 0.1 8065.0 0.0 8065 124 2832.909090909091 33
350 0.1 8058.0 0.0 8065 124 2986.794117647059 34
360 0.1 8295.0 0.0 8295 124 3131.6857142857143 35
370 0.1 8760.0 0.0 8760 124 3275.1111111111113 36
380 0.1 9260.0 0.0 9260 124 3423.3513513513512 37
390 0.1 9602.0 0.0 9602 124 3576.9473684210525 38
400 0.1 9987.0 0.0 9987 124 3731.4358974358975 39
410 0.1 9378.0 0.0 9987 124 3887.825 40
420 0.1 8766.0 0.0 9987 124 4021.731707317073 41
430 0.1 8987.0 0.0 9987 124 4134.690476190476 42
440 0.1 9450.0 0.0 9987 124 4247.53488372093 43
450 0.1 9071.0 0.0 9987 124 4365.772727272727 44
460 0.1 9697.0 0.0 9987 124 4470.333333333333 45
470 0.1 8978.0 0.0 9987 124 4583.95652173913 46
480 0.1 9059.0 0.0 9987 124 4677.446808510637 47
490 0.1 9279.0 0.0 9987 124 4768.729166666665 48
500 0.1 9181.0 0.0 9987 124 4860.77551020408 49
510 0.1 9270.0 0.0 9987 124 4947.1799999999985 50
520 0.1 9352.0 0.0 9987 124 5031.9411764705865 51
530 0.1 8876.0 0.0 9987 124 5115.019230769229 52
540 0.1 9044.0 0.0 9987 124 5185.98113207547 53
550 0.1 8638.0 0.0 9987 124 5257.425925925923 54
560 0.1 8637.0 0.0 9987 124 5318.890909090907 55
570 0.1 8409.0 0.0 9987 124 5378.142857142855 56
580 0.1 8477.0 0.0 9987 124 5431.315789473682 57
590 0.1 8601.0 0.0 9987 124 5483.827586206895 58
600 0.1 8633.0 0.0 9987 124 5536.6610169491505 59
610 0.1 8470.0 0.0 9987 124 5588.266666666665 60
620 0.1 7695.0 0.0 9987 124 5635.50819672131 61
630 0.1 8209.0 0.0 9987 124 5668.725806451611 62
640 0.1 8052.0 0.0 9987 124 5709.047619047617 63
660 0.1 7625.0 0.0 9987 124 5745.656249999998 64
670 0.1 6553.0 0.0 9987 124 5774.569230769229 65
680 0.1 4946.0 0.0 9987 124 5786.363636363634 66
690 0.1 3822.0 0.0 9987 124 5773.820895522386 67
700 0.1 3190.0 0.0 9987 124 5745.117647058822 68
710 0.1 2714.0 0.0 9987 124 5708.086956521737 69
720 0.1 2025.0 0.0 9987 124 5665.314285714284 70
730 0.1 1720.0 0.0 9987 124 5614.0422535211255 71
740 0.1 1266.0 0.0 9987 124 5559.958333333332 72
750 0.1 777.0 0.0 9987 124 5501.136986301368 73
760 0.1 545.0 0.0 9987 124 5437.297297297296 74
770 0.1 369.0 0.0 9987 124 5372.066666666665 75
780 0.1 124.0 0.0 9987 124 5306.2368421052615 76
790 0.1 60.0 0.0 9987 60 5238.935064935064 77
800 0.1 34.0 0.0 9987 34 5172.53846153846 78
810 0.1 17.0 0.0 9987 17 5107.493670886074 79
814 0.1 10.0 0.0 9987 10 5043.862499999998 80
