0 2.7 55.45462601273148 74.92354451723111 380.64794921875 4.657958984375 0 0
10 10.4 26.37347412109375 44.42342930767347 380.64794921875 3.81201171875 55.45462601273148 27
20 20 25.893861083984383 42.803525864486325 473.94384765625 0.448974609375 32.36729932013359 131
30 22.8 19.599609375 40.22073461322961 518.110107421875 0.43701171875 28.455856277143134 331
40 23.9 13.784706786087863 19.38288960987165 518.110107421875 0.39697265625 24.843648238344144 559
50 35.5 18.080086377640843 25.603807550136594 518.110107421875 0.39697265625 21.53150913171601 798
60 40.4 19.920462126779086 28.618940653968135 518.110107421875 0.34814453125 20.468842108561905 1153
70 44.2 23.46447256787329 73.79232610475856 1421.635986328125 0.343017578125 20.326552119711383 1557
80 40.8 21.637677360983446 76.49464955389432 1484.801025390625 0.343017578125 21.02037945242152 1999
90 47.3 18.3154286551929 25.586803425977493 1484.801025390625 0.343017578125 21.125014910125408 2407
100 65.1 25.18393989715342 71.18690071550004 1586.757080078125 0.343017578125 20.663579389784065 2880
110 51.5 20.253006011074035 65.65589486057146 1586.757080078125 0.337890625 21.496984852909936 3531
120 60.6 17.842747250799285 26.997157273719804 1586.757080078125 0.337890625 21.33864350255267 4046
130 67.4 18.665879790082506 25.286137077376384 1586.757080078125 0.337890625 20.88324515161489 4652
140 73.9 22.06041935364512 62.50269476871096 1586.757080078125 0.337890625 20.602639771653788 5326
150 73.3 16.52392178440484 23.505911660740942 1586.757080078125 0.337890625 20.780265346442178 6065
160 84 19.171881684802795 25.731592099967553 1586.757080078125 0.337890625 20.32132156430429 6798
170 75.5 17.220609672495886 24.706069437820744 1586.757080078125 0.337890625 20.194910265694542 7638
180 76.7 20.17084400719116 25.009144290133104 1586.757080078125 0.337890625 19.9273543324329 8393
190 100.9 25.62279837904175 60.663922705432846 1685.257080078125 0.337890625 19.94774260541757 9160
200 106.1 22.952064449443345 29.269873793069376 1685.257080078125 0.337890625 20.51083939719521 10169
210 115.8 26.667808941197112 56.27110050051822 1685.257080078125 0.337890625 20.74148407933548 11230
220 115.8 27.756289045633643 56.48682761981125 1685.257080078125 0.337890625 21.295462460836593 12388
230 136.6 24.948199114373622 30.860403613576175 1685.257080078125 0.337890625 21.847775851150704 13546
240 135.6 24.473288386972264 31.797786442472436 1685.257080078125 0.328125 22.131787263272653 14912
250 151.2 29.31143882791832 32.98601793117261 1685.257080078125 0.328125 22.3269603345621 16268
260 170.7 68.35846909096738 80.64030246526386 2015.704833984375 0.328125 22.920915985965618 17780
270 186.1 135.2280849352249 112.25937580448152 2015.704833984375 0.328125 26.901102938818187 19487
280 193.1 123.9346772741616 102.03371176834209 2015.704833984375 0.291015625 36.344447209724734 21348
290 208.2 154.90916198085515 119.87702580008798 2137.739990234375 0.291015625 43.61008294383821 23279
300 214.3 55.176254834964105 47.92968183271294 2137.739990234375 0.291015625 52.747131268236664 25361
310 220.6 330.125119303533 97.96543843527088 2137.739990234375 0.291015625 52.936398713099116 27504
320 242.5 392.4804530444585 201.19849455643427 2242.045166015625 0.291015625 73.51796443583547 29710
330 253.4 405.89996766630134 212.41313984879645 2424.364013671875 0.291015625 97.5877959241165 32135
340 270.2 370.7090506055984 208.09325808617396 2424.364013671875 0.291015625 120.12271308915433 34669
350 286.9 360.77412762912877 239.52426229561922 2424.364013671875 0.291015625 138.2406195933804 37371
360 318.7 326.242642994244 255.10117565373932 2426.804931640625 0.291015625 154.1066393387721 40240
370 332.8 317.14657556093675 256.8472944715689 2496.931884765625 0.291015625 166.739274419482 43427
380 353.9 292.8714283999499 227.69703150276402 2496.931884765625 0.280029296875 177.4451988810104 46755
390 399.7 264.4171354223683 288.03975252492654 2647.76904296875 0.280029296875 185.56730939652968 50294
400 385.1 323.6713118472672 402.85308516691686 3683.64599609375 0.280029296875 191.37237385703472 54291
410 362.4 442.2617344466791 772.395369482923 5194.208984375 0.280029296875 200.1351135323191 58142
420 349.8 529.6896216783468 1055.495673049091 6219.552001953125 0.280029296875 214.34142241088728 61766
430 348.8 622.0134962589356 1504.477629007536 10549.947998046875 0.280029296875 231.24335917598862 65264
440 348.4 708.993522915582 1882.2003034642973 16650.671142578125 0.280029296875 251.06832773174435 68752
450 331 714.0469165260333 2093.553168585365 24256.213134765625 0.280029296875 273.1544257994736 72236
460 375.2 726.6810297528814 2104.2956400345015 37549.614990234375 0.280029296875 292.47185020718433 75546
470 361.3 819.2790013790267 2958.4805637447575 40261.4560546875 0.280029296875 313.01654038418064 79298
480 355.8 724.2951195616591 2371.544021633549 40261.4560546875 0.280029296875 335.0778624231668 82911
490 358 681.9545731358033 2190.3505454943083 40261.4560546875 0.280029296875 351.09325523329244 86469
500 345 870.6379774541446 3413.595565637242 70600.10913085938 0.280029296875 364.2470217169956 90049
510 349.6 965.5980773506776 4239.541535061369 72649.51000976563 0.280029296875 382.9322354336468 93499
520 358.2 1197.8328205153318 6218.157167521231 72649.51000976563 0.280029296875 403.93331572997073 96995
530 326.5 1023.8670919374508 4598.554204936078 72649.51000976563 0.280029296875 432.2076530649594 100577
540 331.7 1001.9408089629421 4704.169233374439 72649.51000976563 0.280029296875 450.8106082075672 103842
550 327.2 1311.4983055655678 5703.24187933559 73301.92504882813 0.280029296875 467.8702940566847 107159
560 323.5 2272.810072479952 9989.80826070809 73301.92504882813 0.280029296875 492.86645322989756 110431
570 334.3 1888.7607516814508 9088.9804870169 73301.92504882813 0.280029296875 543.5246765180744 113666
580 331.8 1992.945700932295 9597.358122356567 73301.92504882813 0.280029296875 581.9586790244728 117009
590 339 1713.802594660305 8884.73994251996 73301.92504882813 0.280029296875 620.8664465138156 120327
600 331 1957.8960610749903 9543.442622802004 73301.92504882813 0.27978515625 650.8142592009694 123717
610 339 619.9801637542646 4052.409376720484 73301.92504882813 0.27978515625 684.8734809743169 127027
620 299.4 351.2901719780711 274.2279357674481 73301.92504882813 0.27978515625 683.1866736917082 130417
630 290.2 351.0620011185713 204.52787808570696 73301.92504882813 0.27978515625 675.7382764371292 133411
640 274.9 314.63003716550355 196.22276478553417 73301.92504882813 0.27978515625 668.8261656995293 136313
650 248.3 197.50736640011468 146.72549998333142 73301.92504882813 0.27978515625 661.8243596177814 139062
660 205.2 79.3919686062759 90.5941397721033 73301.92504882813 0.27978515625 653.679253155812 141545
670 191.2 44.61271801553511 84.47197363475836 73301.92504882813 0.27978515625 645.4726923788065 143597
680 166 20.024442447524486 65.4530191045972 73301.92504882813 0.27978515625 637.5773438369117 145509
690 143.6 14.475194394422443 14.966106493037463 73301.92504882813 0.27978515625 630.6116254022795 147169
700 119.8 13.611684350219114 12.271693528481002 73301.92504882813 0.27978515625 624.6577751621983 148605
710 92.2 13.095947265625 12.027032627731648 73301.92504882813 0.27978515625 619.7711359307226 149803
720 76.3 13.496361568745904 12.287324966709063 73301.92504882813 0.27978515625 616.060042721572 150725
730 57.1 12.789803473210377 11.492574666792644 73301.92504882813 0.27978515625 613.0251086758416 151488
740 40.1 12.964058359959477 11.7002985117311 73301.92504882813 0.27978515625 610.771152255829 152059
750 24.6 11.515245887322155 10.214981200960755 73301.92504882813 0.27978515625 609.1988011824179 152460
760 16.4 14.914175638338415 14.057167721180774 73301.92504882813 0.27978515625 608.2359696328875 152706
770 7.5 13.292604166666667 11.005945997527295 73301.92504882813 0.27978515625 607.5994498826742 152870
780 2.5 12.4380078125 11.555062404721559 73301.92504882813 0.27978515625 607.3080182345085 152945
790 1.3 13.483435997596153 9.852820756795797 73301.92504882813 0.27978515625 607.2107981896595 152970
800 1.2 12.156351725260416 7.802128467712565 73301.92504882813 0.27978515625 607.1603451608361 152983
810 0.4 16.7874755859375 12.573357561785771 73301.92504882813 0.27978515625 607.1136766558443 152995
814 0.3 10.371907552083334 3.6987372387892985 73301.92504882813 0.27978515625 607.0982431902381 152999
