10 0.1 121 0 121 121 0 0
20 0.1 295.0 0.0 295 121 121.0 1
30 0.1 517.0 0.0 517 121 208.0 2
40 0.1 585.0 0.0 585 121 311.0 3
50 0.1 678.0 0.0 678 121 379.5 4
60 0.1 906.0 0.0 906 121 439.2 5
70 0.1 1044.0 0.0 1044 121 517.0 6
80 0.1 1195.0 0.0 1195 121 592.2857142857143 7
90 0.1 1014.0 0.0 1195 121 667.625 8
100 0.1 1275.0 0.0 1275 121 706.1111111111111 9
110 0.1 1641.0 0.0 1641 121 763.0 10
120 0.1 1395.0 0.0 1641 121 842.8181818181819 11
130 0.1 1582.0 0.0 1641 121 888.8333333333334 12
140 0.1 1905.0 0.0 1905 121 942.1538461538462 13
150 0.1 1735.0 0.0 1905 121 1010.9285714285714 14
160 0.1 2052.0 0.0 2052 121 1059.2 15
170 0.1 2151.0 0.0 2151 121 1121.25 16
180 0.1 1991.0 0.0 2151 121 1181.8235294117646 17
190 0.1 2229.0 0.0 2229 121 1226.7777777777778 18
200 0.1 2632.0 0.0 2632 121 1279.5263157894738 19
210 0.1 2780.0 0.0 2780 121 1347.15 20
220 0.1 3230.0 0.0 3230 121 1415.3809523809523 21
230 0.1 3421.0 0.0 3421 121 1497.8636363636363 22
240 0.1 3539.0 0.0 3539 121 1581.4782608695652 23
250 0.1 3961.0 0.0 3961 121 1663.0416666666667 24
260 0.1 4202.0 0.0 4202 121 1754.96 25
270 0.1 4563.0 0.0 4563 121 1849.076923076923 26
280 0.1 5212.0 0.0 5212 121 1949.5925925925926 27
290 0.1 4938.0 0.0 5212 121 2066.1071428571427 28
300 0.1 5539.0 0.0 5539 121 2165.1379310344823 29
310 0.1 6112.0 0.0 6112 121 2277.5999999999995 30
320 0.1 6231.0 0.0 6231 121 2401.290322580645 31
330 0.1 6388.0 0.0 6388 121 2520.9687499999995 32
340 0.1 6924.0 0.0 6924 121 2638.1515151515146 33
350 0.1 6990.0 0.0 6990 121 2764.2058823529405 34
360 0.1 7457.0 0.0 7457 121 2884.942857142856 35
370 0.1 8227.0 0.0 8227 121 3011.9444444444434 36
380 0.1 8497.0 0.0 8497 121 3152.891891891891 37
390 0.1 9277.0 0.0 9277 121 3293.526315789473 38
400 0.1 9965.0 0.0 9965 121 3446.9487179487173 39
410 0.1 9152.0 0.0 9965 121 3609.899999999999 40
420 0.1 8645.0 0.0 9965 121 3745.073170731707 41
430 0.1 8965.0 0.0 9965 121 3861.7380952380945 42
440 0.1 9329.0 0.0 9965 121 3980.4186046511622 43
450 0.1 9193.0 0.0 9965 121 4101.977272727272 44
460 0.1 9845.0 0.0 9965 121 4215.11111111111 45
470 0.1 9172.0 0.0 9965 121 4337.499999999999 46
480 0.1 9382.0 0.0 9965 121 4440.361702127659 47
490 0.1 9709.0 0.0 9965 121 4543.312499999999 48
500 0.1 9699.0 0.0 9965 121 4648.73469387755 49
510 0.1 9714.0 0.0 9965 121 4749.739999999999 50
520 0.1 10005.0 0.0 10005 121 4847.078431372548 51
530 0.1 9340.0 0.0 10005 121 4946.26923076923 52
540 0.1 9336.0 0.0 10005 121 5029.169811320754 53
550 0.1 8479.0 0.0 10005 121 5108.925925925925 54
560 0.1 8342.0 0.0 10005 121 5170.199999999999 55
570 0.1 8244.0 0.0 10005 121 5226.839285714284 56
580 0.1 8333.0 0.0 10005 121 5279.77192982456 57
590 0.1 8308.0 0.0 10005 121 5332.4137931034475 58
600 0.1 8194.0 0.0 10005 121 5382.847457627117 59
610 0.1 8072.0 0.0 10005 121 5429.699999999999 60
620 0.1 7236.0 0.0 10005 121 5473.016393442622 61
630 0.1 7253.0 0.0 10005 121 5501.4516129032245 62
640 0.1 7069.0 0.0 10005 121 5529.253968253967 63
660 0.1 6483.0 0.0 10005 121 5553.312499999999 64
670 0.1 5894.0 0.0 10005 121 5567.615384615384 65
680 0.1 5010.0 0.0 10005 121 5572.560606060605 66
690 0.1 4533.0 0.0 10005 121 5564.164179104477 67
700 0.1 3846.0 0.0 10005 121 5548.999999999999 68
710 0.1 3297.0 0.0 10005 121 5524.318840579709 69
720 0.1 2487.0 0.0 10005 121 5492.499999999999 70
730 0.1 2090.0 0.0 10005 121 5450.169014084507 71
740 0.1 1552.0 0.0 10005 121 5403.5 72
750 0.1 983.0 0.0 10005 121 5350.739726027397 73
760 0.1 697.0 0.0 10005 121 5291.716216216216 74
770 0.1 422.0 0.0 10005 121 5230.453333333333 75
780 0.1 157.0 0.0 10005 121 5167.184210526315 76
790 0.1 72.0 0.0 10005 72 5102.1168831168825 77
800 0.1 47.0 0.0 10005 47 5037.628205128204 78
810 0.1 21.0 0.0 10005 21 4974.455696202531 79
814 0.1 13.0 0.0 10005 13 4912.537499999999 80
