20 0.1 14454.9580078125 0 14454.9580078125 14454.9580078125 0 0
30 0.2 28362.758544921875 138.8125 28501.571044921875 14454.9580078125 14454.9580078125 1
40 0.2 33291.576904296875 5382.595947265625 38674.1728515625 14454.9580078125 23726.825032552082 3
50 0.2 37291.654052734375 10611.68994140625 47903.343994140625 14454.9580078125 27552.72578125 5
60 0.6 41351.80281575521 15412.194388147269 63675.23291015625 14454.9580078125 30335.276715959822 7
70 0.6 41535.86124674479 17513.189059372256 65810.85107421875 14454.9580078125 35419.827223557695 13
80 0.4 51038.529846191406 19066.99862229852 69702.04711914063 14454.9580078125 37351.20638877467 19
90 0.9 63993.65890842014 27096.41166072422 93080.2939453125 14454.9580078125 39731.61046832541 23
100 1 62713.12431640625 27492.52326661481 101103.51806640625 14454.9580078125 46555.31159210205 32
110 1.7 57509.660745059744 21635.613213879544 101103.51806640625 14454.9580078125 50402.40985979353 42
120 0.8 69501.92349243164 30927.104662326357 118167.75415039063 14454.9580078125 52450.26180978549 59
130 0.8 61562.24588012695 17839.794338694952 118167.75415039063 14454.9580078125 54486.281115176076 67
140 1.6 60066.701171875 26150.548954927763 118167.75415039063 14454.9580078125 55241.050690104166 75
150 0.9 54342.40345594618 28915.448060151553 118167.75415039063 14454.9580078125 56089.51670887706 91
160 1.6 66654.07015991211 25510.233288574243 118167.75415039063 14454.9580078125 55932.276516113285 100
170 2.2 63347.98672762784 23855.479642913077 118167.75415039063 14454.9580078125 57411.14460491312 116
180 1.7 69354.70177504595 21950.207236011993 118167.75415039063 14454.9580078125 58357.5976969401 138
190 1.7 53770.93141084559 24061.50164466204 118167.75415039063 14454.9580078125 59563.73169260332 155
200 2.4 62410.445709228516 28759.11554480984 136276.66088867188 14454.9580078125 58991.18747870866 172
210 1.8 62614.67801920573 22229.842033196448 136276.66088867188 14454.9580078125 59409.87215999681 196
220 1.7 60724.969755284925 27469.827596561518 136276.66088867188 14454.9580078125 59679.4352696499 214
230 2.7 57827.81099898727 28437.483029999014 136276.66088867188 14454.9580078125 59756.37936599533 231
240 2.8 63340.89778355189 34904.02228653033 138311.4208984375 14454.9580078125 59554.55244386658 258
250 2.9 59084.4444958917 22002.4139021075 138311.4208984375 14454.9580078125 59925.24359600361 286
260 3.6 61267.11535644531 22422.944576757778 138311.4208984375 14454.9580078125 59847.83669472346 315
270 2.9 51094.576904296875 26902.87025263322 138311.4208984375 14454.9580078125 59993.403736951346 351
280 3.9 62753.74700145232 28349.862650214873 147466.3271484375 14429.93115234375 59314.282741827716 380
290 4.6 63095.81097146739 29529.181604404996 147466.3271484375 14429.93115234375 59634.42380656604 419
300 3.3 62538.363532788826 29085.550662084966 147466.3271484375 14429.93115234375 59976.840601373486 465
310 3.3 64443.744258996216 30152.602679829346 147466.3271484375 14403.05810546875 60146.58007273234 498
320 4.4 63317.52384810014 32662.941732257324 162457.90405273438 4697.72216796875 60413.635474138566 531
330 4.3 60935.08636900436 27361.026377929127 162457.90405273438 4697.72216796875 60635.846062754754 575
340 7.2 61840.72556898329 35404.468575870305 162457.90405273438 3724.629150390625 60656.66699021225 618
350 6.2 58739.51505008821 30404.602295272205 162457.90405273438 3724.629150390625 60780.22092886662 690
360 8 64835.15736083985 31705.563983801312 162457.90405273438 3724.629150390625 60611.971242052445 752
370 8.5 67358.3955824908 36325.75347741406 162457.90405273438 2463.68798828125 61018.04683039738 832
380 6.5 64816.31349534255 33918.396563094546 162457.90405273438 2463.68798828125 61605.75636576046 917
390 8.8 71047.76145796348 31007.680468530994 162457.90405273438 2463.68798828125 61818.26778472465 982
400 11.7 66451.98574803019 36585.353864748555 163506.65405273438 2463.68798828125 62577.328946635884 1070
410 11.7 69986.19996786519 35222.36476048906 166056.25805664063 2463.68798828125 62959.24541315917 1187
420 12.5 70200.13962304684 35000.78041654013 195976.701171875 2463.68798828125 63589.731366303815 1304
430 11.6 64173.02791200835 32321.874483086773 207802.81298828125 2463.68798828125 64167.96861759344 1429
440 12 70985.56505737298 30673.11749740613 207802.81298828125 2463.68798828125 64168.34847400259 1545
450 12 69936.05751953121 28469.09516562364 207802.81298828125 2463.68798828125 64659.67939893018 1665
460 15.2 72359.38556550675 29205.360070457184 207802.81298828125 2463.68798828125 65014.393894432775 1785
470 13.7 73093.12156421077 29313.54603175075 207802.81298828125 2463.68798828125 65590.7690797726 1937
480 13.7 75396.29777493441 29450.561311310135 207802.81298828125 2463.68798828125 66086.34395458843 2074
490 11.9 72620.80344422926 30266.71985745259 207802.81298828125 2463.68798828125 66663.21581048504 2211
500 11.5 76379.47337168822 35462.36120382925 207802.81298828125 2463.68798828125 66967.48745358185 2330
510 13.1 86781.91959014196 34649.13433767584 207802.81298828125 2463.68798828125 67410.17799778725 2445
520 14 80395.14790213449 33777.22145979521 207802.81298828125 2463.68798828125 68395.30926665312 2576
530 12.8 87402.75559616089 35639.834717325735 207802.81298828125 2463.68798828125 69013.85764992535 2716
540 11.3 82521.37711084419 34119.709950434124 207802.81298828125 2463.68798828125 69841.48737465045 2844
550 13.1 83396.36179590592 33333.35336674127 207802.81298828125 2463.68798828125 70326.04183531662 2957
560 12.2 86695.1305511975 31017.223046421033 207802.81298828125 2463.68798828125 70880.51460566545 3088
570 12.7 86222.57309224283 30462.664356037192 207802.81298828125 2463.68798828125 71481.56854502835 3210
580 11.9 90179.34418288797 33720.512677096376 207802.81298828125 2463.68798828125 72042.58370160498 3337
590 13.5 96309.44641927084 29064.279998868875 207802.81298828125 2463.68798828125 72667.08442419545 3456
600 14.4 108757.81245591905 34454.08728485755 207802.81298828125 2463.68798828125 73555.89502551407 3591
610 13.9 109878.76504011634 31354.609777528807 207802.81298828125 2463.68798828125 74913.07738427666 3735
620 13.7 125515.15073634239 32874.7970842107 207802.81298828125 2463.68798828125 76167.65420001278 3874
630 8.8 134644.14947509769 35982.34507038194 207802.81298828125 2463.68798828125 77853.17078577123 4011
640 12 150691.45182902025 36378.259975122 235234.76489257813 2463.68798828125 79072.39648098 4099
650 12.6 156333.6088789682 35982.77808383377 235234.76489257813 2463.68798828125 81109.4400083004 4219
660 9.8 164843.7280447824 31125.645851652454 236532.03393554688 2463.68798828125 83290.85434148893 4345
670 9.5 171140.98691149266 31178.7984246116 241782.9677734375 2463.68798828125 85089.67982492867 4443
680 8.4 185834.46393403556 31975.394579681706 255400.00610351563 2463.68798828125 86891.10648275669 4538
690 6.5 199637.14988356366 32481.36413657772 292421.6179199219 2463.68798828125 88689.29818027018 4622
700 6.9 207341.91703464673 29458.325014655078 292421.6179199219 2463.68798828125 90227.93917892905 4687
710 4.6 217227.1824101987 30321.948818437744 292421.6179199219 2463.68798828125 91927.02758768525 4756
720 4.5 224075.91901584202 26651.03147473926 296472.7919921875 2463.68798828125 93127.32061597255 4802
730 5 228661.45906738282 23734.90287582366 296472.7919921875 2463.68798828125 94343.05961493978 4847
740 2.1 232266.52294921875 15109.234395624095 296472.7919921875 2463.68798828125 95714.49518214872 4897
750 2.2 259047.36265980115 25460.24970101061 313247.2490234375 2463.68798828125 96297.57622792109 4918
760 1.1 259687.09630237927 10792.884023080927 313247.2490234375 2463.68798828125 97022.3728476582 4940
770 0.9 260248.05598958334 8100.690597352647 313247.2490234375 2463.68798828125 97383.77699995106 4951
780 0.4 276831.1422729492 14614.062526895732 313247.2490234375 2463.68798828125 97679.29686102095 4960
790 0.1 272278.8640136719 0.0 313247.2490234375 2463.68798828125 97823.6577356478 4964
800 0.1 285995.8449707031 0.0 313247.2490234375 2463.68798828125 97858.79473590519 4965
810 0 0 0 313247.2490234375 2463.68798828125 97896.67976414418 4966
814 0.1 303799.7849121094 0.0 313247.2490234375 2463.68798828125 97896.67976414418 4966
