0 75.68515625 75.68515625
10 307.80546875 383.490625
20 648.553125 1032.04375
30 677.271875 1709.315625
40 593.74609375 2303.06171875
50 1029.83125 3332.89296875
60 1189.5640625 4522.45703125
70 1329.559375 5852.01640625
80 1169.9 7021.91640625
90 1316.69765625 8338.6140625
100 2116.471875 10455.0859375
110 1501.06015625 11956.14609375
120 1753.1234375 13709.26953125
130 1978.86171875 15688.13125
140 2310.7515625 17998.8828125
150 2077.290625 20076.1734375
160 2632.98671875 22709.16015625
170 2164.334375 24873.49453125
180 2320.53203125 27194.0265625
190 3453.06640625 30647.09296875
200 3400.7 34047.79296875
210 3778.38203125 37826.175
220 3816.69609375 41642.87109375
230 4704.99140625 46347.8625
240 4442.35546875 50790.21796875
250 5046.12578125 55836.34375
260 5934.371875 61770.715625
270 6607.1921875 68377.9078125
280 6567.99453125 74945.90234375
290 7167.17421875 82113.0765625
300 7060.9078125 89173.984375
310 7717.2359375 96891.2203125
320 7377.90078125 104269.12109375
330 7278.140625 111547.26171875
340 7212.56953125 118759.83125
350 7642.93046875 126402.76171875
360 7268.8265625 133671.58828125
370 7328.8125 141000.40078125
380 7539.95234375 148540.353125
390 7197.18671875 155737.53984375
400 6975.89296875 162713.4328125
410 6853.5671875 169567
420 6529.6734375 176096.6734375
430 7106.7765625 183203.45
440 7646.88828125 190850.33828125
450 6327.40234375 197177.740625
460 7544.2109375 204721.9515625
470 6774.503125 211496.4546875
480 6684.77578125 218181.23046875
490 6833.94140625 225015.171875
500 6922.5765625 231937.7484375
510 7494.1734375 239431.921875
520 7110.20625 246542.128125
530 7301.3671875 253843.4953125
540 7045.31328125 260888.80859375
550 7531.59296875 268420.4015625
560 7168.88203125 275589.28359375
570 6921.19296875 282510.4765625
580 6601.6296875 289112.10625
590 6952.38359375 296064.48984375
600 7078.9 303143.38984375
610 7015.3109375 310158.70078125
620 6869.5234375 317028.22421875
630 7888.65546875 324916.8796875
640 7895.33125 332812.2109375
650 7967.6125 340779.8234375
660 6462.775 347242.5984375
670 6153.5421875 353396.140625
680 4894.8484375 358290.9890625
690 4241.05234375 362532.04140625
700 3475.43984375 366007.48125
710 2742.34921875 368749.83046875
720 2348.3640625 371098.19453125
730 1701.95859375 372800.153125
740 1129.86953125 373930.02265625
750 517.89921875 374447.921875
760 604.6390625 375052.5609375
770 218.54765625 375271.10859375
780 56.425 375327.53359375
790 33.6953125 375361.22890625
800 15.59453125 375376.8234375
810 16.15234375 375392.97578125
814 0.01875 375392.99453125
