0 9.41640625 9.41640625
10 45.9078125 55.32421875
20 90.8875 146.21171875
30 101.0453125 247.25703125
40 105.53046875 352.7875
50 160.65078125 513.43828125
60 177.25234375 690.690625
70 198.14921875 888.83984375
80 182.4859375 1071.32578125
90 216.14765625 1287.4734375
100 290.73359375 1578.20703125
110 230.14140625 1808.3484375
120 270.0796875 2078.428125
130 300.9203125 2379.3484375
140 331.43203125 2710.78046875
150 325.55390625 3036.334375
160 376.05859375 3412.39296875
170 338.74765625 3751.140625
180 345.3515625 4096.4921875
190 444.0703125 4540.5625
200 476.215625 5016.778125
210 520.03515625 5536.81328125
220 520.23515625 6057.0484375
230 607.53359375 6664.58203125
240 601.10703125 7265.6890625
250 675.34453125 7941.03359375
260 756.85546875 8697.8890625
270 825.44140625 9523.33046875
280 872.93203125 10396.2625
290 912.84921875 11309.11171875
300 959.0609375 12268.17265625
310 987.125 13255.29765625
320 1090.29140625 14345.5890625
330 1115.16484375 15460.75390625
340 1179.49140625 16640.2453125
350 1236.4953125 17876.740625
360 1366.96015625 19243.70078125
370 1396.12109375 20639.821875
380 1500.8609375 22140.6828125
390 1662.5953125 23803.278125
400 1599.2015625 25402.4796875
410 1487.0046875 26889.484375
420 1385.303125 28274.7875
430 1378.8734375 29653.6609375
440 1362.13125 31015.7921875
450 1312.2703125 32328.0625
460 1457.6703125 33785.7328125
470 1396.7734375 35182.50625
480 1384.571875 36567.078125
490 1399.77109375 37966.84921875
500 1339.41875 39306.26796875
510 1372.41484375 40678.6828125
520 1385.45 42064.1328125
530 1264.58359375 43328.71640625
540 1309.19765625 44637.9140625
550 1261.0265625 45898.940625
560 1236.40078125 47135.34140625
570 1288.0484375 48423.38984375
580 1279.6625 49703.05234375
590 1304.1640625 51007.21640625
600 1238.8109375 52246.02734375
610 1284.1203125 53530.14765625
620 1182.21875 54712.36640625
630 1148.515625 55860.88203125
640 1086.853125 56947.73515625
650 981.40390625 57929.1390625
660 871.54296875 58800.68203125
670 783.3921875 59584.07421875
680 698.17421875 60282.2484375
690 620.53671875 60902.78515625
700 525.25390625 61428.0390625
710 406.91328125 61834.95234375
720 337.6421875 62172.59453125
730 255.12421875 62427.71875
740 179.5078125 62607.2265625
750 110.453125 62717.6796875
760 74.08671875 62791.76640625
770 33.93203125 62825.6984375
780 11.3875 62837.0859375
790 5.9140625 62843
800 5.475 62848.475
810 1.8125 62850.2875
814 1.3734375 62851.6609375
