0 1.1 11
10 1.1 22
20 0.5 27
30 0.7 34
40 1.3 47
50 0.8 55
60 1.8 73
70 1.6 89
80 0.9 98
90 1 108
100 1.9 127
110 1.7 144
120 1.6 160
130 2.6 186
140 1.7 203
150 2.4 227
160 1.6 243
170 2.1 264
180 3 294
190 3.3 327
200 3.4 361
210 4.3 404
220 4.1 445
230 3 475
240 4.9 524
250 5.3 577
260 6.4 641
270 8.4 725
280 5.8 783
290 5.2 835
300 8 915
310 9.9 1014
320 8.8 1102
330 9.6 1198
340 9.3 1291
350 11.6 1407
360 13.8 1545
370 15 1695
380 13.6 1831
390 15.5 1986
400 16.9 2155
410 14.1 2296
420 18.2 2478
430 20.3 2681
440 18.1 2862
450 23.1 3093
460 19.1 3284
470 18.3 3467
480 22.7 3694
490 23.7 3931
500 22 4151
510 25.1 4402
520 22.9 4631
530 22.9 4860
540 10.7 4967
550 0 4967
560 0 4967
570 0 4967
580 0 4967
590 0 4967
600 0 4967
610 0 4967
620 0 4967
630 0 4967
640 0 4967
650 0 4967
660 0 4967
670 0 4967
680 0 4967
690 0 4967
700 0 4967
710 0 4967
720 0 4967
730 0 4967
740 0 4967
750 0 4967
760 0 4967
770 0 4967
780 0 4967
790 0 4967
800 0 4967
810 0 4967
814 0 4967
