0 11 11
10 22 22
20 26 26
30 31 31
40 42 42
50 48 48
60 60 60
70 70 71
80 75 75
90 76 81
100 85 88
110 85 88
120 93 94
130 111 112
140 112 115
150 127 127
160 127 130
170 126 130
180 139 140
190 155 155
200 165 169
210 190 194
220 214 216
230 217 220
240 238 238
250 262 262
260 290 296
270 345 345
280 364 365
290 370 380
300 417 417
310 483 484
320 527 528
330 580 580
340 601 604
350 655 656
360 713 714
370 778 778
380 849 850
390 916 922
400 968 969
410 992 995
420 1049 1050
430 1136 1137
440 1197 1202
450 1308 1308
460 1347 1347
470 1393 1393
480 1483 1484
490 1601 1602
500 1706 1706
510 1826 1826
520 1915 1917
530 2016 2016
540 2010 2077
550 1879 2077
560 1757 2077
570 1630 2077
580 1511 2077
590 1376 2077
600 1232 2077
610 1093 2077
620 956 2077
630 868 2077
640 748 2077
650 622 2077
660 524 2077
670 429 2077
680 345 2077
690 280 2077
700 211 2077
710 165 2077
720 120 2077
730 70 2077
740 49 2077
750 27 2077
760 16 2077
770 7 2077
780 3 2077
790 2 2077
800 1 2077
810 1 2077
814 0 2077
