0 1.2 12
10 2.9 41
20 4.2 83
30 5.1 134
40 3.5 169
50 4 209
60 5.2 261
70 3.9 300
80 4.3 343
90 4.3 386
100 5.6 442
110 5.2 494
120 9.1 585
130 7.3 658
140 9.5 753
150 8.7 840
160 6.6 906
170 5 956
180 9 1046
190 9.6 1142
200 17.9 1321
210 17.6 1497
220 18.9 1686
230 17.9 1865
240 15.1 2016
250 20.7 2223
260 19.6 2419
270 21 2629
280 19.1 2820
290 22.2 3042
300 25 3292
310 26.1 3553
320 26.2 3815
330 27.4 4089
340 17.8 4267
350 23.2 4499
360 19.7 4696
370 23.9 4935
380 20.9 5144
390 18.1 5325
400 21.1 5536
410 24.7 5783
420 26.5 6048
430 19.8 6246
440 20.7 6453
450 7.2 6525
453 0 6525
