0 0.6 24.939249674479168 51.921959467296304 141.0380859375 1.284912109375 0 0
10 0.9 1.6429850260416667 0.34459005648332486 141.0380859375 1.205078125 24.939249674479168 6
20 1 1.62431640625 0.35804848364498404 141.0380859375 1.205078125 10.961490885416667 15
30 1.4 1.6050153459821428 0.380713565368707 141.0380859375 1.114990234375 7.22662109375 25
40 0.8 1.615234375 0.3470825004262345 141.0380859375 1.114990234375 5.208608774038462 39
50 1.1 1.7513760653409092 0.5518260937275362 141.0380859375 1.0380859375 4.596970578457447 47
60 1.2 7.404642740885417 17.855197311198175 141.0380859375 1.0380859375 4.057288860452586 58
70 0.7 1.9168526785714286 0.06948374503337094 141.0380859375 1.0380859375 4.631120954241071 70
80 1.3 1.9458946814903846 0.08872795844159789 141.0380859375 1.0380859375 4.384369292816558 77
90 0.9 2.0023328993055554 0.1041168164250931 141.0380859375 1.0380859375 4.032145182291667 90
100 1.6 3.594635009765625 2.7606563640798214 141.0380859375 1.0380859375 3.847616792929293 99
110 1.6 2.787109375 1.9942297303769403 141.0380859375 1.0380859375 3.812419327445652 115
120 2.3 2.397216796875 1.9194176890212666 141.0380859375 1.0380859375 3.6871906309637406 131
130 1.7 1.948874080882353 0.09891267449248357 141.0380859375 1.0380859375 3.49453220119724 154
140 2.5 2.0229296875 0.16703381357108094 141.0380859375 1.0380859375 3.3408702828033627 171
150 2.3 2.0865637737771734 0.21920621965153922 141.0380859375 1.0380859375 3.1727656150350767 196
160 1.4 2.1299176897321432 0.43595297275809713 141.0380859375 1.0380859375 3.058689622574201 219
170 1.2 2.5343831380208335 1.5569942231770055 141.0380859375 1.0380859375 3.0028835836909873 233
180 2.8 4.092180524553572 10.806849345937037 141.0380859375 1.0380859375 2.9799366230867346 245
190 3.8 1.750012849506579 0.37672825792267484 141.0380859375 1.0380859375 3.094012920673077 273
200 4.7 1.6389523769946808 0.37389950206631445 141.0380859375 1.01513671875 2.929794262459807 311
210 4.4 1.5354947176846592 0.362796333830064 141.0380859375 0.945068359375 2.7603261936976256 358
220 3.8 1.7527048211348684 0.6214607626280186 141.0380859375 0.945068359375 2.626265037119092 402
230 4.4 1.5939608487215908 0.3538244387932827 141.0380859375 0.945068359375 2.550821200284091 440
240 4.2 2.121117001488096 3.425146588062145 141.0380859375 0.945068359375 2.463833895596591 484
250 8 1.655548095703125 0.9137231036719203 141.0380859375 0.945068359375 2.4364686683103614 526
260 5.6 1.825535365513393 1.2580633274506294 141.0380859375 0.945068359375 2.3333768435437294 606
270 6.3 1.890807136656746 1.288688629647644 141.0380859375 0.945068359375 2.2904174435895017 662
280 6 1.6834554036458333 0.4636309799132548 141.0380859375 0.945068359375 2.255692685883621 725
290 5.6 1.9031590053013392 1.3091887337644799 141.0380859375 0.945068359375 2.2119548044386943 785
300 7.7 1.989819018871754 3.0343757662416824 141.0380859375 0.927978515625 2.191392896291617 841
310 11.5 1.9601838485054344 3.560189805371391 141.0380859375 0.84814453125 2.174485283479711 918
320 11.5 1.5492378566576086 0.36861835869118753 141.0380859375 0.84814453125 2.150627911725556 1033
330 8.8 1.5161548961292615 0.3672131288198547 141.0380859375 0.84814453125 2.0903841344321643 1148
340 11.3 1.8787722967367257 1.862309852328186 141.0380859375 0.84814453125 2.049500499342637 1236
350 9.2 1.534455672554348 0.3643805828512274 141.0380859375 0.84814453125 2.035199322993884 1349
360 12.2 1.6044901863473362 1.0820225813872935 141.0380859375 0.84814453125 2.003229568767349 1441
370 16.5 1.53811553030303 0.7157286601781031 141.0380859375 0.84814453125 1.9721059573436501 1563
380 14.9 1.516023162227349 0.7529788440365132 141.0380859375 0.831787109375 1.9306658992060908 1728
390 13.7 1.438938113024635 0.4025340896798048 141.0380859375 0.831787109375 1.8977507325519445 1877
400 17.8 1.6641982860779494 0.7621010328941143 141.0380859375 0.831787109375 1.866540539465926 2014
410 15.6 1.5120896559495194 0.3947213313476378 141.0380859375 0.831787109375 1.8501094623203695 2192
420 4.7 2.7459950548537235 8.486538446087108 141.0380859375 0.831787109375 1.8276515876211137 2348
430 0 0 0 141.0380859375 0.831787109375 1.8456733592119 2395
440 0 0 0 141.0380859375 0.831787109375 1.8456733592119 2395
450 0 0 0 141.0380859375 0.831787109375 1.8456733592119 2395
453 0 0 0 141.0380859375 0.831787109375 1.8456733592119 2395
