0 0.1 3.210575215071021 0 3.210575215071021 3.210575215071021 0 0
10 0.1 2.263779527559055 0.0 3.210575215071021 2.263779527559055 3.210575215071021 1
20 0.1 1.4792899408284024 0.0 3.210575215071021 1.4792899408284024 2.7371773713150382 2
30 0.1 1.7751479289940828 0.0 3.210575215071021 1.4792899408284024 2.3178815611528263 3
40 0.1 1.5810276679841897 0.0 3.210575215071021 1.4792899408284024 2.1821981531131405 4
50 0.1 1.673228346456693 0.0 3.210575215071021 1.4792899408284024 2.0619640560873504 5
60 0.1 1.678183613030602 0.0 3.210575215071021 1.4792899408284024 1.9971747711489076 6
70 0.1 2.1653543307086616 0.0 3.210575215071021 1.4792899408284024 1.9516046057034353 7
80 0.1 1.0869565217391304 0.0 3.210575215071021 1.0869565217391304 1.9783233213290885 8
90 0.1 1.87192118226601 0.0 3.210575215071021 1.0869565217391304 1.8792825658190933 9
100 0.1 1.5794669299111548 0.0 3.210575215071021 1.0869565217391304 1.8785464274637849 10
110 0.1 2.0689655172413794 0.0 3.210575215071021 1.0869565217391304 1.8513573822317277 11
120 0.1 2.5440313111545985 0.0 3.210575215071021 1.0869565217391304 1.8694913934825321 12
130 0.1 2.747791952894995 0.0 3.210575215071021 1.0869565217391304 1.9213790794573065 13
140 0.1 2.4582104228121926 0.0 3.210575215071021 1.0869565217391304 1.9804085704171415 14
150 0.1 2.848722986247544 0.0 3.210575215071021 1.0869565217391304 2.0122620272434784 15
160 0.1 2.465483234714004 0.0 3.210575215071021 1.0869565217391304 2.0645408371812324 16
170 0.1 1.9704433497536946 0.0 3.210575215071021 1.0869565217391304 2.088125684094925 17
180 0.1 1.9723865877712032 0.0 3.210575215071021 1.0869565217391304 2.0815877766315234 18
190 0.1 2.6627218934911245 0.0 3.210575215071021 1.0869565217391304 2.0758403456388748 19
200 0.1 3.6345776031434185 0.0 3.6345776031434185 1.0869565217391304 2.1051844230314876 20
210 0.1 3.9292730844793713 0.0 3.9292730844793713 1.0869565217391304 2.1780126697034845 21
220 0.1 3.8348082595870205 0.0 3.9292730844793713 1.0869565217391304 2.2576154158296613 22
230 0.1 3.857566765578635 0.0 3.9292730844793713 1.0869565217391304 2.326189017732155 23
240 0.1 3.066271018793274 0.0 3.9292730844793713 1.0869565217391304 2.3899964238924247 24
250 0.1 4.3264503441494595 0.0 4.3264503441494595 1.0869565217391304 2.4170474076884587 25
260 0.1 4.616895874263261 0.0 4.616895874263261 1.0869565217391304 2.490485982167728 26
270 0.1 4.133858267716536 0.0 4.616895874263261 1.0869565217391304 2.569241904097192 27
280 0.1 4.3264503441494595 0.0 4.616895874263261 1.0869565217391304 2.62512105994074 28
290 0.1 4.137931034482759 0.0 4.616895874263261 1.0869565217391304 2.68378758698242 29
300 0.1 4.142011834319527 0.0 4.616895874263261 1.0869565217391304 2.7322590352324316 30
310 0.1 5.708661417322835 0.0 5.708661417322835 1.0869565217391304 2.777734931977177 31
320 0.1 6.360078277886497 0.0 6.360078277886497 1.0869565217391304 2.8693263846442285 32
330 0.1 5.9405940594059405 0.0 6.360078277886497 1.0869565217391304 2.9751067450455095 33
340 0.1 7.490272373540856 0.0 7.490272373540856 1.0869565217391304 3.0623269601737575 34
350 0.1 7.429130009775172 0.0 7.490272373540856 1.0869565217391304 3.18883968626996 35
360 0.1 5.247524752475248 0.0 7.490272373540856 1.0869565217391304 3.3066255285895494 36
370 0.1 8.259587020648967 0.0 8.259587020648967 1.0869565217391304 3.359082264370244 37
380 0.1 8.904109589041095 0.0 8.904109589041095 1.0869565217391304 3.4880429158512634 38
390 0.1 8.10546875 0.0 8.904109589041095 1.0869565217391304 3.6269164202920283 39
400 0.1 9.152872444011685 0.0 9.152872444011685 1.0869565217391304 3.7388802285347276 40
410 0.1 9.135559921414538 0.0 9.152872444011685 1.0869565217391304 3.8709288191561164 41
420 0.1 7.8354554358472095 0.0 9.152872444011685 1.0869565217391304 3.996277178733698 42
430 0.1 3.4482758620689653 0.0 9.152872444011685 1.0869565217391304 4.085560394015408 43
440 0.1 3.0511811023622046 0.0 9.152872444011685 1.0869565217391304 4.071076654652988 44
450 0.1 2.171767028627838 0.0 9.152872444011685 1.0869565217391304 4.048412309046526 45
