0 0.1 1
10 0.5 6
20 1.2 18
30 1.2 30
40 0.9 39
50 0.9 48
60 1.4 62
70 1 72
80 1.1 83
90 1.2 95
100 1.1 106
110 1.2 118
120 2.1 139
130 1.8 157
140 2.5 182
150 2.1 203
160 1.6 219
170 1.5 234
180 1.7 251
190 2.6 277
200 2.6 303
210 5 353
220 5 403
230 4.9 452
240 3.4 486
250 3.7 523
260 4.3 566
270 4.6 612
280 4.7 659
290 4.8 707
300 6.1 768
310 5 818
320 5.3 871
330 10 971
340 9.9 1070
350 10.2 1172
360 10.7 1279
370 14.5 1424
380 15.6 1580
390 13.6 1716
400 16.7 1883
410 17 2053
420 10 2153
430 7.1 2224
440 11 2334
450 6.1 2395
453 0 2395
