0 0.1 3162.3671875 0 3162.3671875 3162.3671875 0 0
10 0.1 3160.29296875 0.0 3162.3671875 3160.29296875 3162.3671875 1
20 0.1 3158.375 0.0 3162.3671875 3158.375 3161.330078125 2
30 0.1 3157.77734375 0.0 3162.3671875 3157.77734375 3160.3450520833335 3
40 0.1 3157.54296875 0.0 3162.3671875 3157.54296875 3159.703125 4
50 0.1 3157.46484375 0.0 3162.3671875 3157.46484375 3159.27109375 5
60 0.1 3156.59375 0.0 3162.3671875 3156.59375 3158.9700520833335 6
70 0.1 3156.6015625 0.0 3162.3671875 3156.59375 3158.6305803571427 7
80 0.1 3156.25 0.0 3162.3671875 3156.25 3158.376953125 8
90 0.1 3157.46875 0.0 3162.3671875 3156.25 3158.140625 9
100 0.1 3158.33984375 0.0 3162.3671875 3156.25 3158.0734375 10
110 0.1 3157.23828125 0.0 3162.3671875 3156.25 3158.09765625 11
120 0.1 3157.11328125 0.0 3162.3671875 3156.25 3158.0260416666665 12
130 0.1 3154.83984375 0.0 3162.3671875 3154.83984375 3157.955829326923 13
140 0.1 3155.2265625 0.0 3162.3671875 3154.83984375 3157.7332589285716 14
150 0.1 3153.046875 0.0 3162.3671875 3153.046875 3157.5661458333334 15
160 0.1 3156.5625 0.0 3162.3671875 3153.046875 3157.28369140625 16
170 0.1 3155.61328125 0.0 3162.3671875 3153.046875 3157.241268382353 17
180 0.1 3156.69140625 0.0 3162.3671875 3153.046875 3157.150824652778 18
190 0.1 3155.91015625 0.0 3162.3671875 3153.046875 3157.126644736842 19
200 0.1 3152.859375 0.0 3162.3671875 3152.859375 3157.0658203125 20
210 0.1 3149.58203125 0.0 3162.3671875 3149.58203125 3156.8655133928573 21
220 0.1 3149.22265625 0.0 3162.3671875 3149.22265625 3156.5344460227275 22
230 0.1 3148.97265625 0.0 3162.3671875 3148.97265625 3156.216542119565 23
240 0.1 3148.15625 0.0 3162.3671875 3148.15625 3155.9147135416665 24
250 0.1 3148.98046875 0.0 3162.3671875 3148.15625 3155.604375 25
260 0.1 3145.68359375 0.0 3162.3671875 3145.68359375 3155.349609375 26
270 0.1 3143.49609375 0.0 3162.3671875 3143.49609375 3154.991608796296 27
280 0.1 3141.671875 0.0 3162.3671875 3141.671875 3154.5810546875 28
290 0.1 3139.375 0.0 3162.3671875 3139.375 3154.1359105603447 29
300 0.1 3136.953125 0.0 3162.3671875 3136.953125 3153.6438802083335 30
310 0.1 3134.625 0.0 3162.3671875 3134.625 3153.10546875 31
320 0.1 3129.03515625 0.0 3162.3671875 3129.03515625 3152.5279541015625 32
330 0.1 3123.13671875 0.0 3162.3671875 3123.13671875 3151.8160511363635 33
340 0.1 3121.3125 0.0 3162.3671875 3121.3125 3150.972541360294 34
350 0.1 3121.0703125 0.0 3162.3671875 3121.0703125 3150.125111607143 35
360 0.1 3120.33984375 0.0 3162.3671875 3120.33984375 3149.3180338541665 36
370 0.1 3119.72265625 0.0 3162.3671875 3119.72265625 3148.534839527027 37
380 0.1 3119.03125 0.0 3162.3671875 3119.03125 3147.7766241776317 38
390 0.1 3118.8671875 0.0 3162.3671875 3118.8671875 3147.039563301282 39
400 0.1 3118.70703125 0.0 3162.3671875 3118.70703125 3146.33525390625 40
410 0.1 3118.66015625 0.0 3162.3671875 3118.66015625 3145.661394817073 41
420 0.1 3118.34375 0.0 3162.3671875 3118.34375 3145.018508184524 42
430 0.1 3118.3828125 0.0 3162.3671875 3118.34375 3144.3981649709303 43
440 0.1 3118.02734375 0.0 3162.3671875 3118.02734375 3143.8069069602275 44
450 0.1 3118.37890625 0.0 3162.3671875 3118.02734375 3143.2340277777776 45
