0 1.2 136.94270833333334 113.08390680853262 382.9677734375 10.31884765625 0 0
10 2.9 1013.672742120151 1026.995574040938 3126.68798828125 10.31884765625 136.94270833333334 12
20 4.2 220.00531877790178 411.35766202633306 3126.68798828125 9.216064453125 757.0688297923019 41
30 5.1 137.38462679993873 138.3643749652688 3126.68798828125 9.216064453125 485.30175192959337 83
40 3.5 170.00848911830357 154.21146920464398 3126.68798828125 9.216064453125 352.8855326638293 134
50 4 444.44849243164055 1114.7775565742215 6335.30419921875 8.768798828125 315.01158873428255 169
60 5.2 307.38331017127405 774.7052491799559 6335.30419921875 8.768798828125 339.78420188210225 209
70 3.9 107.36632361778847 83.89125563368462 6335.30419921875 8.768798828125 333.32885180944686 261
80 4.3 123.62249613917152 183.3526328348685 6335.30419921875 8.768798828125 303.95372314453124 300
90 4.3 117.73306345385177 146.19999441490327 6335.30419921875 8.768798828125 281.3466013916727 343
100 5.6 147.84902082170757 181.058252257256 6335.30419921875 8.768798828125 263.1202228131072 386
110 5.2 153.13136174128607 171.64364217703925 6335.30419921875 8.768798828125 248.51572663320135 442
120 9.1 171.10012716775415 188.7227306806257 6335.30419921875 8.768798828125 238.47526717089448 494
130 7.3 213.05463064533384 348.43349384058166 6335.30419921875 8.768798828125 227.99468983707266 585
140 9.5 207.16178299753287 341.8514826520157 6335.30419921875 8.768798828125 226.3372060665606 658
150 8.7 198.72645867007907 333.7153597412948 6335.30419921875 8.768798828125 223.91799598481074 753
160 6.6 282.6763213186553 359.3343056379878 6335.30419921875 8.768798828125 221.30887247721355 840
170 5 165.40163574218752 191.38570186042514 6335.30419921875 8.541015625 225.7793488828815 906
180 9 300.34982096354173 579.5191261458934 6335.30419921875 7.7958984375 222.62151869769875 956
190 9.6 748.5308303833009 1532.0981871442457 6711.14794921875 7.7958984375 229.30942233433916 1046
200 17.9 1365.918107869239 1978.09969421712 14582.600830078125 7.7958984375 272.9567561107843 1142
210 17.6 1362.7607671564276 1063.8605633694751 14582.600830078125 7.7958984375 421.05674245806915 1321
220 18.9 822.8355887276786 2327.4185777830426 22842.99609375 7.7958984375 531.7714440926123 1497
230 17.9 174.40987801152235 227.6606312542958 22842.99609375 7.541015625 564.399631124657 1686
240 15.1 336.7365852002276 598.8881223037536 22842.99609375 7.140869140625 526.9689792172837 1865
250 20.7 1248.3557069935089 1246.2197008374164 22842.99609375 7.140869140625 512.7204219273158 2016
260 19.6 2591.1723421057895 1721.2783056599887 22842.99609375 7.140869140625 581.2208735731557 2223
270 21 3239.3205299014135 1889.0700780650545 23488.30810546875 7.140869140625 744.0776275344605 2419
280 19.1 4110.599992841948 1792.1617264140127 23488.30810546875 7.140869140625 943.3933405420908 2629
290 22.2 4945.232426273929 2237.5557529300304 23488.30810546875 7.140869140625 1157.909819474457 2820
300 25 4018.0199150390627 922.94562377885 23488.30810546875 7.140869140625 1434.302199063373 3042
310 26.1 4165.671728141465 1560.9561051034386 26047.656005859375 7.140869140625 1630.514054772341 3292
320 34.6 5350.68649380193 3304.906927082203 26047.656005859375 1.376953125 1816.7443257403515 3553
330 42 4687.468600027903 3519.1328850486607 26047.656005859375 1.287109375 2130.348837191828 3899
340 41 4254.631433998668 4989.454887993501 26047.656005859375 1.287109375 2379.0152646961465 4319
350 40.3 5998.305942734181 5615.034613105037 27052.37890625 1.287109375 2541.6294811085027 4729
360 40.4 4443.80139824896 4719.302875281597 29336.4921875 1.26806640625 2813.0715337264196 5132
370 63.4 3818.198865246696 5245.3614949803705 32620.925048828125 1.2470703125 2932.0771090998132 5536
380 65.4 3019.6070545441507 4508.630133617221 32620.925048828125 1.23583984375 3023.130787122038 6170
390 54.1 3525.426941933342 5127.015540365755 32620.925048828125 1.23583984375 3022.7930788708745 6824
400 68 3392.962652228863 5207.302128706245 32620.925048828125 1.23583984375 3059.714317148783 7365
410 63.9 3478.9234781518976 4523.11142613654 32620.925048828125 1.23583984375 3087.8819825129167 8045
420 41.9 5291.732714377611 4271.235544397954 32620.925048828125 1.23583984375 3116.656224303947 8684
430 19.8 8771.833730370105 1125.6129822600944 32620.925048828125 1.23583984375 3216.77234529053 9103
440 20.7 8079.336150975619 3124.678516784487 32620.925048828125 1.23583984375 3335.028678399417 9301
450 7.2 3820.9516330295137 2377.8256090476016 32620.925048828125 1.23583984375 3438.3176610270225 9508
453 0 0 0 32620.925048828125 1.23583984375 3441.19340695439 9580
