10 0.1 111 0 111 111 0 0
20 0.1 300.0 0.0 300 111 111.0 1
30 0.1 413.0 0.0 413 111 205.5 2
40 0.1 414.0 0.0 414 111 274.6666666666667 3
50 0.1 310.0 0.0 414 111 309.5 4
60 0.1 400.0 0.0 414 111 309.6 5
70 0.1 534.0 0.0 534 111 324.6666666666667 6
80 0.1 254.0 0.0 534 111 354.57142857142856 7
90 0.1 432.0 0.0 534 111 342.0 8
100 0.1 323.0 0.0 534 111 352.0 9
110 0.1 573.0 0.0 573 111 349.1 10
120 0.1 480.0 0.0 573 111 369.45454545454544 11
130 0.1 787.0 0.0 787 111 378.6666666666667 12
140 0.1 692.0 0.0 787 111 410.0769230769231 13
150 0.1 843.0 0.0 843 111 430.2142857142857 14
160 0.1 791.0 0.0 843 111 457.73333333333335 15
170 0.1 561.0 0.0 843 111 478.5625 16
180 0.1 481.0 0.0 843 111 483.4117647058824 17
190 0.1 911.0 0.0 911 111 483.27777777777777 18
200 0.1 1101.0 0.0 1101 111 505.7894736842105 19
210 0.1 1436.0 0.0 1436 111 535.55 20
220 0.1 1706.0 0.0 1706 111 578.4285714285714 21
230 0.1 1871.0 0.0 1871 111 629.6818181818181 22
240 0.1 1312.0 0.0 1871 111 683.6521739130434 23
250 0.1 1623.0 0.0 1871 111 709.8333333333334 24
260 0.1 1953.0 0.0 1953 111 746.36 25
270 0.1 1878.0 0.0 1953 111 792.7692307692307 26
280 0.1 1798.0 0.0 1953 111 832.9629629629629 27
290 0.1 1802.0 0.0 1953 111 867.4285714285714 28
300 0.1 2231.0 0.0 2231 111 899.6551724137931 29
310 0.1 2459.0 0.0 2459 111 944.0333333333333 30
320 0.1 2365.0 0.0 2459 111 992.9032258064516 31
330 0.1 2860.0 0.0 2860 111 1035.78125 32
340 0.1 2452.0 0.0 2860 111 1091.060606060606 33
350 0.1 2343.0 0.0 2860 111 1131.0882352941176 34
360 0.1 2404.0 0.0 2860 111 1165.7142857142858 35
370 0.1 2750.0 0.0 2860 111 1200.111111111111 36
380 0.1 3108.0 0.0 3108 111 1242.0 37
390 0.1 2658.0 0.0 3108 111 1291.1052631578948 38
400 0.1 2759.0 0.0 3108 111 1326.1538461538462 39
410 0.1 3156.0 0.0 3156 111 1361.975 40
420 0.1 2975.0 0.0 3156 111 1405.7317073170732 41
430 0.1 1998.0 0.0 3156 111 1443.095238095238 42
440 0.1 2003.0 0.0 3156 111 1456.0 43
450 0.1 1364.0 0.0 3156 111 1468.4318181818182 44
