10 0.1 80 0 80 80 0 0
20 0.1 192.0 0.0 192 80 80.0 1
30 0.1 294.0 0.0 294 80 136.0 2
40 0.1 294.0 0.0 294 80 188.66666666666666 3
50 0.1 244.0 0.0 294 80 215.0 4
60 0.1 293.0 0.0 294 80 220.8 5
70 0.1 368.0 0.0 368 80 232.83333333333334 6
80 0.1 158.0 0.0 368 80 252.14285714285714 7
90 0.1 299.0 0.0 368 80 240.375 8
100 0.1 209.0 0.0 368 80 246.88888888888889 9
110 0.1 419.0 0.0 419 80 243.1 10
120 0.1 380.0 0.0 419 80 259.09090909090907 11
130 0.1 582.0 0.0 582 80 269.16666666666663 12
140 0.1 485.0 0.0 582 80 293.23076923076917 13
150 0.1 662.0 0.0 662 80 306.9285714285714 14
160 0.1 578.0 0.0 662 80 330.59999999999997 15
170 0.1 444.0 0.0 662 80 346.06249999999994 16
180 0.1 344.0 0.0 662 80 351.82352941176464 17
190 0.1 700.0 0.0 700 80 351.38888888888886 18
200 0.1 896.0 0.0 896 80 369.7368421052631 19
210 0.1 1152.0 0.0 1152 80 396.04999999999995 20
220 0.1 1429.0 0.0 1429 80 432.04761904761904 21
230 0.1 1549.0 0.0 1549 80 477.3636363636364 22
240 0.1 1020.0 0.0 1549 80 523.9565217391304 23
250 0.1 1324.0 0.0 1549 80 544.6249999999999 24
260 0.1 1566.0 0.0 1566 80 575.7999999999998 25
270 0.1 1457.0 0.0 1566 80 613.8846153846152 26
280 0.1 1434.0 0.0 1566 80 645.111111111111 27
290 0.1 1435.0 0.0 1566 80 673.2857142857141 28
300 0.1 1822.0 0.0 1822 80 699.5517241379309 29
310 0.1 2180.0 0.0 2180 80 736.9666666666666 30
320 0.1 2079.0 0.0 2180 80 783.5161290322579 31
330 0.1 2547.0 0.0 2547 80 823.9999999999999 32
340 0.1 2335.0 0.0 2547 80 876.2121212121211 33
350 0.1 2263.0 0.0 2547 80 919.1176470588234 34
360 0.1 2152.0 0.0 2547 80 957.5142857142857 35
370 0.1 2886.0 0.0 2886 80 990.6944444444445 36
380 0.1 3198.0 0.0 3198 80 1041.918918918919 37
390 0.1 2807.0 0.0 3198 80 1098.657894736842 38
400 0.1 2912.0 0.0 3198 80 1142.4615384615386 39
410 0.1 3431.0 0.0 3431 80 1186.7000000000003 40
420 0.1 3004.0 0.0 3431 80 1241.4390243902442 41
430 0.1 1622.0 0.0 3431 80 1283.4047619047622 42
440 0.1 1550.0 0.0 3431 80 1291.279069767442 43
450 0.1 1125.0 0.0 3431 80 1297.159090909091 44
