0 0.1 5002.56298828125 0 5002.56298828125 5002.56298828125 0 0
10 0.5 9470.376318359375 2480.6411130486335 12259.935791015625 4936.94384765625 5002.56298828125 1
20 1.2 6428.921366373698 3376.974587446313 15487.359130859375 2483.031005859375 8725.740763346354 6
30 1.2 5293.7193603515625 2390.443807629281 15487.359130859375 2483.031005859375 7194.52783203125 18
40 0.9 9553.975558810764 4047.605937617791 18006.60888671875 2483.031005859375 6434.204443359375 30
50 0.9 7225.273328993056 2572.9104921688145 18006.60888671875 2483.031005859375 7154.151623848157 39
60 1.4 6381.55646623884 3315.2720993135767 18006.60888671875 1380.7119140625 7167.486943562825 48
70 1 9983.273608398438 4826.422671214164 20975.7978515625 1380.7119140625 6990.018771263861 62
80 1.1 5349.239124644886 2132.8452175899224 20975.7978515625 1380.7119140625 7405.748609754774 72
90 1.2 6676.383809407552 2848.424349586549 20975.7978515625 1380.7119140625 7133.199159920934 83
100 1.1 6639.31571821733 3547.3008738604517 20975.7978515625 1380.7119140625 7075.496168277138 95
110 1.2 4918.857991536458 2438.9388585625493 20975.7978515625 1380.7119140625 7030.232159308667 106
120 2.1 6335.257731119792 3099.842214261503 20975.7978515625 1380.7119140625 6815.5161422470865 118
130 1.8 7174.382188585069 3408.380012904223 20975.7978515625 1380.7119140625 6742.959116105553 139
140 2.5 7372.57791015625 3833.2348997629747 20975.7978515625 1380.7119140625 6792.421633969447 157
150 2.1 7418.281552269345 3493.46853833808 20975.7978515625 1380.7119140625 6872.113430148953 182
160 1.6 7748.252685546875 3924.063034350456 20975.7978515625 1380.7119140625 6928.613580713131 203
170 1.5 7927.043929036458 2720.865617471406 20975.7978515625 1380.7119140625 6988.49588974208 219
180 1.7 7236.324994255516 4882.696032180849 20975.7978515625 1380.7119140625 7048.659225594284 234
190 2.6 8025.434016301082 4606.671001063226 20975.7978515625 1271.9140625 7061.369656141061 251
200 2.6 7911.187115009015 4689.915743728648 20975.7978515625 1271.9140625 7151.8594516795465 277
210 5 13517.459799804688 5131.3669116139 27484.14697265625 1271.9140625 7217.016280876134 303
220 5 9565.619223632815 6156.04730513572 30082.6259765625 1271.9140625 8109.430377041652 353
230 4.9 8535.220150071742 4716.4284766442 30082.6259765625 1271.9140625 8290.098968430133 403
240 3.4 7998.756060431985 3807.0899821865405 30082.6259765625 1271.9140625 8316.67183989128 452
250 3.7 9388.705038534628 5103.551321058786 30082.6259765625 1271.9140625 8294.430818283015 486
260 4.3 12352.456900663154 3768.613393310602 30082.6259765625 1271.9140625 8371.846011685137 523
270 4.6 17177.27644679858 4059.9238086484643 30082.6259765625 1271.9140625 8674.259913144597 566
280 4.7 19022.554256358057 4056.8549042276454 31429.845947265625 1271.9140625 9313.37553495519 612
290 4.8 22823.228525797527 4936.929083905408 38463.02001953125 1271.9140625 10005.835929349629 659
300 6.1 23595.052118019976 5158.04962839562 42248.3330078125 1271.9140625 10876.040801527139 707
310 5 23575.722519531253 5178.540140508782 48123.73095703125 1271.9140625 11886.274773279825 768
320 5.3 24143.55142614977 4865.846915362686 48123.73095703125 1271.9140625 12600.78869419984 818
330 10 23717.566662597656 6386.568490052512 49531.975830078125 1271.9140625 13303.161168130202 871
340 9.9 24668.582048512468 7980.729922702935 49531.975830078125 1271.9140625 14375.705503296778 971
350 10.2 26397.62679754519 10704.277299739424 55505.992919921875 1271.9140625 15328.037071498979 1070
360 10.7 25858.86663989486 9894.847803674025 55505.992919921875 1271.9140625 16291.43139919242 1172
370 14.5 22963.718643925105 13591.000302101133 60254.1640625 1271.9140625 17091.83450377034 1279
380 15.6 18978.794150328024 10673.042612251382 60254.1640625 183.94189453125 17689.74405455857 1424
390 13.6 20014.85486916934 11275.540313098692 60254.1640625 183.94189453125 17817.01735515353 1580
400 16.7 21653.641423208264 11691.797510896678 60636.39599609375 183.94189453125 17991.20494367693 1716
410 17 19289.22099465763 10799.001499631322 60636.39599609375 183.94189453125 18316.020074893993 1883
420 10 20979.798928222648 9835.410057707568 60636.39599609375 183.94189453125 18396.606609896342 2053
430 7.1 27661.08542514855 8141.050236112435 60636.39599609375 183.94189453125 18516.58767437968 2153
440 11 32995.190722656254 6811.301267493693 61555.048828125 183.94189453125 18808.520830991456 2224
450 6.1 33971.24466892931 3906.830220576589 61555.048828125 183.94189453125 19477.129951849696 2334
453 0 0 0 61555.048828125 183.94189453125 19846.291120009133 2395
