0 3.975 3.975
10 12.753125 16.728125
20 17.0765625 33.8046875
30 22.33828125 56.14296875
40 16.79453125 72.9375
50 14.07890625 87.01640625
60 23.1015625 110.11796875
70 17.18046875 127.2984375
80 18.01875 145.3171875
90 19.0265625 164.34375
100 24.7109375 189.0546875
110 18.959375 208.0140625
120 38.75390625 246.76796875
130 33.20703125 279.975
140 40.6 320.575
150 36.66171875 357.23671875
160 27.0421875 384.27890625
170 23.1 407.37890625
180 36.8359375 444.21484375
190 42.93828125 487.153125
200 80.77578125 567.92890625
210 63.63828125 631.5671875
220 86.83828125 718.40546875
230 74.09296875 792.4984375
240 64.3984375 856.896875
250 98.4578125 955.3546875
260 90.9171875 1046.271875
270 94.51171875 1140.78359375
280 83.634375 1224.41796875
290 92.4890625 1316.90703125
300 110.58515625 1427.4921875
310 127.3859375 1554.878125
320 148.37265625 1703.25078125
330 175.9359375 1879.18671875
340 147.4203125 2026.60703125
350 157.41953125 2184.0265625
360 146.93046875 2330.95703125
370 218.88046875 2549.8375
380 233.321875 2783.159375
390 188.43359375 2971.59296875
400 224.03125 3195.62421875
410 226.18125 3421.80546875
420 167.93515625 3589.740625
430 79.9546875 3669.6953125
440 57.48125 3727.1765625
450 10.975 3738.1515625
453 0 3738.1515625
