0 72.95625 72.95625
10 204.42578125 277.38203125
20 301.45078125 578.8328125
30 353.93125 932.7640625
40 245.521875 1178.2859375
50 300.06796875 1478.35390625
60 376.41171875 1854.765625
70 262.26953125 2117.03515625
80 283.27890625 2400.3140625
90 305.25390625 2705.56796875
100 369.54375 3075.11171875
110 356.36484375 3431.4765625
120 609.22890625 4040.70546875
130 525.02265625 4565.728125
140 627.9078125 5193.6359375
150 600.36484375 5794.00078125
160 465.2328125 6259.23359375
170 357.8921875 6617.12578125
180 614.3265625 7231.45234375
190 650.34921875 7881.8015625
200 1149.8296875 9031.63125
210 1190.4921875 10222.1234375
220 1282.2078125 11504.33125
230 1184.7625 12689.09375
240 1020.6109375 13709.7046875
250 1306.7375 15016.4421875
260 1317.6890625 16334.13125
270 1416.4625 17750.59375
280 1260.18515625 19010.77890625
290 1537.82265625 20548.6015625
300 1665.67265625 22214.27421875
310 1660.20859375 23874.4828125
320 1748.21328125 25622.69609375
330 1835.65234375 27458.3484375
340 1315.82265625 28774.17109375
350 1572.8828125 30347.05390625
360 1442.034375 31789.08828125
370 1741.9703125 33531.05859375
380 1607.03203125 35138.090625
390 1385.79453125 36523.88515625
400 1629.5484375 38153.43359375
410 1802.446875 39955.88046875
420 1799.40234375 41755.2828125
430 1436.9328125 43192.215625
440 1549.28671875 44741.50234375
450 573.69921875 45315.2015625
453 0 45315.2015625
