0 0.6 6
10 0.9 15
20 1 25
30 1.4 39
40 0.9 48
50 1.1 59
60 1.1 70
70 0.7 77
80 1.4 91
90 0.8 99
100 1.6 115
110 1.6 131
120 2.3 154
130 1.7 171
140 2.5 196
150 2.3 219
160 1.4 233
170 1.2 245
180 2.9 274
190 3.7 311
200 4.7 358
210 4.4 402
220 3.9 441
230 4.3 484
240 4.5 529
250 8 609
260 5.4 663
270 6.3 726
280 6.1 787
290 5.6 843
300 7.7 920
310 11.7 1037
320 11.3 1150
330 8.9 1239
340 11.2 1351
350 9.1 1442
360 12.6 1568
370 16.3 1731
380 14.8 1879
390 13.5 2014
400 17.8 2192
410 15.8 2350
420 4.5 2395
430 0 2395
440 0 2395
450 0 2395
453 0 2395
