0 0.3 3
10 1.5 18
20 3.8 56
30 3.4 90
40 4.9 139
50 6.8 207
60 2.6 233
70 4.2 275
80 4.8 323
90 4.4 367
100 4.8 415
110 4.2 457
120 3.7 494
130 7.3 567
140 6.2 629
150 6.3 692
160 9.9 791
170 10.2 893
180 8.2 975
190 8.2 1057
200 7.8 1135
210 8.1 1216
220 10.4 1320
230 13.9 1459
240 8.8 1547
250 4 1587
260 5.8 1645
270 7.4 1719
280 8.7 1806
290 6.7 1873
300 6.5 1938
310 7.2 2010
320 12.5 2135
330 11.2 2247
340 11.9 2366
350 9.1 2457
360 8 2537
370 6.6 2603
380 5.5 2658
390 7.3 2731
400 8.1 2812
410 5.9 2871
420 8.3 2954
430 10 3054
440 6.2 3116
450 7.9 3195
460 6.2 3257
465 0.5 3262
