0 0.2 55.859375 54.99658203125 110.85595703125 0.86279296875 0 0
10 0.6 1.9100748697916667 2.462236921852646 110.85595703125 0.744873046875 55.859375 2
20 0.9 1.9917263454861112 2.4991733679651484 110.85595703125 0.699951171875 15.39739990234375 8
30 0.9 2.560546875 3.737249285320492 110.85595703125 0.699951171875 8.300278607536764 17
40 1.4 1.6956438337053572 1.9150869305185727 110.85595703125 0.671875 6.313448392427885 26
50 1.5 2.42568359375 3.2990131511335523 110.85595703125 0.64990234375 4.697216796875 40
60 0.8 1.525604248046875 1.3817937376095963 110.85595703125 0.64990234375 4.077707741477273 55
70 1 1.8714599609375 2.7782685023942637 110.85595703125 0.64892578125 3.753631107390873 63
80 1 1.377734375 1.9402353476054774 110.85595703125 0.612060546875 3.4957994434931505 73
90 1.3 2.1908052884615383 2.735812286271069 110.85595703125 0.612060546875 3.2406108810240966 83
100 1.3 4.681978665865385 3.676373156217144 110.85595703125 0.612060546875 3.09844970703125 96
110 0.8 0.95208740234375 0.37309426111572436 110.85595703125 0.612060546875 3.2873109590022938 109
120 0.9 1.110107421875 1.1544758757768327 110.85595703125 0.5810546875 3.1276375534188032 117
130 2.1 1.451020740327381 1.6205443518355582 110.85595703125 0.523193359375 2.9835282583085316 126
140 1.8 2.466769748263889 2.5500221244325023 110.85595703125 0.523193359375 2.764598612882653 147
150 1.6 2.69140625 3.2091370509692583 110.85595703125 0.523193359375 2.7321081912878786 165
160 2.8 2.7850690569196423 2.8337083890131707 110.85595703125 0.523193359375 2.728510229627072 181
170 2.8 3.1131591796875 3.397912321242174 110.85595703125 0.523193359375 2.736087488785885 209
180 0.9 4.823486328125 7.875497878783963 110.85595703125 0.523193359375 2.780636042985232 237
190 3.5 2.16435546875 2.360075749874189 110.85595703125 0.523193359375 2.855374468051321 246
200 3.3 3.196740352746212 3.7137984748936006 110.85595703125 0.523193359375 2.7693044859319396 281
210 3.8 2.6429828844572367 2.7546412349855522 110.85595703125 0.523193359375 2.8142260897691083 314
220 4.8 3.289789835611979 3.7588740904332245 110.85595703125 0.523193359375 2.795739607377486 352
230 4.6 3.338161302649457 3.0398295535403754 110.85595703125 0.523193359375 2.855025634765625 400
240 4.1 2.919921875 3.1160899313006825 110.85595703125 0.523193359375 2.9048557709150784 446
250 4.7 3.0310526097074466 3.2142888612989173 110.85595703125 0.523193359375 2.906124169821612 487
260 5.5 4.033198686079545 4.250152883607957 110.85595703125 0.52099609375 2.9171197441186796 534
270 6.3 3.178431919642857 3.4220864637421586 110.85595703125 0.52099609375 3.0213376419248728 589
280 5.9 2.4740466101694913 2.5802343430865093 110.85595703125 0.52099609375 3.0365169969804446 652
290 5.8 3.573621026400862 4.097182145316791 110.85595703125 0.52099609375 2.9898422391438118 711
300 5.6 2.7366943359375 3.0616595512860303 110.85595703125 0.4990234375 3.0338723687418727 769
310 10.6 3.608184238649764 3.1598049501571133 110.85595703125 0.4990234375 3.013700284090909 825
320 10.5 3.087346540178572 3.3524459919723353 110.85595703125 0.497802734375 3.081385890087943 931
330 9.9 2.756219420770202 3.233101511819563 110.85595703125 0.489013671875 3.081990010029561 1036
340 11 3.3582208806818175 3.2517994860529447 110.85595703125 0.489013671875 3.053574778014868 1135
350 12.5 3.71781640625 3.554323093398721 110.85595703125 0.489013671875 3.0804913011420685 1245
360 5.6 3.0311366489955356 2.9376418436598453 110.85595703125 0.489013671875 3.138641401973084 1370
370 15.1 3.3835142021937097 3.5504330789105003 110.85595703125 0.489013671875 3.134419616442409 1426
380 16.4 3.1861542492378048 2.8094828340487172 110.85595703125 0.489013671875 3.1582707784262047 1577
390 14.8 3.637985641891892 3.213197670281289 110.85595703125 0.489013671875 3.160897366141944 1741
400 13 2.873198993389423 2.745614964007613 110.85595703125 0.489013671875 3.1982764369788907 1889
410 16.9 3.2727440828402368 3.126581466571748 110.85595703125 0.489013671875 3.1773452494273156 2019
420 15.1 3.378471323985928 3.389042005965786 110.85595703125 0.489013671875 3.1847138064870886 2188
430 0 0 0 110.85595703125 0.489013671875 3.197222308044303 2339
440 0 0 0 110.85595703125 0.489013671875 3.197222308044303 2339
450 0 0 0 110.85595703125 0.489013671875 3.197222308044303 2339
460 0 0 0 110.85595703125 0.489013671875 3.197222308044303 2339
465 0 0 0 110.85595703125 0.489013671875 3.197222308044303 2339
