0 0.1 4.020992686627474 0 4.020992686627474 4.020992686627474 0 0
10 0.1 2.4533856722276743 0.0 4.020992686627474 2.4533856722276743 4.020992686627474 1
20 0.1 3.024390243902439 0.0 4.020992686627474 2.4533856722276743 3.237189179427574 2
30 0.1 1.3820335636722607 0.0 4.020992686627474 1.3820335636722607 3.1662562009191952 3
40 0.1 1.4792899408284024 0.0 4.020992686627474 1.3820335636722607 2.7202005416074617 4
50 0.1 1.7786561264822136 0.0 4.020992686627474 1.3820335636722607 2.47201842145165 5
60 0.1 2.06286836935167 0.0 4.020992686627474 1.3820335636722607 2.356458038956744 6
70 0.1 1.4792899408284024 0.0 4.020992686627474 1.3820335636722607 2.3145166575845906 7
80 0.1 1.2833168805528135 0.0 4.020992686627474 1.2833168805528135 2.210113317990067 8
90 0.1 1.6699410609037328 0.0 4.020992686627474 1.2833168805528135 2.1071359360525945 9
100 0.1 1.6765285996055226 0.0 4.020992686627474 1.2833168805528135 2.063416448537708 10
110 0.1 2.1632251720747298 0.0 4.020992686627474 1.2833168805528135 2.0282448259075094 11
120 0.1 1.3820335636722607 0.0 4.020992686627474 1.2833168805528135 2.039493188088111 12
130 0.1 1.6748768472906401 0.0 4.020992686627474 1.2833168805528135 1.9889193708253534 13
140 0.1 1.8737672583826428 0.0 4.020992686627474 1.2833168805528135 1.9664877620014454 14
150 0.1 2.6470588235294117 0.0 4.020992686627474 1.2833168805528135 1.9603063950935251 15
160 0.1 2.0689655172413794 0.0 4.020992686627474 1.2833168805528135 2.003228421870768 16
170 0.1 2.747791952894995 0.0 4.020992686627474 1.2833168805528135 2.0070953098337454 17
180 0.1 2.845927379784102 0.0 4.020992686627474 1.2833168805528135 2.048245123337148 18
190 0.1 1.8737672583826428 0.0 4.020992686627474 1.2833168805528135 2.0902283999922506 19
200 0.1 2.6627218934911245 0.0 4.020992686627474 1.2833168805528135 2.0794053429117705 20
210 0.1 2.559055118110236 0.0 4.020992686627474 1.2833168805528135 2.107182321510787 21
220 0.1 2.8515240904621435 0.0 4.020992686627474 1.2833168805528135 2.1277219940834895 22
230 0.1 2.7695351137487636 0.0 4.020992686627474 1.2833168805528135 2.1591916504477786 23
240 0.1 3.155818540433925 0.0 4.020992686627474 1.2833168805528135 2.18462262808532 24
250 0.1 3.149606299212598 0.0 4.020992686627474 1.2833168805528135 2.2234704645792642 25
260 0.1 3.4550839091806513 0.0 4.020992686627474 1.2833168805528135 2.2590910736036234 26
270 0.1 3.532875368007851 0.0 4.020992686627474 1.2833168805528135 2.3033871045509207 27
280 0.1 3.736479842674533 0.0 4.020992686627474 1.2833168805528135 2.3472973996743827 28
290 0.1 3.729146221786065 0.0 4.020992686627474 1.2833168805528135 2.3952002425364567 29
300 0.1 4.011741682974559 0.0 4.020992686627474 1.2833168805528135 2.4396651085114436 30
310 0.1 4.660194174757281 0.0 4.660194174757281 1.2833168805528135 2.49037725607477 31
320 0.1 5.928085519922255 0.0 5.928085519922255 1.2833168805528135 2.5581840347835985 32
330 0.1 5.365853658536586 0.0 5.928085519922255 1.2833168805528135 2.660302261605982 33
340 0.1 6.796116504854369 0.0 6.796116504854369 1.2833168805528135 2.7398773026921757 34
350 0.1 6.8560235063663075 0.0 6.8560235063663075 1.2833168805528135 2.8557698513253813 35
360 0.1 5.103042198233562 0.0 6.8560235063663075 1.2833168805528135 2.9668880084098515 36
370 0.1 5.019685039370079 0.0 6.8560235063663075 1.2833168805528135 3.0246219054321144 37
380 0.1 7.744433688286543 0.0 7.744433688286543 1.2833168805528135 3.0771235668515344 38
390 0.1 8.568646543330088 0.0 8.568646543330088 1.2833168805528135 3.196798185349868 39
400 0.1 7.490272373540856 0.0 8.568646543330088 1.2833168805528135 3.331094394299374 40
410 0.1 8.406647116324535 0.0 8.568646543330088 1.2833168805528135 3.432537759646727 41
420 0.1 9.13508260447036 0.0 9.13508260447036 1.2833168805528135 3.5509689348057223 42
430 0.1 5.75609756097561 0.0 9.13508260447036 1.2833168805528135 3.6808320434025745 43
440 0.1 1.9723865877712032 0.0 9.13508260447036 1.2833168805528135 3.7279971688019615 44
450 0.1 1.5810276679841897 0.0 9.13508260447036 1.2833168805528135 3.6889836003346117 45
460 0.1 1.3793103448275863 0.0 9.13508260447036 1.2833168805528135 3.643158471370472 46
