0 0 0
10 0.3 3
20 0.7 10
30 0.9 19
40 1.3 32
50 1.6 48
60 0.7 55
70 1.1 66
80 1.3 79
90 0.9 88
100 1.1 99
110 1.2 111
120 1 121
130 1.4 135
140 1.4 149
150 1.4 163
160 2.4 187
170 2.7 214
180 2.7 241
190 1.2 253
200 1.2 265
210 1.3 278
220 2.3 301
230 2 321
240 3.6 357
250 3.6 393
260 6.6 459
270 4.9 508
280 6.9 577
290 5.2 629
300 5.8 687
310 8.6 773
320 9.1 864
330 10 964
340 11 1074
350 12.8 1202
360 8.5 1287
370 9.2 1379
380 15.6 1535
390 15 1685
400 13.4 1819
410 16.3 1982
420 16.4 2146
430 7.2 2218
440 3.3 2251
450 4 2291
460 4.5 2336
465 0.3 2339
