0 0.1 3162.453125 0 3162.453125 3162.453125 0 0
10 0.1 3161.6328125 0.0 3162.453125 3161.6328125 3162.453125 1
20 0.1 3161.29296875 0.0 3162.453125 3161.29296875 3162.04296875 2
30 0.1 3160.2109375 0.0 3162.453125 3160.2109375 3161.79296875 3
40 0.1 3160.09765625 0.0 3162.453125 3160.09765625 3161.3974609375 4
50 0.1 3159.578125 0.0 3162.453125 3159.578125 3161.1375 5
60 0.1 3159.63671875 0.0 3162.453125 3159.578125 3160.8776041666665 6
70 0.1 3159.63671875 0.0 3162.453125 3159.578125 3160.7003348214284 7
80 0.1 3160.125 0.0 3162.453125 3159.578125 3160.5673828125 8
90 0.1 3160.11328125 0.0 3162.453125 3159.578125 3160.5182291666665 9
100 0.1 3160.15625 0.0 3162.453125 3159.578125 3160.477734375 10
110 0.1 3159.28515625 0.0 3162.453125 3159.28515625 3160.4485085227275 11
120 0.1 3160.125 0.0 3162.453125 3159.28515625 3160.3515625 12
130 0.1 3160.03515625 0.0 3162.453125 3159.28515625 3160.3341346153848 13
140 0.1 3159.6796875 0.0 3162.453125 3159.28515625 3160.3127790178573 14
150 0.1 3159.5546875 0.0 3162.453125 3159.28515625 3160.270572916667 15
160 0.1 3158.4765625 0.0 3162.453125 3158.4765625 3160.225830078125 16
170 0.1 3158.25390625 0.0 3162.453125 3158.25390625 3160.122931985294 17
180 0.1 3157.54296875 0.0 3162.453125 3157.54296875 3160.019097222222 18
190 0.1 3159.96875 0.0 3162.453125 3157.54296875 3159.8887746710525 19
200 0.1 3157.19921875 0.0 3162.453125 3157.19921875 3159.8927734375 20
210 0.1 3154.90625 0.0 3162.453125 3154.90625 3159.7645089285716 21
220 0.1 3152.98046875 0.0 3162.453125 3152.98046875 3159.5436789772725 22
230 0.1 3150.65625 0.0 3162.453125 3150.65625 3159.2583220108695 23
240 0.1 3146.25390625 0.0 3162.453125 3146.25390625 3158.89990234375 24
250 0.1 3145.27734375 0.0 3162.453125 3145.27734375 3158.3940625 25
260 0.1 3144.91796875 0.0 3162.453125 3144.91796875 3157.8895733173076 26
270 0.1 3144.671875 0.0 3162.453125 3144.671875 3157.4091435185187 27
280 0.1 3144.6953125 0.0 3162.453125 3144.671875 3156.9542410714284 28
290 0.1 3144.8828125 0.0 3162.453125 3144.671875 3156.5315193965516 29
300 0.1 3144.88671875 0.0 3162.453125 3144.671875 3156.1432291666665 30
310 0.1 3144.87109375 0.0 3162.453125 3144.671875 3155.7801159274195 31
320 0.1 3147.65625 0.0 3162.453125 3144.671875 3155.439208984375 32
330 0.1 3147.60546875 0.0 3162.453125 3144.671875 3155.203361742424 33
340 0.1 3147.6328125 0.0 3162.453125 3144.671875 3154.9798943014707 34
350 0.1 3147.5390625 0.0 3162.453125 3144.671875 3154.7699776785716 35
360 0.1 3147.40625 0.0 3162.453125 3144.671875 3154.5691189236113 36
370 0.1 3147.41796875 0.0 3162.453125 3144.671875 3154.3755278716217 37
380 0.1 3146.37890625 0.0 3162.453125 3144.671875 3154.1924342105262 38
390 0.1 3145.93359375 0.0 3162.453125 3144.671875 3153.9920873397436 39
400 0.1 3145.953125 0.0 3162.453125 3144.671875 3153.790625 40
410 0.1 3145.76171875 0.0 3162.453125 3144.671875 3153.5994664634145 41
420 0.1 3145.7578125 0.0 3162.453125 3144.671875 3153.4128534226193 42
430 0.1 3145.58203125 0.0 3162.453125 3144.671875 3153.2348292151164 43
440 0.1 3145.62890625 0.0 3162.453125 3144.671875 3153.0609019886365 44
450 0.1 3145.48828125 0.0 3162.453125 3144.671875 3152.8957465277776 45
460 0.1 3145.6875 0.0 3162.453125 3144.671875 3152.734714673913 46
