0 0.1 0.0 0 0.0 0.0 0 0
10 0.1 0.0 0.0 0.0 0.0 0.0 1
20 0.1 0.0 0.0 0.0 0.0 0.0 2
30 0.1 0.0 0.0 0.0 0.0 0.0 3
40 0.1 0.0 0.0 0.0 0.0 0.0 4
50 0.1 0.0 0.0 0.0 0.0 0.0 5
60 0.1 0.078125 0.0 0.078125 0.0 0.0 6
70 0.1 0.0703125 0.0 0.078125 0.0 0.011160714285714286 7
80 0.1 0.05859375 0.0 0.078125 0.0 0.0185546875 8
90 0.1 0.05078125 0.0 0.078125 0.0 0.023003472222222224 9
100 0.1 0.0390625 0.0 0.078125 0.0 0.02578125 10
110 0.1 0.0390625 0.0 0.078125 0.0 0.026988636363636364 11
120 0.1 0.03125 0.0 0.078125 0.0 0.027994791666666668 12
130 0.1 0.03125 0.0 0.078125 0.0 0.028245192307692308 13
140 0.1 0.01953125 0.0 0.078125 0.0 0.028459821428571428 14
150 0.1 0.01953125 0.0 0.078125 0.0 0.027864583333333335 15
160 0.1 0.01953125 0.0 0.078125 0.0 0.02734375 16
170 0.1 0.01171875 0.0 0.078125 0.0 0.02688419117647059 17
180 0.1 0.01171875 0.0 0.078125 0.0 0.026041666666666668 18
190 0.1 0.01171875 0.0 0.078125 0.0 0.02528782894736842 19
200 0.1 0.01171875 0.0 0.078125 0.0 0.024609375 20
210 0.1 0.01171875 0.0 0.078125 0.0 0.023995535714285716 21
220 0.1 0.01171875 0.0 0.078125 0.0 0.0234375 22
230 0.1 0.0 0.0 0.078125 0.0 0.022927989130434784 23
240 0.1 0.0 0.0 0.078125 0.0 0.02197265625 24
250 0.1 0.0 0.0 0.078125 0.0 0.02109375 25
260 0.1 0.0 0.0 0.078125 0.0 0.020282451923076924 26
270 0.1 0.0 0.0 0.078125 0.0 0.01953125 27
280 0.1 0.0 0.0 0.078125 0.0 0.018833705357142856 28
290 0.1 0.0 0.0 0.078125 0.0 0.01818426724137931 29
300 0.1 0.0 0.0 0.078125 0.0 0.017578125 30
310 0.1 0.0 0.0 0.078125 0.0 0.017011088709677418 31
320 0.1 0.0 0.0 0.078125 0.0 0.0164794921875 32
330 0.1 0.0 0.0 0.078125 0.0 0.015980113636363636 33
340 0.1 0.0 0.0 0.078125 0.0 0.015510110294117647 34
350 0.1 0.0 0.0 0.078125 0.0 0.015066964285714286 35
360 0.1 0.078125 0.0 0.078125 0.0 0.0146484375 36
370 0.1 0.05859375 0.0 0.078125 0.0 0.01636402027027027 37
380 0.1 0.05078125 0.0 0.078125 0.0 0.01747532894736842 38
390 0.1 0.05078125 0.0 0.078125 0.0 0.018329326923076924 39
400 0.1 0.0390625 0.0 0.078125 0.0 0.019140625 40
410 0.1 0.03125 0.0 0.078125 0.0 0.019626524390243903 41
420 0.1 0.03125 0.0 0.078125 0.0 0.019903273809523808 42
430 0.1 0.1015625 0.0 0.1015625 0.0 0.0201671511627907 43
440 0.1 0.078125 0.0 0.1015625 0.0 0.022017045454545456 44
450 0.1 0.140625 0.0 0.140625 0.0 0.02326388888888889 45
460 0.1 0.12109375 0.0 0.140625 0.0 0.025815217391304348 46
