0 0.3 62.95068359375 47.15456008958806 121.7099609375 6.260986328125 0 0
10 1.5 105.0958984375 166.95216494529683 706.5791015625 6.19482421875 62.95068359375 3
20 3.8 492.32020327919406 1081.7536635439208 6460.678955078125 4.718017578125 98.07169596354167 18
30 3.4 77.48553107766544 89.60913340597568 6460.678955078125 4.718017578125 365.5974687848772 56
40 4.9 269.0075334821428 401.5474745248748 6460.678955078125 4.718017578125 256.75518120659723 90
50 6.8 303.5706104951746 928.89584126486 7592.171875 4.718017578125 261.0743557497752 139
60 2.6 319.6468599759614 1206.9174388455335 7592.171875 4.718017578125 275.03447808159723 207
70 4.2 94.88700358072917 111.10480591581288 7592.171875 4.718017578125 280.01268378654777 233
80 4.8 106.35412089029948 136.95192469012645 7592.171875 4.718017578125 251.73894353693183 275
90 4.4 105.47455943714489 131.3138422911488 7592.171875 4.718017578125 230.13376865446014 323
100 4.8 450.98572794596356 993.8602004948149 7592.171875 4.718017578125 215.1882503831744 367
110 4.2 96.02628580729167 101.12181598753051 7592.171875 4.718017578125 242.4612116434488 415
120 3.6 94.32617865668402 107.31497290719848 7592.171875 4.718017578125 229.0032972339989 457
130 7.4 116.55001583614865 134.66673121549215 7592.171875 4.419921875 219.16886261172033 493
140 6.2 138.70188067036287 180.89224899704277 7592.171875 4.419921875 205.77592670097553 567
150 6.3 331.85763501364085 901.6469862888529 7592.171875 4.419921875 199.16449450081976 629
160 9.8 161.8049241669324 208.0507674756875 7592.171875 4.419921875 211.24493937409682 692
170 10.3 244.59777239456918 267.6395191894071 7592.171875 4.419921875 205.1118741964992 790
180 8.2 596.8488650438261 650.2223438163455 7592.171875 4.419921875 209.6662387143057 893
190 8.2 229.7187470226753 244.1484042756789 7592.171875 4.419921875 242.22929036458333 975
200 7.8 2980.3616254757612 1011.0201350581044 7592.171875 4.419921875 241.25874679406635 1057
210 8.1 4393.6253496334875 879.8558611123998 7592.171875 4.419921875 429.49665387527534 1135
220 10.4 5721.1731849083535 2761.872247615291 26387.842041015625 4.419921875 693.5545686420642 1216
230 13.9 6290.830557624213 710.38913017067 26387.842041015625 4.419921875 1089.6699747721354 1320
240 17.3 4089.2615621048626 4164.527983696702 26387.842041015625 0.616943359375 1585.188357922539 1459
250 17.4 3441.8459149941623 6328.061627056103 26387.842041015625 0.601806640625 1850.6323924345131 1632
260 23.1 5141.7593301880415 8963.801464957987 32140.453857421875 0.59814453125 2003.9386786611904 1806
270 22.6 5966.751904512927 8738.782488463103 35269.272216796875 0.5849609375 2359.774010277637 2037
280 27.2 4073.790060604318 6046.247441622006 35269.272216796875 0.5849609375 2719.9936320616303 2263
290 19.1 4541.758362135965 6664.9535255418095 46502.19091796875 0.56982421875 2865.2530516133506 2535
300 25.9 3955.1598348138878 6835.666902298166 46502.19091796875 0.56982421875 2982.7191243609 2726
310 35.8 3298.50491281861 6820.510067628194 46502.19091796875 0.56982421875 3067.095052001544 2985
320 37.8 3584.4227863291608 5268.099583986099 46502.19091796875 0.56982421875 3091.8766045509037 3343
330 41.9 2643.8696516305563 4651.352247615351 46502.19091796875 0.56982421875 3141.912201624857 3721
340 46.2 2198.097682672142 3744.9316762068265 46502.19091796875 0.56982421875 3091.5064459611826 4140
350 50.1 1795.6701065642153 3821.2929759814924 46502.19091796875 0.56982421875 3001.8161268304707 4602
360 31.6 3146.803663809088 5411.408456593693 46502.19091796875 0.56982421875 2883.3996745174404 5103
370 46.4 1873.3556971056705 4590.798930839867 46502.19091796875 0.56982421875 2898.7596414146833 5419
380 60.3 1611.0550713230732 5140.321489486877 46502.19091796875 0.56982421875 2817.884674533945 5883
390 59.2 2094.4346882588143 5694.353013868182 46502.19091796875 0.56982421875 2705.6863626720647 6486
400 56.2 2123.762180532001 5175.189528206816 46502.19091796875 0.56982421875 2654.5616111529007 7078
410 64.6 1360.3720442355605 4454.99785061396 46502.19091796875 0.56982421875 2615.515893874243 7640
420 65.1 1974.5235162550396 5304.948312231667 46502.19091796875 0.56982421875 2517.661328720177 8286
430 20.8 5580.0222707895155 5807.154783038556 46502.19091796875 0.56982421875 2478.0974128742773 8937
440 6.5 11063.56877629207 2705.444306275942 46502.19091796875 0.56982421875 2548.6496677071227 9145
450 7.8 14506.329915364584 3496.044737152476 46502.19091796875 0.56982421875 2608.74410224111 9210
460 6.3 7477.943088107637 4329.467148309288 46502.19091796875 0.56982421875 2708.65922857871 9288
465 0.5 3792.108984375 7319.828935461843 46502.19091796875 0.56982421875 2740.7910736380963 9351
