10 0.1 133 0 133 133 0 0
20 0.1 246.0 0.0 246 133 133.0 1
30 0.1 742.0 0.0 742 133 189.5 2
40 0.1 408.0 0.0 742 133 373.6666666666667 3
50 0.1 968.0 0.0 968 133 382.25 4
60 0.1 633.0 0.0 968 133 499.4 5
70 0.1 596.0 0.0 968 133 521.6666666666666 6
80 0.1 418.0 0.0 968 133 532.2857142857143 7
90 0.1 521.0 0.0 968 133 518.0 8
100 0.1 488.0 0.0 968 133 518.3333333333334 9
110 0.1 892.0 0.0 968 133 515.3 10
120 0.1 449.0 0.0 968 133 549.5454545454545 11
130 0.1 515.0 0.0 968 133 541.1666666666666 12
140 0.1 687.0 0.0 968 133 539.1538461538462 13
150 0.1 757.0 0.0 968 133 549.7142857142857 14
160 0.1 1058.0 0.0 1058 133 563.5333333333333 15
170 0.1 993.0 0.0 1058 133 594.4375 16
180 0.1 1247.0 0.0 1247 133 617.8823529411765 17
190 0.1 741.0 0.0 1247 133 652.8333333333334 18
200 0.1 1123.0 0.0 1247 133 657.4736842105264 19
210 0.1 1040.0 0.0 1247 133 680.75 20
220 0.1 1302.0 0.0 1302 133 697.8571428571429 21
230 0.1 1657.0 0.0 1657 133 725.3181818181819 22
240 0.1 1411.0 0.0 1657 133 765.8260869565217 23
250 0.1 937.0 0.0 1657 133 792.7083333333334 24
260 0.1 1181.0 0.0 1657 133 798.48 25
270 0.1 1656.0 0.0 1657 133 813.1923076923077 26
280 0.1 1753.0 0.0 1753 133 844.4074074074074 27
290 0.1 1115.0 0.0 1753 133 876.8571428571429 28
300 0.1 1274.0 0.0 1753 133 885.0689655172414 29
310 0.1 1878.0 0.0 1878 133 898.0333333333333 30
320 0.1 1945.0 0.0 1945 133 929.6451612903226 31
330 0.1 1724.0 0.0 1945 133 961.375 32
340 0.1 2247.0 0.0 2247 133 984.4848484848485 33
350 0.1 1937.0 0.0 2247 133 1021.6176470588235 34
360 0.1 1707.0 0.0 2247 133 1047.7714285714285 35
370 0.1 1437.0 0.0 2247 133 1066.0833333333333 36
380 0.1 1595.0 0.0 2247 133 1076.1081081081081 37
390 0.1 2241.0 0.0 2247 133 1089.7631578947369 38
400 0.1 1988.0 0.0 2247 133 1119.2820512820513 39
410 0.1 2238.0 0.0 2247 133 1141.0 40
420 0.1 2071.0 0.0 2247 133 1167.7560975609756 41
430 0.1 1955.0 0.0 2247 133 1189.2619047619048 42
440 0.1 920.0 0.0 2247 133 1207.0697674418604 43
450 0.1 1079.0 0.0 2247 133 1200.5454545454545 44
460 0.1 795.0 0.0 2247 133 1197.8444444444444 45
