10 0.1 98 0 98 98 0 0
20 0.1 201.0 0.0 201 98 98.0 1
30 0.1 433.0 0.0 433 98 149.5 2
40 0.1 260.0 0.0 433 98 244.0 3
50 0.1 542.0 0.0 542 98 248.0 4
60 0.1 467.0 0.0 542 98 306.8 5
70 0.1 317.0 0.0 542 98 333.5 6
80 0.1 326.0 0.0 542 98 331.14285714285717 7
90 0.1 395.0 0.0 542 98 330.5 8
100 0.1 357.0 0.0 542 98 337.6666666666667 9
110 0.1 571.0 0.0 571 98 339.6 10
120 0.1 341.0 0.0 571 98 360.6363636363636 11
130 0.1 381.0 0.0 571 98 359.0 12
140 0.1 537.0 0.0 571 98 360.6923076923077 13
150 0.1 571.0 0.0 571 98 373.2857142857143 14
160 0.1 705.0 0.0 705 98 386.46666666666664 15
170 0.1 784.0 0.0 784 98 406.375 16
180 0.1 944.0 0.0 944 98 428.5882352941176 17
190 0.1 489.0 0.0 944 98 457.22222222222223 18
200 0.1 803.0 0.0 944 98 458.89473684210526 19
210 0.1 793.0 0.0 944 98 476.1 20
220 0.1 885.0 0.0 944 98 491.1904761904762 21
230 0.1 1193.0 0.0 1193 98 509.09090909090907 22
240 0.1 1167.0 0.0 1193 98 538.8260869565217 23
250 0.1 880.0 0.0 1193 98 565.0 24
260 0.1 1086.0 0.0 1193 98 577.6 25
270 0.1 1311.0 0.0 1311 98 597.1538461538462 26
280 0.1 1519.0 0.0 1519 98 623.5925925925926 27
290 0.1 1110.0 0.0 1519 98 655.5714285714286 28
300 0.1 1163.0 0.0 1519 98 671.2413793103449 29
310 0.1 1562.0 0.0 1562 98 687.6333333333333 30
320 0.1 1903.0 0.0 1903 98 715.8387096774194 31
330 0.1 1792.0 0.0 1903 98 752.9375 32
340 0.1 2203.0 0.0 2203 98 784.4242424242424 33
350 0.1 2132.0 0.0 2203 98 826.1470588235294 34
360 0.1 1827.0 0.0 2203 98 863.4571428571429 35
370 0.1 1523.0 0.0 2203 98 890.2222222222223 36
380 0.1 1988.0 0.0 2203 98 907.3243243243244 37
390 0.1 2522.0 0.0 2522 98 935.7631578947369 38
400 0.1 2183.0 0.0 2522 98 976.4358974358975 39
410 0.1 2471.0 0.0 2522 98 1006.6 40
420 0.1 2523.0 0.0 2523 98 1042.3170731707316 41
430 0.1 1873.0 0.0 2523 98 1077.5714285714287 42
440 0.1 688.0 0.0 2523 98 1096.0697674418607 43
450 0.1 689.0 0.0 2523 98 1086.7954545454547 44
460 0.1 592.0 0.0 2523 98 1077.9555555555557 45
