10 0.3 4076.4288736979165 1022.5599960350532 5517.06982421875 3247.2109375 0 0
20 0.7 8253.250418526786 5072.998416822584 18356.27001953125 1943.31298828125 4076.4288736979165 3
30 0.9 6399.225775824652 3743.050134367003 18356.27001953125 824.785888671875 7000.203955078125 10
40 1.3 6749.489182692308 2259.3751962017236 18356.27001953125 824.785888671875 6715.530080694902 19
50 1.6 5882.062072753906 2959.325555185669 18356.27001953125 824.785888671875 6729.325965881348 32
60 0.7 7017.2333984375 3773.9589836811865 18356.27001953125 824.785888671875 6446.9046681722 48
70 1.1 6700.261940696023 3037.9760771799665 18356.27001953125 824.785888671875 6519.491961115057 55
80 1.3 8243.37188251202 5212.167838330639 20247.569091796875 824.785888671875 6549.6202910452175 66
90 0.9 5949.122856987848 3744.9738032216546 20247.569091796875 824.785888671875 6828.338907362539 79
100 1.1 8448.538640802557 3763.268029656913 20247.569091796875 824.785888671875 6738.419084028764 88
110 1.2 7453.8767496744795 2217.8161268599415 20247.569091796875 824.785888671875 6928.432368114741 99
120 1 6274.168701171875 1134.969202194212 20247.569091796875 824.785888671875 6985.237166121199 111
130 1.4 5296.81999860491 2540.6538752950046 20247.569091796875 824.785888671875 6926.471177282412 121
140 1.4 6555.142508370535 2603.285157180825 20247.569091796875 824.785888671875 6757.470314308449 135
150 1.4 7319.177054268973 3349.8110909127345 20247.569091796875 824.785888671875 6738.459647978712 149
160 2.4 8121.696807861327 4711.8026820674395 20247.569091796875 824.785888671875 6788.337216617139 163
170 2.7 7105.404703776042 4090.4525618571365 22946.865966796875 824.785888671875 6959.4635812688 187
180 2.7 9322.598605685764 3909.280836123332 22946.865966796875 824.785888671875 6977.876713547751 214
190 1.2 6577.461405436198 3798.2466919629414 22946.865966796875 824.785888671875 7240.563398559064 241
200 1.2 11305.456787109375 5518.940996280259 25750.81201171875 824.785888671875 7209.111920624382 253
210 1.3 17244.947979266828 3117.6665598590494 25750.81201171875 824.785888671875 7394.606782502948 265
220 2.3 22412.11240022079 2717.901859780432 29411.94091796875 824.785888671875 7855.234248538669 278
230 2 27565.48857421875 3672.674824937917 36974.197021484375 824.785888671875 8967.553841524346 301
240 3.6 25284.977478027344 6073.441016751898 36974.197021484375 824.785888671875 10126.303669106552 321
250 3.6 18523.50168863932 12054.51013439439 41933.248046875 824.785888671875 11654.909431350665 357
260 6.6 26428.87154134114 15642.372782229839 51844.639892578125 824.785888671875 12284.093454919092 393
270 4.9 26792.261364995218 15967.619156808863 59014.31201171875 824.785888671875 14317.983114404617 459
280 6.9 25893.179372593975 14931.177240682799 59014.31201171875 484.590087890625 15521.21074093796 508
290 5.2 24378.44789945162 15428.271275923435 67850.21899414063 484.590087890625 16761.532813007743 577
300 5.8 22410.556649043643 14197.080806978358 67850.21899414063 484.590087890625 17391.230085654934 629
310 8.6 20738.133624409522 15767.51818401879 80015.6220703125 484.590087890625 17814.986913422832 687
320 9.1 21752.153057391828 14986.487015761446 80015.6220703125 484.590087890625 18140.201165874132 773
330 10 16307.080434570313 9851.27725306518 80015.6220703125 484.590087890625 18520.626654448333 864
340 11 17367.50659179687 10417.118635377987 80015.6220703125 484.590087890625 18291.005677282563 964
350 12.8 14959.410751342773 9819.757373814082 80015.6220703125 484.590087890625 18196.420109867828 1074
360 8.5 14440.181609030331 8680.192288374945 80015.6220703125 484.590087890625 17851.71362243754 1202
370 9.2 15534.644340183424 10929.670845320024 80015.6220703125 484.590087890625 17626.398765297203 1287
380 15.6 13450.391911433298 11346.247190694934 80015.6220703125 484.590087890625 17486.847346072787 1379
390 15 14113.478483072917 11527.92981490751 80015.6220703125 484.590087890625 17076.627770956333 1535
400 13.4 13731.860652183419 9645.839363556292 80015.6220703125 484.590087890625 16812.845935239708 1685
410 16.3 12240.023497411807 9240.64077132191 80015.6220703125 484.590087890625 16585.87945479466 1819
420 16.4 13126.554778308404 11001.51278705243 80015.6220703125 484.590087890625 16228.475559207676 1982
430 7.2 17297.55133056641 12177.636317365672 80015.6220703125 484.590087890625 15991.422899343983 2146
440 3.3 26089.016631155304 7664.356526889805 80015.6220703125 484.590087890625 16033.822018842637 2218
450 4 36155.0260131836 7506.849894370914 80015.6220703125 484.590087890625 16181.23269063576 2251
460 4.5 42803.63319227431 6366.9894462862485 80015.6220703125 484.590087890625 16529.967624246372 2291
465 0.3 47318.217936197914 4470.855475774262 80015.6220703125 484.590087890625 17036.09559965787 2336
