0 15.37578125 15.37578125
10 119.209375 134.58515625
20 747.0390625 881.62421875
30 233.3484375 1114.97265625
40 417.8953125 1532.86796875
50 897.20078125 2430.06875
60 510.5984375 2940.6671875
70 315.39921875 3256.06640625
80 386.5546875 3642.62109375
90 355.0921875 3997.71328125
100 772.728125 4770.44140625
110 319.26875 5089.71015625
120 311.5171875 5401.22734375
130 532.0765625 5933.30390625
140 526.24609375 6459.55
150 896.1390625 7355.6890625
160 737.8625 8093.5515625
170 773.8 8867.3515625
180 831.43984375 9698.79140625
190 625.5171875 10324.30859375
200 748.6609375 11072.96953125
210 701.83515625 11774.8046875
220 1613.3578125 13388.1625
230 1119.10234375 14507.26484375
240 712.95078125 15220.215625
250 419.825 15640.040625
260 1588.078125 17228.11875
270 1159.59765625 18387.71640625
280 814.0171875 19201.73359375
290 902.925 20104.65859375
300 532.2828125 20636.94140625
310 1845.4140625 22482.35546875
320 925.71171875 23408.0671875
330 1366.21640625 24774.28359375
340 1030.7984375 25805.08203125
350 942.02734375 26747.109375
360 826.83515625 27573.94453125
370 690.72421875 28264.66875
380 1135.40625 29400.075
390 1084.81015625 30484.88515625
400 846.81875 31331.70390625
410 1199.33828125 32531.0421875
420 1258.73203125 33789.77421875
430 814.8765625 34604.65078125
440 594.83671875 35199.4875
450 1022.9734375 36222.4609375
460 992.3109375 37214.771875
465 391.36875 37606.140625
