0 0.9671875 0.9671875
10 5.153125 6.1203125
20 10.36171875 16.48203125
30 10.3640625 26.84609375
40 15.78359375 42.6296875
50 20.778125 63.4078125
60 7.25078125 70.65859375
70 13.1015625 83.76015625
80 15.35546875 99.115625
90 13.4234375 112.5390625
100 14.55 127.0890625
110 13.26171875 140.35078125
120 12.24140625 152.5921875
130 22.17734375 174.76953125
140 18.846875 193.61640625
150 17.87890625 211.4953125
160 30.44609375 241.94140625
170 34.203125 276.14453125
180 24.26328125 300.4078125
190 25.5609375 325.96875
200 28.72578125 354.69453125
210 29.26796875 383.9625
220 38.23359375 422.19609375
230 45.90625 468.10234375
240 48.76328125 516.865625
250 37.8640625 554.7296875
260 46.246875 600.9765625
270 45.421875 646.3984375
280 62.53828125 708.93671875
290 40.2125 749.14921875
300 51.00390625 800.153125
310 67.9609375 868.1140625
320 75.25390625 943.36796875
330 90.79453125 1034.1625
340 100.078125 1134.240625
350 93.6015625 1227.8421875
360 60.68359375 1288.52578125
370 77.62890625 1366.1546875
380 90.68515625 1456.83984375
390 95.20703125 1552.046875
400 100.7484375 1652.7953125
410 105.21640625 1758.01171875
420 106.334375 1864.34609375
430 53.93359375 1918.2796875
440 15.03046875 1933.31015625
450 15.02578125 1948.3359375
460 7.890625 1956.2265625
465 1.503125 1957.7296875
