0 0.3 3
10 0.5 8
20 0.9 17
30 1 27
40 1.3 40
50 1.5 55
60 0.9 64
70 1 74
80 0.9 83
90 1.3 96
100 1.3 109
110 0.8 117
120 0.9 126
130 2.1 147
140 1.9 166
150 1.5 181
160 2.8 209
170 2.9 238
180 0.8 246
190 3.7 283
200 3.3 316
210 3.8 354
220 4.7 401
230 4.8 449
240 4 489
250 4.6 535
260 5.6 591
270 6.4 655
280 5.8 713
290 5.9 772
300 5.6 828
310 10.5 933
320 10.7 1040
330 9.7 1137
340 11.2 1249
350 12.2 1371
360 5.5 1426
370 15.1 1577
380 16.5 1742
390 14.8 1890
400 13.1 2021
410 17.1 2192
420 14.7 2339
430 0 2339
440 0 2339
450 0 2339
460 0 2339
465 0 2339
