0 4.5 45
10 11.4 159
20 17.9 338
30 21.2 550
40 22.9 779
50 28 1059
60 27.5 1334
70 36.6 1700
80 35.6 2056
90 39 2446
100 33.6 2782
110 33.9 3121
120 46.3 3584
130 47.1 4055
140 54.1 4596
150 56 5156
160 55.7 5713
170 68.4 6397
180 70.1 7098
190 80.1 7899
200 83.7 8736
210 89.6 9632
220 107.7 10709
230 115.8 11867
240 122.6 13093
250 139.2 14485
260 155.3 16038
270 159.3 17631
280 164.9 19280
290 169.6 20976
300 184 22816
310 182.5 24641
320 172.2 26363
330 184.6 28209
340 179.2 30001
350 170.8 31709
360 156.4 33273
370 168.8 34961
380 157.8 36539
390 167.8 38217
400 174.7 39964
410 173 41694
420 172.3 43417
430 147.1 44888
440 121.7 46105
450 120.7 47312
460 126.1 48573
470 134.7 49920
480 144.7 51367
490 149.4 52861
500 154.2 54403
510 158.3 55986
520 164.2 57628
530 163.3 59261
540 163.7 60898
550 149 62388
560 136.8 63756
570 138.3 65139
580 122.2 66361
590 127.3 67634
600 121.8 68852
610 115 70002
620 99.2 70994
630 110 72094
640 99 73084
650 102.6 74110
660 100 75110
670 89.1 76001
680 74.4 76745
690 82.3 77568
700 73.6 78304
710 75 79054
720 73.4 79788
730 72.1 80509
740 69.5 81204
750 66.4 81868
760 34.7 82215
770 14 82355
780 2.9 82384
789 0.6 82390
