0 0.2 2
10 1.4 16
20 2.4 40
30 3.3 73
40 2.2 95
50 3.6 131
60 3.6 167
70 3.7 204
80 3.1 235
90 3.4 269
100 3.4 303
110 3.8 341
120 5.8 399
130 7.5 474
140 7 544
150 8.1 625
160 6.8 693
170 10.3 796
180 8.1 877
190 11.4 991
200 12.5 1116
210 12 1236
220 16.9 1405
230 15 1555
240 18.4 1739
250 18.9 1928
260 19.1 2119
270 20.3 2322
280 21.8 2540
290 19.9 2739
300 22.2 2961
310 21.8 3179
320 14 3319
330 20 3519
340 15.8 3677
350 17.4 3851
360 15 4001
370 16.3 4164
380 13.9 4303
390 14.9 4452
400 14.1 4593
410 14.2 4735
420 12.8 4863
430 12.9 4992
440 10.4 5096
450 9.8 5194
460 9.7 5291
470 10.2 5393
480 9.7 5490
490 10.2 5592
500 7.9 5671
510 9.7 5768
520 7.8 5846
530 7.8 5924
540 6.8 5992
550 6.1 6053
560 7.3 6126
570 8.8 6214
580 8.1 6295
590 9.7 6392
600 11.4 6506
610 11.3 6619
620 13.2 6751
630 16.1 6912
640 17 7082
650 18.3 7265
660 20.5 7470
670 18.8 7658
680 16.4 7822
690 17.5 7997
700 20.9 8206
710 17.9 8385
720 20 8585
730 17.6 8761
740 16.4 8925
750 15.3 9078
760 5.8 9136
770 2 9156
780 0.4 9160
789 0 9160
