0 1.6 16
10 1.6 32
20 1.8 50
30 1.5 65
40 1.7 82
50 2 102
60 1.4 116
70 2.9 145
80 2.6 171
90 2.8 199
100 1.9 218
110 3 248
120 4.1 289
130 3.4 323
140 4 363
150 4.3 406
160 3.8 444
170 4.6 490
180 4.3 533
190 6.4 597
200 6.2 659
210 6.4 723
220 7.4 797
230 7.7 874
240 7.6 950
250 9 1040
260 9.9 1139
270 10.8 1247
280 12 1367
290 10.7 1474
300 13.2 1606
310 14.5 1751
320 13.1 1882
330 18.4 2066
340 14.3 2209
350 14.3 2352
360 11.9 2471
370 16.7 2638
380 18.9 2827
390 18.5 3012
400 19.9 3211
410 18.5 3396
420 16.2 3558
430 15.7 3715
440 13.2 3847
450 16.1 4008
460 17.8 4186
470 17.6 4362
480 18.1 4543
490 20.2 4745
500 23.4 4979
510 24.1 5220
520 23.1 5451
530 21.1 5662
540 24.3 5905
550 11.9 6024
560 9 6114
570 6 6174
580 4.9 6223
590 5.2 6275
600 2.9 6304
610 2.3 6327
620 0.9 6336
630 0.9 6345
640 0.3 6348
650 0.1 6349
660 0 6349
670 0 6349
680 0.1 6350
690 0 6350
700 0 6350
710 0 6350
720 0 6350
730 0 6350
740 0 6350
750 0 6350
760 0 6350
770 0 6350
780 0 6350
789 0 6350
