20 0.1 1
30 0.2 3
40 0.1 4
50 0.3 7
60 0.3 10
70 0.4 14
80 0.3 17
90 0.6 23
100 0.2 25
110 0.5 30
120 0.7 37
130 0 37
140 0.4 41
150 0.2 43
160 0.4 47
170 0.8 55
180 0.3 58
190 0.7 65
200 0.5 70
210 0.5 75
220 0.6 81
230 0.8 89
240 1 99
250 1.1 110
260 0.6 116
270 1.4 130
280 1.1 141
290 0.9 150
300 1.8 168
310 0.6 174
320 0.8 182
330 0.9 191
340 1.2 203
350 0.7 210
360 1 220
370 1.3 233
380 0.7 240
390 2.3 263
400 2.3 286
410 2.8 314
420 2.5 339
430 3.2 371
440 5.9 430
450 5.7 487
460 5.4 541
470 5.5 596
480 6.4 660
490 4.6 706
500 4.5 751
510 5.2 803
520 5.1 854
530 5.4 908
540 5.3 961
550 5.4 1015
560 5 1065
570 3.6 1101
580 3 1131
590 3.2 1163
600 1.6 1179
610 1.6 1195
620 2.1 1216
630 1.8 1234
640 1.3 1247
650 1.1 1258
660 0.5 1263
670 0.1 1264
680 0 1264
690 0 1264
700 0 1264
710 0 1264
720 0 1264
730 0 1264
740 0 1264
750 0 1264
760 0 1264
770 0 1264
780 0 1264
789 0 1264
