220 0.1 1
230 0.1 2
240 0.1 3
250 0.3 6
260 0.1 7
270 0 7
280 0.2 9
290 0.1 10
300 0.8 18
310 0.9 27
320 0.5 32
330 0.8 40
340 0.4 44
350 0.5 49
360 0.2 51
370 0.7 58
380 0.1 59
390 0.7 66
400 0.5 71
410 0.6 77
420 1.6 93
430 1.4 107
440 1.3 120
450 2.3 143
460 2.5 168
470 3.3 201
480 2.6 227
490 2.4 251
500 2.8 279
510 2.6 305
520 3 335
530 1.7 352
540 2 372
550 2.5 397
560 1.9 416
570 2.1 437
580 2.8 465
590 2.3 488
600 2.9 517
610 2.6 543
620 3.9 582
630 4 622
640 4.8 670
650 4.5 715
660 5.3 768
670 4.9 817
680 4.9 866
690 5.7 923
700 5.8 981
710 6.1 1042
720 5.7 1099
730 7.2 1171
740 5.5 1226
750 5.5 1281
760 1.1 1292
770 0.6 1298
780 0.1 1299
789 0 1299
