210 0.1 1
220 0 1
230 0 1
240 0 1
250 0 1
260 0 1
270 0 1
280 0 1
290 0.2 3
300 0.1 4
310 0.1 5
320 0 5
330 0 5
340 0 5
350 0.1 6
360 0 6
370 0.2 8
380 0.8 16
390 2.5 41
400 4.4 85
410 6 145
420 8.9 234
430 9.5 329
440 11.8 447
450 13.4 581
460 14.6 727
470 20.8 935
480 23.1 1166
490 23.1 1397
500 23.4 1631
510 29.2 1923
520 31.2 2235
530 27.1 2506
540 31.5 2821
550 26.7 3088
560 23.2 3320
570 23.1 3551
580 21.3 3764
590 18 3944
600 13.5 4079
610 11.2 4191
620 6.3 4254
630 5.1 4305
640 2.6 4331
650 1.8 4349
660 1 4359
670 0.5 4364
680 0 4364
690 0.3 4367
700 0.1 4368
710 0.2 4370
720 0.2 4372
730 0 4372
740 0.2 4374
750 0.1 4375
760 0 4375
770 0 4375
780 0 4375
789 0 4375
