360 0.2 2
370 10.7 109
380 43.5 544
390 96.5 1509
400 134.3 2852
410 186.5 4717
420 220.2 6919
430 307.6 9995
440 373.2 13727
450 325.3 16980
460 349.6 20476
470 337.3 23849
480 321.8 27067
490 328.6 30353
500 346.5 33818
510 355.8 37376
520 337.6 40752
530 373 44482
540 325.6 47738
550 248.4 50222
560 176.9 51991
570 137.9 53370
580 78.8 54158
590 37.7 54535
600 11 54645
610 2.9 54674
620 0 54674
630 0 54674
640 0 54674
650 0 54674
660 0 54674
670 0 54674
680 0 54674
690 0 54674
700 0 54674
710 0 54674
720 0 54674
730 0 54674
740 0 54674
750 0 54674
760 0 54674
770 0 54674
780 0 54674
789 0 54674
