0 1.5 28.790397135416665 51.12717824031526 172.570068359375 1.176025390625 0 0
10 0.8 1.68927001953125 0.3495632066557555 172.570068359375 1.176025390625 28.790397135416665 15
20 1.1 1.7906161221590908 0.30967484880302426 172.570068359375 1.176025390625 19.363918138586957 23
30 0.6 1.6150309244791667 0.28758112470043456 172.570068359375 1.176025390625 13.678438074448529 34
40 0.9 2.1185980902777777 1.2657128070872423 172.570068359375 1.176025390625 11.868927001953125 40
50 0.9 3.4827202690972223 3.3469900272290047 172.570068359375 1.176025390625 10.07805026307398 49
60 1.1 6.823908025568182 16.755727463573063 172.570068359375 1.176025390625 9.054636988146552 58
70 1.6 2.544464111328125 4.059173516759481 172.570068359375 1.157958984375 8.699013530344203 69
80 1.3 2.5630821814903846 1.6521545499915595 172.570068359375 1.157958984375 7.540510110294117 85
90 1.1 1.6644398082386365 0.40591590806886235 172.570068359375 1.157958984375 6.8802390585140305 98
100 1 1.5233642578125 0.38605403685097583 172.570068359375 1.085205078125 6.353873996559633 109
110 2.1 1.8891834077380953 1.5550031812138425 172.570068359375 1.085205078125 5.947948808429622 119
120 2.2 2.289650656960227 2.0612202050472543 172.570068359375 1.031982421875 5.3391339983258925 140
130 1.9 2.155684621710526 2.5572612206669674 172.570068359375 1.031982421875 4.925006630979938 162
140 2.1 1.7813895089285714 0.9891991987986414 172.570068359375 1.031982421875 4.634304320614641 181
150 2.5 2.135009765625 1.4816167562479559 172.570068359375 1.031982421875 4.3377141669245045 202
160 1.5 1.5879231770833333 0.3792989877226622 172.570068359375 0.943115234375 4.095125576473017 227
170 2 1.753173828125 0.7219026461174805 172.570068359375 0.943115234375 3.9397204690728302 242
180 3.3 2.603915127840909 4.447036061149406 172.570068359375 0.943115234375 3.7728085117485683 262
190 3 1.471875 0.361054184453214 172.570068359375 0.943115234375 3.642050946769068 295
200 4.1 1.8610244378810976 1.303380315277071 172.570068359375 0.943115234375 3.4417270132211537 325
210 3.8 1.658363743832237 0.65432962430352 172.570068359375 0.943115234375 3.2646537739071038 366
220 3.8 2.187403628700658 1.3766676535747144 172.570068359375 0.943115234375 3.113567087909963 404
230 4.1 1.6714581745426829 0.8082755401854381 172.570068359375 0.943115234375 3.0339421751272626 442
240 6.1 1.9738249231557379 1.6355182450480312 172.570068359375 0.943115234375 2.9182861833592133 483
250 4.4 2.1224698153409096 2.1860401726425884 172.570068359375 0.943115234375 2.812381519990809 544
260 5.8 2.8043886382004315 8.672880346255866 172.570068359375 0.943115234375 2.760755474064626 588
270 5.6 2.2385384695870543 2.2731270067385063 172.570068359375 0.943115234375 2.764673002733166 646
280 6.2 1.8327400453629032 1.720353142207029 172.570068359375 0.85986328125 2.7227021567841883 702
290 6.3 2.854945591517857 10.07715919261789 172.570068359375 0.85986328125 2.6504801006217282 764
300 9 1.7331325954861112 1.2834485492780456 172.570068359375 0.85986328125 2.6660560690938637 827
310 9.7 1.9905867429123711 2.052261492487704 172.570068359375 0.85986328125 2.574493241804117 917
320 11.3 2.332627558075221 4.77808424652292 172.570068359375 0.85986328125 2.518636308478181 1014
330 10.6 1.6668562979068393 0.7804757705331713 172.570068359375 0.85986328125 2.4999859191298808 1127
340 9.6 1.8729960123697917 1.2553473674820812 172.570068359375 0.85986328125 2.4283624480433903 1233
350 10.3 1.757935755461165 1.0951986747122855 172.570068359375 0.85986328125 2.388245685195636 1329
360 12 3.0437967936197907 8.80272659338067 172.570068359375 0.85986328125 2.342909146953562 1432
370 15.7 1.7326566854100318 1.1701461472652481 172.570068359375 0.85986328125 2.397101490767961 1552
380 15.5 2.8199549521169356 5.797887658864137 172.570068359375 0.85986328125 2.336061213154623 1709
390 16.4 1.921398628048781 1.5912349121207159 172.570068359375 0.85986328125 2.37629915818636 1864
400 15.1 1.8730727442052981 1.410659086003408 172.570068359375 0.85986328125 2.339512330305412 2028
410 18.2 4.0097334306318695 17.14916249986258 175.719970703125 0.85986328125 2.3071890730768128 2179
420 17.6 1.8479822332208806 2.310232482249961 175.719970703125 0.85986328125 2.4384313742521706 2361
430 18.9 1.6168671461640214 0.7572728428165156 175.719970703125 0.85986328125 2.397469983309519 2537
440 18.4 2.052295187245245 2.8134484902892827 175.719970703125 0.85986328125 2.3433489502132243 2726
450 20.1 1.9547744675062189 2.259808407826731 175.719970703125 0.85986328125 2.324945550767826 2910
460 17.3 1.6136933255057806 0.7890746361029484 175.719970703125 0.85986328125 2.301029000547452 3111
470 21.2 1.7561161832989387 1.413805428392033 175.719970703125 0.85986328125 2.2648203916003724 3284
480 22.7 3.4748094197411916 13.692006868104343 175.719970703125 0.843994140625 2.233972195902459 3496
490 25.2 1.7239244249131942 1.280115797747005 175.719970703125 0.843994140625 2.3096289377266315 3723
500 26.4 1.6884821111505681 1.1100974728066355 175.719970703125 0.843017578125 2.272497481819968 3975
510 24.5 2.0124531648596933 2.060101858162855 175.719970703125 0.843017578125 2.2361256823727587 4239
520 22.1 2.0705433841204757 3.1251841577729693 175.719970703125 0.843017578125 2.223904503338258 4484
530 23.7 1.7693406760944093 1.1763914663790864 175.719970703125 0.843017578125 2.2167009311071992 4705
540 10.2 2.998623717064951 8.028050529550672 175.719970703125 0.843017578125 2.1952471916417946 4942
550 0 0 0 175.719970703125 0.843017578125 2.2114931086903993 5044
560 0 0 0 175.719970703125 0.843017578125 2.2114931086903993 5044
570 0 0 0 175.719970703125 0.843017578125 2.2114931086903993 5044
580 0 0 0 175.719970703125 0.843017578125 2.2114931086903993 5044
590 0 0 0 175.719970703125 0.843017578125 2.2114931086903993 5044
600 0 0 0 175.719970703125 0.843017578125 2.2114931086903993 5044
610 0 0 0 175.719970703125 0.843017578125 2.2114931086903993 5044
620 0 0 0 175.719970703125 0.843017578125 2.2114931086903993 5044
630 0 0 0 175.719970703125 0.843017578125 2.2114931086903993 5044
640 0 0 0 175.719970703125 0.843017578125 2.2114931086903993 5044
650 0 0 0 175.719970703125 0.843017578125 2.2114931086903993 5044
660 0 0 0 175.719970703125 0.843017578125 2.2114931086903993 5044
670 0 0 0 175.719970703125 0.843017578125 2.2114931086903993 5044
680 0 0 0 175.719970703125 0.843017578125 2.2114931086903993 5044
690 0 0 0 175.719970703125 0.843017578125 2.2114931086903993 5044
700 0 0 0 175.719970703125 0.843017578125 2.2114931086903993 5044
710 0 0 0 175.719970703125 0.843017578125 2.2114931086903993 5044
720 0 0 0 175.719970703125 0.843017578125 2.2114931086903993 5044
730 0 0 0 175.719970703125 0.843017578125 2.2114931086903993 5044
740 0 0 0 175.719970703125 0.843017578125 2.2114931086903993 5044
750 0 0 0 175.719970703125 0.843017578125 2.2114931086903993 5044
760 0 0 0 175.719970703125 0.843017578125 2.2114931086903993 5044
770 0 0 0 175.719970703125 0.843017578125 2.2114931086903993 5044
780 0 0 0 175.719970703125 0.843017578125 2.2114931086903993 5044
789 0 0 0 175.719970703125 0.843017578125 2.2114931086903993 5044
