0 15 15
10 23 8
20 33 10
30 37 4
40 45 8
50 48 3
60 56 8
70 63 7
80 66 3
90 61 -5
100 64 3
110 75 11
120 86 11
130 99 13
140 105 6
150 120 15
160 121 1
170 127 6
180 145 18
190 153 8
200 177 24
210 199 22
220 215 16
230 234 19
240 268 34
250 277 9
260 314 37
270 330 16
280 357 27
290 383 26
300 423 40
310 490 67
320 573 83
330 647 74
340 703 56
350 786 83
360 879 93
370 993 114
380 1114 121
390 1229 115
400 1322 93
410 1433 111
420 1528 95
430 1621 93
440 1675 54
450 1729 54
460 1752 23
470 1809 57
480 1853 44
490 1907 54
500 1981 74
510 2024 43
520 2027 3
530 2067 40
540 1944 -123
550 1734 -210
560 1549 -185
570 1390 -159
580 1237 -153
590 1094 -143
600 990 -104
610 884 -106
620 777 -107
630 662 -115
640 597 -65
650 527 -70
660 450 -77
670 406 -44
680 365 -41
690 320 -45
700 287 -33
710 262 -25
720 231 -31
730 195 -36
740 155 -40
750 90 -65
760 38 -52
770 11 -27
780 4 -7
789 0 -4
