0 0.1 4.0774798397959735 0 4.0774798397959735 4.0774798397959735 0 0
10 0.1 2.561576354679803 0.0 4.0774798397959735 2.561576354679803 4.0774798397959735 1
20 0.1 2.2660098522167487 0.0 4.0774798397959735 2.2660098522167487 3.319528097237888 2
30 0.1 3.048180924287119 0.0 4.0774798397959735 2.2660098522167487 2.9683553488975085 3
40 0.1 2.5742574257425743 0.0 4.0774798397959735 2.2660098522167487 2.9883117427449113 4
50 0.1 2.955665024630542 0.0 4.0774798397959735 2.2660098522167487 2.905500879344444 5
60 0.1 3.152709359605911 0.0 4.0774798397959735 2.2660098522167487 2.9138615702254604 6
70 0.1 3.736479842674533 0.0 4.0774798397959735 2.2660098522167487 2.947982682994096 7
80 0.1 4.150197628458498 0.0 4.150197628458498 2.2660098522167487 3.046544827954151 8
90 0.1 3.273809523809524 0.0 4.150197628458498 2.2660098522167487 3.169172916899078 9
100 0.1 4.532019704433497 0.0 4.532019704433497 2.2660098522167487 3.1796365775901227 10
110 0.1 4.416094210009813 0.0 4.532019704433497 2.2660098522167487 3.3025804982122478 11
120 0.1 3.762376237623762 0.0 4.532019704433497 2.2660098522167487 3.395373307528711 12
130 0.1 4.729064039408867 0.0 4.729064039408867 2.2660098522167487 3.4236043021514075 13
140 0.1 5.024630541871921 0.0 5.024630541871921 2.2660098522167487 3.516851426241226 14
150 0.1 6.341463414634147 0.0 6.341463414634147 2.2660098522167487 3.617370033949939 15
160 0.1 5.893909626719057 0.0 6.341463414634147 2.2660098522167487 3.787625870242702 16
170 0.1 5.946481665014866 0.0 6.341463414634147 2.2660098522167487 3.9115249147413107 17
180 0.1 6.777996070726916 0.0 6.777996070726916 2.2660098522167487 4.024578067534287 18
190 0.1 7.480314960629922 0.0 7.480314960629922 2.2660098522167487 4.169494804544425 19
200 0.1 7.804878048780488 0.0 7.804878048780488 2.2660098522167487 4.3350358123487 20
210 0.1 8.59375 0.0 8.59375 2.2660098522167487 4.500266395035928 21
220 0.1 10.194174757281553 0.0 10.194174757281553 2.2660098522167487 4.686333831625205 22
230 0.1 10.551790900290415 0.0 10.551790900290415 2.2660098522167487 4.925805176218959 23
240 0.1 11.907066795740562 0.0 11.907066795740562 2.2660098522167487 5.16022124805527 24
250 0.1 12.93774319066148 0.0 12.93774319066148 2.2660098522167487 5.430095069962681 25
260 0.1 14.07907425265188 0.0 14.07907425265188 2.2660098522167487 5.7188507669126345 26
270 0.1 14.285714285714285 0.0 14.285714285714285 2.2660098522167487 6.028488673791866 27
280 0.1 15.229885057471265 0.0 15.229885057471265 2.2660098522167487 6.323389588503381 28
290 0.1 16.169393647738207 0.0 16.169393647738207 2.2660098522167487 6.630510121916067 29
300 0.1 15.557729941291583 0.0 16.169393647738207 2.2660098522167487 6.948472906110139 30
310 0.1 18.03118908382066 0.0 18.03118908382066 2.2660098522167487 7.22619087498696 31
320 0.1 18.702290076335878 0.0 18.702290076335878 2.2660098522167487 7.563847069013013 32
330 0.1 16.425120772946862 0.0 18.702290076335878 2.2660098522167487 7.901375644992494 33
340 0.1 18.525703200775943 0.0 18.702290076335878 2.2660098522167487 8.152074031108798 34
350 0.1 17.333333333333336 0.0 18.702290076335878 2.2660098522167487 8.44846343595643 35
360 0.1 15.692007797270954 0.0 18.702290076335878 2.2660098522167487 8.695265377550234 36
370 0.1 17.652764306498543 0.0 18.702290076335878 2.2660098522167487 8.884366524029172 37
380 0.1 18.96551724137931 0.0 18.96551724137931 2.2660098522167487 9.115113834094155 38
390 0.1 19.863680623174293 0.0 19.863680623174293 2.2660098522167487 9.367688280434798 39
400 0.1 24.38095238095238 0.0 24.38095238095238 2.2660098522167487 9.630088089003285 40
410 0.1 25.503355704697988 0.0 25.503355704697988 2.2660098522167487 9.989865266855704 41
420 0.1 27.59295499021526 0.0 27.59295499021526 2.2660098522167487 10.35923408680433 42
430 0.1 29.74559686888454 0.0 29.74559686888454 2.2660098522167487 10.7600182938604 43
440 0.1 31.55339805825243 0.0 31.55339805825243 2.2660098522167487 11.19150871602004 44
450 0.1 33.46153846153846 0.0 33.46153846153846 2.2660098522167487 11.643995145847427 45
460 0.1 31.894013738959764 0.0 33.46153846153846 2.2660098522167487 12.118289565753754 46
470 0.1 32.313575525812624 0.0 33.46153846153846 2.2660098522167487 12.539049654545371 47
480 0.1 33.91304347826087 0.0 33.91304347826087 2.2660098522167487 12.951018943530107 48
490 0.1 33.494675701839306 0.0 33.91304347826087 2.2660098522167487 13.378815362606245 49
500 0.1 36.45933014354067 0.0 36.45933014354067 2.2660098522167487 13.781132569390907 50
510 0.1 37.30769230769231 0.0 37.30769230769231 2.2660098522167487 14.225803110060511 51
520 0.1 35.6388088376561 0.0 37.30769230769231 2.2660098522167487 14.669685594630351 52
530 0.1 37.77564717162033 0.0 37.77564717162033 2.2660098522167487 15.065329429404423 53
540 0.1 35.76923076923077 0.0 37.77564717162033 2.2660098522167487 15.485890869075089 54
550 0.1 30.214424951267056 0.0 37.77564717162033 2.2660098522167487 15.854678867259736 55
560 0.1 25.708699902248288 0.0 37.77564717162033 2.2660098522167487 16.11110290447415 56
570 0.1 23.008849557522122 0.0 37.77564717162033 2.2660098522167487 16.279481799171943 57
580 0.1 19.22705314009662 0.0 37.77564717162033 2.2660098522167487 16.395505381212466 58
590 0.1 17.3828125 0.0 37.77564717162033 2.2660098522167487 16.44349771610881 59
600 0.1 14.605647517039921 0.0 37.77564717162033 2.2660098522167487 16.459152962506995 60
610 0.1 13.534566699123662 0.0 37.77564717162033 2.2660098522167487 16.4287676273354 61
620 0.1 12.669245647969053 0.0 37.77564717162033 2.2660098522167487 16.38208696720295 62
640 0.1 11.9960668633235 0.0 37.77564717162033 2.2660098522167487 16.32315297800876 63
650 0.1 11.337209302325581 0.0 37.77564717162033 2.2660098522167487 16.255542257466804 64
660 0.1 10.686274509803921 0.0 37.77564717162033 2.2660098522167487 16.179875596618476 65
670 0.1 10.381978452497552 0.0 37.77564717162033 2.2660098522167487 16.09663921651523 66
680 0.1 8.993157380254155 0.0 37.77564717162033 2.2660098522167487 16.011345772276158 67
690 0.1 8.521057786483839 0.0 37.77564717162033 2.2660098522167487 15.908137119452306 68
700 0.1 9.08203125 0.0 37.77564717162033 2.2660098522167487 15.801077998684647 69
710 0.1 7.98442064264849 0.0 37.77564717162033 2.2660098522167487 15.705091616560582 70
720 0.1 8.195121951219512 0.0 37.77564717162033 2.2660098522167487 15.596349771857595 71
730 0.1 8.63239573229874 0.0 37.77564717162033 2.2660098522167487 15.493554941015399 72
740 0.1 6.988188976377953 0.0 37.77564717162033 2.2660098522167487 15.399566458704214 73
750 0.1 7.938044530493708 0.0 37.77564717162033 2.2660098522167487 15.285899195429533 74
760 0.1 6.21301775147929 0.0 37.77564717162033 2.2660098522167487 15.187927799897055 75
770 0.1 3.260869565217391 0.0 37.77564717162033 2.2660098522167487 15.069836878207349 76
780 0.1 1.6815034619188922 0.0 37.77564717162033 1.6815034619188922 14.916473666350337 77
789 0.1 1.0848126232741617 0.0 37.77564717162033 1.0848126232741617 14.74679456116532 78
