0 0 0
10 0 0
20 0.1 1
30 0.2 3
40 0.1 4
50 0.5 9
60 0.5 14
70 0.8 22
80 0.9 31
90 1.4 45
100 1.1 56
110 0.9 65
120 1 75
130 0.7 82
140 1.3 95
150 1.2 107
160 1.3 120
170 1.4 134
180 1.6 150
190 2 170
200 1.9 189
210 1.5 204
220 2.1 225
230 2.3 248
240 2.6 274
250 3.8 312
260 2.2 334
270 3.5 369
280 4 409
290 3.7 446
300 4.6 492
310 2.9 521
320 3.2 553
330 3.2 585
340 4 625
350 2.1 646
360 2.7 673
370 4.1 714
380 3.7 751
390 3.9 790
400 6.3 853
410 7.4 927
420 7.8 1005
430 8.9 1094
440 12.6 1220
450 15.3 1373
460 15 1523
470 16.7 1690
480 17.8 1868
490 20.5 2073
500 18.8 2261
510 19.9 2460
520 21.5 2675
530 20.3 2878
540 21.5 3093
550 20.5 3298
560 19.2 3490
570 15.8 3648
580 16 3808
590 14.3 3951
600 10.2 4053
610 10.4 4157
620 10.8 4265
630 11.3 4378
640 6.8 4446
650 6.8 4514
660 8 4594
670 4.4 4638
680 4.1 4679
690 4.8 4727
700 3.2 4759
710 2.6 4785
720 2.8 4813
730 3.7 4850
740 4.2 4892
750 6.5 4957
760 4.9 5006
770 2.7 5033
780 0.8 5041
789 0.3 5044
