0 0.1 3157.9375 0 3157.9375 3157.9375 0 0
10 0.1 3157.06640625 0.0 3157.9375 3157.06640625 3157.9375 1
20 0.1 3154.91015625 0.0 3157.9375 3154.91015625 3157.501953125 2
30 0.1 3149.2421875 0.0 3157.9375 3149.2421875 3156.6380208333335 3
40 0.1 3147.9375 0.0 3157.9375 3147.9375 3154.7890625 4
50 0.1 3145.78125 0.0 3157.9375 3145.78125 3153.41875 5
60 0.1 3143.4921875 0.0 3157.9375 3143.4921875 3152.1458333333335 6
70 0.1 3142.32421875 0.0 3157.9375 3142.32421875 3150.909598214286 7
80 0.1 3139.609375 0.0 3157.9375 3139.609375 3149.83642578125 8
90 0.1 3138.28125 0.0 3157.9375 3138.28125 3148.7000868055557 9
100 0.1 3137.8359375 0.0 3157.9375 3137.8359375 3147.658203125 10
110 0.1 3137.6328125 0.0 3157.9375 3137.6328125 3146.7652698863635 11
120 0.1 3137.54296875 0.0 3157.9375 3137.54296875 3146.0042317708335 12
130 0.1 3137.09375 0.0 3157.9375 3137.09375 3145.3533653846152 13
140 0.1 3132.875 0.0 3157.9375 3132.875 3144.7633928571427 14
150 0.1 3131.1015625 0.0 3157.9375 3131.1015625 3143.9708333333333 15
160 0.1 3127.62109375 0.0 3157.9375 3127.62109375 3143.16650390625 16
170 0.1 3123.90625 0.0 3157.9375 3123.90625 3142.252068014706 17
180 0.1 3122.85546875 0.0 3157.9375 3122.85546875 3141.232855902778 18
190 0.1 3120.59375 0.0 3157.9375 3120.59375 3140.265625 19
200 0.1 3114.69921875 0.0 3157.9375 3114.69921875 3139.28203125 20
210 0.1 3112.390625 0.0 3157.9375 3112.390625 3138.1114211309523 21
220 0.1 3106.59765625 0.0 3157.9375 3106.59765625 3136.942294034091 22
230 0.1 3099.9453125 0.0 3157.9375 3099.9453125 3135.6229619565215 23
240 0.1 3097.03515625 0.0 3157.9375 3097.03515625 3134.1363932291665 24
250 0.1 3085.65234375 0.0 3157.9375 3085.65234375 3132.65234375 25
260 0.1 3082.8984375 0.0 3157.9375 3082.8984375 3130.8446514423076 26
270 0.1 3077.21875 0.0 3157.9375 3077.21875 3129.068865740741 27
280 0.1 3071.1171875 0.0 3157.9375 3071.1171875 3127.2170758928573 28
290 0.1 3065.2890625 0.0 3157.9375 3065.2890625 3125.2825969827586 29
300 0.1 3061.5625 0.0 3157.9375 3061.5625 3123.2828125 30
310 0.1 3051.82421875 0.0 3157.9375 3051.82421875 3121.2918346774195 31
320 0.1 3034.125 0.0 3157.9375 3034.125 3119.1209716796875 32
330 0.1 3011.9921875 0.0 3157.9375 3011.9921875 3116.5453361742425 33
340 0.1 2997.4921875 0.0 3157.9375 2997.4921875 3113.4702435661766 34
350 0.1 2978.65234375 0.0 3157.9375 2978.65234375 3110.1565848214286 35
360 0.1 2961.66015625 0.0 3157.9375 2961.66015625 3106.5036892361113 36
370 0.1 2934.1953125 0.0 3157.9375 2934.1953125 3102.5889991554054 37
380 0.1 2910.44140625 0.0 3157.9375 2910.44140625 3098.157586348684 38
390 0.1 2896.82421875 0.0 3157.9375 2896.82421875 3093.3443509615386 39
400 0.1 2877.3046875 0.0 3157.9375 2877.3046875 3088.43134765625 40
410 0.1 2857.6171875 0.0 3157.9375 2857.6171875 3083.281916920732 41
420 0.1 2846.96484375 0.0 3157.9375 2846.96484375 3077.9089471726193 42
430 0.1 2837.3515625 0.0 3157.9375 2837.3515625 3072.5381540697676 43
440 0.1 2832.86328125 0.0 3157.9375 2832.86328125 3067.1930042613635 44
450 0.1 2831.25 0.0 3157.9375 2831.25 3061.9856770833335 45
460 0.1 2829.99609375 0.0 3157.9375 2829.99609375 3056.969684103261 46
470 0.1 2830.2890625 0.0 3157.9375 2829.99609375 3052.1404587765956 47
480 0.1 2827.01171875 0.0 3157.9375 2827.01171875 3047.5185546875 48
490 0.1 2825.42578125 0.0 3157.9375 2825.42578125 3043.0184151785716 49
500 0.1 2823.63671875 0.0 3157.9375 2823.63671875 3038.6665625 50
510 0.1 2822.4609375 0.0 3157.9375 2822.4609375 3034.450291053922 51
520 0.1 2813.58984375 0.0 3157.9375 2813.58984375 3030.373572716346 52
530 0.1 2805.828125 0.0 3157.9375 2805.828125 3026.283313679245 53
540 0.1 2802.10546875 0.0 3157.9375 2802.10546875 3022.200810185185 54
550 0.1 2799.921875 0.0 3157.9375 2799.921875 3018.1990767045454 55
560 0.1 2799.0546875 0.0 3157.9375 2799.0546875 3014.30126953125 56
570 0.1 2800.6328125 0.0 3157.9375 2799.0546875 3010.5250137061403 57
580 0.1 2801.9375 0.0 3157.9375 2799.0546875 3006.906182650862 58
590 0.1 2801.36328125 0.0 3157.9375 2799.0546875 3003.4321371822034 59
600 0.1 2800.9140625 0.0 3157.9375 2799.0546875 3000.0643229166667 60
610 0.1 2801.6796875 0.0 3157.9375 2799.0546875 2996.79956454918 61
620 0.1 2801.79296875 0.0 3157.9375 2799.0546875 2993.6524697580644 62
640 0.1 2803.3671875 0.0 3157.9375 2799.0546875 2990.6070808531745 63
650 0.1 2803.62890625 0.0 3157.9375 2799.0546875 2987.6814575195313 64
660 0.1 2804.08203125 0.0 3157.9375 2799.0546875 2984.849879807692 65
670 0.1 2804.3046875 0.0 3157.9375 2799.0546875 2982.1109730113635 66
680 0.1 2804.984375 0.0 3157.9375 2799.0546875 2979.4571478544776 67
690 0.1 2805.2734375 0.0 3157.9375 2799.0546875 2976.8913717830883 68
700 0.1 2805.1875 0.0 3157.9375 2799.0546875 2974.404155344203 69
710 0.1 2805.42578125 0.0 3157.9375 2799.0546875 2971.9867745535716 70
720 0.1 2805.41015625 0.0 3157.9375 2799.0546875 2969.640845070423 71
730 0.1 2805.69921875 0.0 3157.9375 2799.0546875 2967.3598632812505 72
740 0.1 2805.48828125 0.0 3157.9375 2799.0546875 2965.14533390411 73
750 0.1 2820.203125 0.0 3157.9375 2799.0546875 2962.987806165541 74
760 0.1 2832.609375 0.0 3157.9375 2799.0546875 2961.084010416667 75
770 0.1 2887.35546875 0.0 3157.9375 2799.0546875 2959.3935546875 76
780 0.1 2940.30859375 0.0 3157.9375 2799.0546875 2958.45799512987 77
789 0.1 2966.265625 0.0 3157.9375 2799.0546875 2958.225310496795 78
