0 0.1 0.0 0 0.0 0.0 0 0
10 0.1 0.0 0.0 0.0 0.0 0.0 1
20 0.1 0.078125 0.0 0.078125 0.0 0.0 2
30 0.1 0.0703125 0.0 0.078125 0.0 0.026041666666666668 3
40 0.1 0.05859375 0.0 0.078125 0.0 0.037109375 4
50 0.1 0.05078125 0.0 0.078125 0.0 0.04140625 5
60 0.1 0.0390625 0.0 0.078125 0.0 0.04296875 6
70 0.1 0.0390625 0.0 0.078125 0.0 0.04241071428571429 7
80 0.1 0.03125 0.0 0.078125 0.0 0.0419921875 8
90 0.1 0.03125 0.0 0.078125 0.0 0.04079861111111111 9
100 0.1 0.01953125 0.0 0.078125 0.0 0.03984375 10
110 0.1 0.01953125 0.0 0.078125 0.0 0.03799715909090909 11
120 0.1 0.01953125 0.0 0.078125 0.0 0.036458333333333336 12
130 0.1 0.01171875 0.0 0.078125 0.0 0.03515625 13
140 0.1 0.01171875 0.0 0.078125 0.0 0.033482142857142856 14
150 0.1 0.08984375 0.0 0.08984375 0.0 0.03203125 15
160 0.1 0.078125 0.0 0.08984375 0.0 0.03564453125 16
170 0.1 0.05859375 0.0 0.08984375 0.0 0.03814338235294118 17
180 0.1 0.05078125 0.0 0.08984375 0.0 0.03927951388888889 18
190 0.1 0.05078125 0.0 0.08984375 0.0 0.039884868421052634 19
200 0.1 0.0390625 0.0 0.08984375 0.0 0.0404296875 20
210 0.1 0.03125 0.0 0.08984375 0.0 0.040364583333333336 21
220 0.1 0.03125 0.0 0.08984375 0.0 0.03995028409090909 22
230 0.1 0.01953125 0.0 0.08984375 0.0 0.039572010869565216 23
240 0.1 0.01953125 0.0 0.08984375 0.0 0.038736979166666664 24
250 0.1 0.01953125 0.0 0.08984375 0.0 0.03796875 25
260 0.1 0.01171875 0.0 0.08984375 0.0 0.03725961538461539 26
270 0.1 0.171875 0.0 0.171875 0.0 0.03631365740740741 27
280 0.1 0.140625 0.0 0.171875 0.0 0.04115513392857143 28
290 0.1 0.12109375 0.0 0.171875 0.0 0.04458512931034483 29
300 0.1 0.1015625 0.0 0.171875 0.0 0.047135416666666666 30
310 0.1 0.16015625 0.0 0.171875 0.0 0.04889112903225806 31
320 0.1 0.2109375 0.0 0.2109375 0.0 0.0523681640625 32
330 0.1 0.26171875 0.0 0.26171875 0.0 0.057173295454545456 33
340 0.1 0.21875 0.0 0.26171875 0.0 0.06318933823529412 34
350 0.1 0.26171875 0.0 0.26171875 0.0 0.06763392857142857 35
360 0.1 0.30078125 0.0 0.30078125 0.0 0.0730251736111111 36
370 0.1 0.25 0.0 0.30078125 0.0 0.07918074324324324 37
380 0.1 0.37109375 0.0 0.37109375 0.0 0.08367598684210527 38
390 0.1 0.3203125 0.0 0.37109375 0.0 0.09104567307692307 39
400 0.1 0.26953125 0.0 0.37109375 0.0 0.09677734375 40
410 0.1 0.23046875 0.0 0.37109375 0.0 0.10099085365853659 41
420 0.1 0.390625 0.0 0.390625 0.0 0.10407366071428571 42
430 0.1 0.48828125 0.0 0.48828125 0.0 0.1107376453488372 43
440 0.1 0.41015625 0.0 0.48828125 0.0 0.11931818181818182 44
450 0.1 0.3515625 0.0 0.48828125 0.0 0.12578125 45
460 0.1 0.2890625 0.0 0.48828125 0.0 0.13068953804347827 46
470 0.1 0.25 0.0 0.48828125 0.0 0.1340591755319149 47
480 0.1 0.2109375 0.0 0.48828125 0.0 0.13647460937500003 48
490 0.1 0.1796875 0.0 0.48828125 0.0 0.13799426020408168 49
500 0.1 0.1484375 0.0 0.48828125 0.0 0.13882812500000002 50
510 0.1 0.12890625 0.0 0.48828125 0.0 0.13901654411764708 51
520 0.1 0.26171875 0.0 0.48828125 0.0 0.1388221153846154 52
530 0.1 0.21875 0.0 0.48828125 0.0 0.14114091981132076 53
540 0.1 0.19140625 0.0 0.48828125 0.0 0.14257812500000003 54
550 0.1 0.23046875 0.0 0.48828125 0.0 0.14346590909090912 55
560 0.1 0.26953125 0.0 0.48828125 0.0 0.14501953125000003 56
570 0.1 0.30859375 0.0 0.48828125 0.0 0.14720394736842107 57
580 0.1 0.33984375 0.0 0.48828125 0.0 0.1499865301724138 58
590 0.1 0.359375 0.0 0.48828125 0.0 0.15320444915254242 59
600 0.1 0.30078125 0.0 0.48828125 0.0 0.15664062500000003 60
610 0.1 0.26171875 0.0 0.48828125 0.0 0.1590035860655738 61
620 0.1 0.21875 0.0 0.48828125 0.0 0.16066028225806456 62
640 0.1 0.1796875 0.0 0.48828125 0.0 0.1615823412698413 63
650 0.1 0.1484375 0.0 0.48828125 0.0 0.16186523437500003 64
660 0.1 0.12890625 0.0 0.48828125 0.0 0.16165865384615388 65
670 0.1 0.109375 0.0 0.48828125 0.0 0.16116240530303033 66
680 0.1 0.171875 0.0 0.48828125 0.0 0.1603894589552239 67
690 0.1 0.1484375 0.0 0.48828125 0.0 0.16055836397058826 68
700 0.1 0.19921875 0.0 0.48828125 0.0 0.16038269927536233 69
710 0.1 0.171875 0.0 0.48828125 0.0 0.16093750000000004 70
720 0.1 0.140625 0.0 0.48828125 0.0 0.1610915492957747 71
730 0.1 0.19140625 0.0 0.48828125 0.0 0.16080729166666674 72
740 0.1 0.16015625 0.0 0.48828125 0.0 0.16122645547945214 73
750 0.1 0.26953125 0.0 0.48828125 0.0 0.1612119932432433 74
760 0.1 0.23046875 0.0 0.48828125 0.0 0.16265625000000006 75
770 0.1 0.19140625 0.0 0.48828125 0.0 0.16354851973684215 76
780 0.1 0.16015625 0.0 0.48828125 0.0 0.1639103084415585 77
789 0.1 0.140625 0.0 0.48828125 0.0 0.16386217948717954 78
