10 0.3 3
20 0.6 9
30 0.4 13
40 0.7 20
50 1 30
60 0.9 39
70 0.9 48
80 1.5 63
90 2.2 85
100 1.6 101
110 1 111
120 1.2 123
130 1.3 136
140 2 156
150 1.2 168
160 1.8 186
170 2.1 207
180 2.1 228
190 2.4 252
200 1.7 269
210 2.7 296
220 2.7 323
230 2.8 351
240 3.9 390
250 3.9 429
260 4.9 478
270 5 528
280 4.7 575
290 4.4 619
300 6.6 685
310 5.4 739
320 4.8 787
330 6.2 849
340 7 919
350 6.9 988
360 5 1038
370 6.3 1101
380 5.9 1160
390 9.4 1254
400 11.3 1367
410 12.6 1493
420 15.6 1649
430 19.3 1842
440 23.9 2081
450 21.3 2294
460 25.2 2546
470 21 2756
480 25 3006
490 25.3 3259
500 27 3529
510 31.1 3840
520 29.7 4137
530 30.2 4439
540 34.1 4780
550 30.4 5084
560 25 5334
570 25.7 5591
580 20.5 5796
590 17.7 5973
600 13.2 6105
610 12.3 6228
620 11.7 6345
630 10.1 6446
640 5.8 6504
650 5.8 6562
660 6.2 6624
670 3.2 6656
680 2.4 6680
690 3.1 6711
700 1.2 6723
710 0.9 6732
720 0.9 6741
730 0.4 6745
740 0.1 6746
750 0.1 6747
760 0 6747
770 0 6747
780 0 6747
789 0 6747
