60 0.1 1
70 0 1
80 0 1
90 0 1
100 0 1
110 0 1
120 0.1 2
130 0 2
140 0 2
150 0 2
160 0 2
170 0 2
180 0.1 3
190 0 3
200 0 3
210 0 3
220 0 3
230 0 3
240 0.1 4
250 0 4
260 0 4
270 0 4
280 0 4
290 0 4
300 0.1 5
310 0 5
320 0 5
330 0 5
340 0 5
350 0 5
360 0.1 6
370 0 6
380 0 6
390 0 6
400 0 6
410 0 6
420 0.1 7
430 0 7
440 0 7
450 0 7
460 0 7
470 0 7
480 0.1 8
490 0 8
500 0 8
510 0 8
520 0 8
530 0 8
540 0 8
550 0 8
560 0 8
570 0 8
580 0 8
590 0 8
600 0 8
610 0 8
620 0 8
630 0 8
640 0 8
650 0 8
660 0 8
670 0 8
680 0 8
690 0 8
700 0 8
710 0 8
720 0 8
730 0 8
740 0 8
750 0 8
760 0 8
770 0 8
780 0 8
789 0 8
