0 5.3 99.01916273584905 108.12951973933086 486.050048828125 8.6689453125 0 0
10 12.2 45.32429079149588 60.443936916224544 574.8720703125 6.658203125 99.01916273584905 53
20 19.4 69.34080646947484 150.4396728168307 1581.7099609375 1.075927734375 61.586166294642844 175
30 23.4 46.94010729667468 112.16899342608941 1581.7099609375 1.075927734375 65.66313158981197 369
40 22.6 48.67314647573286 81.2709503013968 1581.7099609375 0.990966796875 58.39748037157959 603
50 30.4 41.19790488795229 52.93627968449699 1581.7099609375 0.885986328125 55.7464556906853 829
60 30.3 35.189368521813144 82.8233302756305 1581.7099609375 0.81298828125 51.842872774506276 1133
70 38.6 35.985473000323864 41.48503677416842 1581.7099609375 0.764892578125 48.328936988596794 1436
80 34.9 47.71647718369449 89.86059799548796 1581.7099609375 0.764892578125 45.71391113817235 1822
90 40.1 43.83085012079177 79.37889077495606 1581.7099609375 0.764892578125 46.03583446838295 2171
100 35.3 36.185527509737945 80.41450808087495 1581.7099609375 0.657958984375 45.69205580454778 2572
110 37.5 34.60026497395832 33.70344744989232 1581.7099609375 0.657958984375 44.54477221888355 2925
120 53.4 38.10388549347495 69.03096878941089 1581.7099609375 0.593994140625 43.41471457741477 3300
130 52.7 28.43502106928961 29.616762593632945 1581.7099609375 0.593994140625 42.675021637711104 3834
140 60 45.232204589843775 102.5917466920853 1596.2490234375 0.593994140625 40.954205242490254 4361
150 62.8 29.972377509827826 31.072208526272615 1596.2490234375 0.593994140625 41.47160084991055 4961
160 61 36.472008276767426 40.49361360645096 1596.2490234375 0.593994140625 40.179507048233695 5589
170 77.2 37.69837880505178 47.84972919769032 1596.2490234375 0.593994140625 39.81467816444689 6199
180 75.8 32.999412838576035 34.83067332316444 1596.2490234375 0.593994140625 39.58030962256581 6971
190 92.2 29.473692656080523 33.44826353023572 1596.2490234375 0.593994140625 38.93490662576619 7729
200 95.4 35.18914961265069 61.845250525399884 1596.2490234375 0.593994140625 37.92655622927443 8651
210 99.9 31.329041443787553 33.18815021564604 1596.2490234375 0.593994140625 37.65466805517146 9605
220 122.4 33.959129183900174 52.107635018284704 1596.2490234375 0.593994140625 37.0587324662642 10604
230 127.3 42.025579723708866 79.36679732082165 1853.427001953125 0.593994140625 36.73797541370979 11828
240 139.4 40.16570423186419 43.169570046087884 1853.427001953125 0.593994140625 37.25176216942529 13101
250 152.7 48.88331820844585 81.8696776329285 1853.427001953125 0.593994140625 37.53199916390889 14495
260 166.7 78.03058524037377 100.30791815647656 1853.427001953125 0.593994140625 38.61385312602398 16022
270 175.1 64.14251566069385 86.36060595283351 1853.427001953125 0.593994140625 42.32846064677819 17689
280 184.4 52.706578186432345 71.30086789858763 1853.427001953125 0.593994140625 44.29329656907069 19440
290 184.7 191.3878840687601 218.5494721488267 2343.16015625 0.592041015625 45.0222052000806 21284
300 202.7 149.58850344567117 157.50205454564852 2343.16015625 0.592041015625 56.70943916620619 23131
310 198.6 290.2528688367401 277.6745448665809 2343.16015625 0.592041015625 64.19277899029696 25158
320 176.7 770.9285133590661 686.2522013858625 4159.551025390625 0.592041015625 80.73254241628561 27144
330 197.9 1119.07228696726 500.28396988339665 4228.47412109375 0.592041015625 122.91635759583295 28911
340 189.2 1325.3857824474776 495.59801466261456 4228.47412109375 0.592041015625 186.73612400004316 30890
350 181.8 1907.6050936758718 700.5361092145797 4641.702880859375 0.5888671875 252.45283298004884 32782
360 165.6 2729.996914333764 907.2733434471294 7312.967041015625 0.5888671875 339.4200818223901 34600
370 193 2842.9007321688796 1155.1280055769216 7312.967041015625 0.5888671875 448.6101533867887 36256
380 208 2750.977601036657 1628.89465190536 7387.66796875 0.5888671875 569.6225877095624 38186
390 265.5 2410.188948567708 1887.15402043395 7707.27294921875 0.5888671875 682.3037188802859 40266
400 304.7 2031.8269248889828 1802.8211963191095 7707.27294921875 0.5888671875 789.1869528408206 42921
410 347.4 1815.0045007893452 1876.1716372050414 7707.27294921875 0.5888671875 871.555643991855 45968
420 379.3 1641.127846397763 1823.4216999869168 7707.27294921875 0.5888671875 937.846273992957 49442
430 437.6 1410.241273757963 1919.860551573332 8025.89990234375 0.56201171875 987.9551685948436 53235
440 478.6 1313.6970601510275 2100.6664092887536 9091.79296875 0.56201171875 1020.0310568139998 57611
450 434.3 1410.2702118980962 2120.988619828515 9922.515869140625 0.56201171875 1042.5559457024242 62397
460 470.5 1365.4720178521004 2059.4767594243585 9922.515869140625 0.56201171875 1066.4843703066765 66740
470 470 1367.3504845412235 1945.6181675592832 9922.515869140625 0.56201171875 1086.1741579993243 71445
480 468.5 1375.780648220719 1894.448244277054 9922.515869140625 0.56201171875 1103.529581661376 76145
490 473.6 1309.4480911461073 1790.915205157331 9922.515869140625 0.56201171875 1119.3095673947735 80830
500 489.5 1299.1554941366328 1791.917179986002 9922.515869140625 0.56201171875 1129.8335611362868 85566
510 510.4 1272.322461836763 1726.0424511660929 9922.515869140625 0.56201171875 1138.9958615976645 90461
520 497.5 1282.1329464706353 1673.1564895524753 9922.515869140625 0.56201171875 1146.1166586218926 95565
530 522.3 1201.752755661942 1675.60340756068 9922.515869140625 0.532958984375 1152.84712442702 100540
540 488.5 1309.1705556910508 1697.7231057314505 9922.515869140625 0.532958984375 1155.2622801236246 105763
550 398.9 1567.0177930715706 1936.9438728290304 9922.515869140625 0.516845703125 1162.0571785957784 110648
560 328.9 1862.344705481338 2062.7998151773563 9922.515869140625 0.516845703125 1176.1485094151817 114637
570 303.3 2092.412986526473 2055.147952264089 9922.515869140625 0.516845703125 1195.2867765391543 117926
580 233.9 2630.247662971953 2052.6896092099096 9922.515869140625 0.516845703125 1217.7818682222166 120959
590 200.2 3066.968508176392 1753.9771411972158 9922.515869140625 0.516845703125 1244.5767675224456 123298
600 163.5 3510.986877926702 1308.7628216900855 9922.515869140625 0.516845703125 1273.694311535129 125300
610 146.6 3611.7251302971526 925.7219745031643 9922.515869140625 0.516845703125 1302.5120004786845 126935
620 125.4 4080.4110784941313 940.4350929073239 9922.515869140625 0.516845703125 1328.87711016096 128401
630 137.9 3305.012476842937 924.8661183650029 9922.515869140625 0.516845703125 1355.4894552019518 129655
640 125 3008.3542142578144 1063.98678489137 9922.515869140625 0.516845703125 1376.006208463265 131034
650 128.4 2457.072093357552 821.7318900255525 9922.515869140625 0.516845703125 1391.43086304918 132284
660 127.2 2059.526144543536 815.9627043487272 9922.515869140625 0.516845703125 1401.6749584890756 133568
670 113.4 1949.4481422922179 710.5496865557059 9922.515869140625 0.516845703125 1407.880733545893 134840
680 95.8 2122.897211954837 893.7789124796309 9922.515869140625 0.516845703125 1412.3973134914586 135974
690 105.8 1829.1205277037304 776.0957044675163 9922.515869140625 0.516845703125 1417.3680938987259 136932
700 100.4 1747.8287127369429 678.7522809292117 9922.515869140625 0.516845703125 1420.5250913258271 137990
710 99.2 1352.0402435794967 612.7265422658984 9922.515869140625 0.516845703125 1422.8893145001855 138994
720 99.3 1249.9000437142026 607.6729313827539 9922.515869140625 0.516845703125 1422.3872480195853 139986
730 96.9 965.4765345334271 544.1993582375538 9922.515869140625 0.516845703125 1421.1723167612047 140979
740 91.6 604.486104507113 408.4657800410246 9922.515869140625 0.516845703125 1418.06153525686 141948
750 87.3 204.57594115791446 241.60975051852654 9922.515869140625 0.516845703125 1412.845139981866 142864
760 41.6 39.38474273681639 36.87441640068893 9922.515869140625 0.516845703125 1405.5066049451439 143737
770 16.6 25.18658373729292 17.493594329906244 9922.515869140625 0.516845703125 1401.564219461119 144153
780 3.4 22.944515452665442 18.86934263109395 9922.515869140625 0.516845703125 1399.981069026802 144319
789 0.6 12.011515299479166 0.864914965509281 9922.515869140625 0.516845703125 1399.6567304760167 144353
