10 0.1 375 0 375 375 0 0
20 0.1 677.0 0.0 677 375 375.0 1
30 0.1 1110.0 0.0 1110 375 526.0 2
40 0.1 1130.0 0.0 1130 375 720.6666666666666 3
50 0.1 1150.0 0.0 1150 375 823.0 4
60 0.1 1528.0 0.0 1528 375 888.4 5
70 0.1 1408.0 0.0 1528 375 995.0 6
80 0.1 2132.0 0.0 2132 375 1054.0 7
90 0.1 1999.0 0.0 2132 375 1188.75 8
100 0.1 2190.0 0.0 2190 375 1278.7777777777778 9
110 0.1 1849.0 0.0 2190 375 1369.9 10
120 0.1 1797.0 0.0 2190 375 1413.4545454545455 11
130 0.1 2540.0 0.0 2540 375 1445.4166666666667 12
140 0.1 2562.0 0.0 2562 375 1529.6153846153845 13
150 0.1 2750.0 0.0 2750 375 1603.357142857143 14
160 0.1 2651.0 0.0 2750 375 1679.8 15
170 0.1 3266.0 0.0 3266 375 1740.5 16
180 0.1 3552.0 0.0 3552 375 1830.235294117647 17
190 0.1 3815.0 0.0 3815 375 1925.888888888889 18
200 0.1 4072.0 0.0 4072 375 2025.3157894736842 19
210 0.1 4171.0 0.0 4171 375 2127.65 20
220 0.1 5187.0 0.0 5187 375 2224.9523809523807 21
230 0.1 5628.0 0.0 5628 375 2359.5909090909086 22
240 0.1 6429.0 0.0 6429 375 2501.6956521739125 23
250 0.1 7553.0 0.0 7553 375 2665.3333333333326 24
260 0.1 7.9e3 0.0 7900 375 2860.8399999999992 25
270 0.1 9180.0 0.0 9180 375 3054.6538461538457 26
280 0.1 8849.0 0.0 9180 375 3281.518518518518 27
290 0.1 9998.0 0.0 9998 375 3480.357142857142 28
300 0.1 10469.0 0.0 10469 375 3705.1034482758614 29
310 0.1 11423.0 0.0 11423 375 3930.566666666666 30
320 0.1 11759.0 0.0 11759 375 4172.258064516129 31
330 0.1 10322.0 0.0 11759 375 4409.34375 32
340 0.1 11665.0 0.0 11759 375 4588.515151515152 33
350 0.1 11118.0 0.0 11759 375 4796.64705882353 34
360 0.1 10288.0 0.0 11759 375 4977.257142857143 35
370 0.1 10993.0 0.0 11759 375 5124.777777777777 36
380 0.1 11487.0 0.0 11759 375 5283.378378378378 37
390 0.1 11668.0 0.0 11759 375 5446.631578947368 38
400 0.1 13374.0 0.0 13374 375 5606.153846153846 39
410 0.1 13912.0 0.0 13912 375 5800.349999999999 40
420 0.1 14434.0 0.0 14434 375 5998.195121951218 41
430 0.1 14660.0 0.0 14660 375 6199.047619047617 42
440 0.1 13841.0 0.0 14660 375 6395.81395348837 43
450 0.1 14050.0 0.0 14660 375 6565.022727272726 44
460 0.1 13870.0 0.0 14660 375 6731.355555555554 45
470 0.1 14142.0 0.0 14660 375 6886.543478260868 46
480 0.1 14730.0 0.0 14730 375 7040.91489361702 47
490 0.1 15603.0 0.0 15603 375 7201.104166666665 48
500 0.1 15990.0 0.0 15990 375 7372.5714285714275 49
510 0.1 16840.0 0.0 16840 375 7544.919999999999 50
520 0.1 16930.0 0.0 16930 375 7727.176470588234 51
530 0.1 17151.0 0.0 17151 375 7904.153846153845 52
540 0.1 16831.0 0.0 17151 375 8078.6226415094325 53
550 0.1 13947.0 0.0 17151 375 8240.703703703703 54
560 0.1 12365.0 0.0 17151 375 8344.454545454544 55
570 0.1 11278.0 0.0 17151 375 8416.249999999998 56
580 0.1 9692.0 0.0 17151 375 8466.456140350876 57
590 0.1 9075.0 0.0 17151 375 8487.58620689655 58
600 0.1 8099.0 0.0 17151 375 8497.542372881355 59
610 0.1 7327.0 0.0 17151 375 8490.9 60
620 0.1 6388.0 0.0 17151 375 8471.819672131147 61
640 0.1 6491.0 0.0 17151 375 8438.209677419354 62
650 0.1 5754.0 0.0 17151 375 8407.301587301587 63
660 0.1 5727.0 0.0 17151 375 8365.84375 64
670 0.1 5364.0 0.0 17151 375 8325.246153846154 65
680 0.1 4772.0 0.0 17151 375 8280.378787878788 66
690 0.1 4257.0 0.0 17151 375 8228.014925373134 67
700 0.1 4483.0 0.0 17151 375 8169.617647058823 68
710 0.1 4223.0 0.0 17151 375 8116.188405797101 69
720 0.1 4047.0 0.0 17151 375 8060.571428571428 70
730 0.1 4014.0 0.0 17151 375 8004.042253521126 71
740 0.1 3885.0 0.0 17151 375 7948.625 72
750 0.1 3637.0 0.0 17151 375 7892.958904109589 73
760 0.1 3069.0 0.0 17151 375 7835.445945945946 74
770 0.1 1103.0 0.0 17151 375 7771.893333333333 75
780 0.1 339.0 0.0 17151 339 7684.144736842105 76
789 0.1 88.0 0.0 17151 88 7588.7532467532465 77
