0 6.3 83.29044596354169 100.56750570990742 486.050048828125 8.6689453125 0 0
10 14.4 38.38916863335505 53.3502596688146 559.07421875 6.658203125 83.29044596354169 63
20 22.2 60.58620583474098 139.410248502967 1581.7099609375 1.075927734375 52.054774777324894 207
30 26.2 41.91441659708971 104.8102310552186 1581.7099609375 1.075927734375 56.46964119864511 429
40 26.9 40.88157364515567 72.83950006156519 1581.7099609375 0.990966796875 50.950872970558976 691
50 33.9 36.93753528876295 43.04866451848041 1581.7099609375 0.885986328125 48.129371388753256 960
60 32.8 32.502495742425666 78.79546337323663 1581.7099609375 0.81298828125 45.20863818021075 1299
70 43.6 31.85076456332425 37.112165561731345 1581.7099609375 0.764892578125 42.6471048553223 1627
80 41.6 40.02127838134764 80.26422294791153 1581.7099609375 0.764892578125 40.36537709608277 2063
90 45.8 38.36700306188585 73.64158224186399 1581.7099609375 0.764892578125 40.307634028180466 2479
100 39.1 32.66276936640825 75.6788661367827 1581.7099609375 0.657958984375 40.00500924691968 2937
110 41.2 31.487843337568282 29.58691427522067 1581.7099609375 0.657958984375 39.14238430903507 3328
120 56.9 35.75674540380599 66.12088574266194 1581.7099609375 0.593994140625 38.29915680094835 3740
130 58 25.831522343076514 24.799537889543576 1581.7099609375 0.593994140625 37.96343341153688 4309
140 65.5 41.429359867008564 96.37145459275963 1596.2490234375 0.593994140625 36.524180308712786 4889
150 68.6 27.43344997038994 26.688148768372923 1596.2490234375 0.593994140625 37.103706392890956 5544
160 66.7 33.3496265783124 36.33841899462665 1596.2490234375 0.593994140625 36.0388916407504 6230
170 84.1 34.60059232405618 44.119792875618465 1596.2490234375 0.593994140625 35.778816275135476 6897
180 82.8 30.204268450898248 30.777957719890242 1596.2490234375 0.593994140625 35.65076169477134 7738
190 98.6 27.556921906693713 30.01379070573855 1596.2490234375 0.593994140625 35.12429701978571 8566
200 102.9 32.62018172224234 58.062222269313764 1596.2490234375 0.593994140625 34.343158843329604 9552
210 108.6 28.81504122064916 29.438430519493387 1596.2490234375 0.593994140625 34.175599684686865 10581
220 132.7 31.460763271535917 48.70627516450416 1596.2490234375 0.593994140625 33.676622527581785 11667
230 139.4 38.30655463285734 74.38472991343212 1853.427001953125 0.593994140625 33.45032999004347 12994
240 149.7 37.334293587174294 39.20143834734942 1853.427001953125 0.593994140625 33.92083159916792 14388
250 168.5 44.351860539920224 76.30810940742019 1853.427001953125 0.593994140625 34.24251574119156 15885
260 185 70.25400179476352 92.6821723446809 1853.427001953125 0.593994140625 35.21202319627738 17570
270 191.8 58.552620323905124 81.21422329289213 1853.427001953125 0.593994140625 38.55021374247714 19420
280 200 48.59027075195314 66.68313914536789 1853.427001953125 0.593994140625 40.348161808049305 21338
290 201.4 175.95182647250508 205.5109187050686 2343.16015625 0.592041015625 41.05448702391217 23338
300 222.1 136.33675082574723 149.05954192118324 2343.16015625 0.592041015625 51.77092918427294 25352
310 220.4 263.31939276333503 254.34703819448342 2343.16015625 0.592041015625 58.582690322550036 27573
320 200.6 691.80509545582 606.7302074529237 3749.533935546875 0.592041015625 73.73665788743199 29777
330 224.6 983.2060847974528 348.3631890420451 3749.533935546875 0.592041015625 112.746357593633 31783
340 211 1196.1406620260645 377.5088695655405 3749.533935546875 0.592041015625 170.19889946379607 34029
350 203.8 1723.6259781198235 468.520500918402 3749.533935546875 0.5888671875 230.09920437002995 36139
360 184.7 2476.4962914946504 599.0020740324255 4614.529052734375 0.5888671875 309.82803494608567 38177
370 214.6 2555.0404924177587 799.2096686493849 4614.529052734375 0.5888671875 409.81395014309743 40024
380 235.8 2456.400211402176 1306.1567245345898 5378.673095703125 0.5888671875 518.9829366197733 42170
390 303.2 2105.017814374541 1515.38115298439 6162.40185546875 0.5888671875 621.5797281652482 44528
400 350.1 1770.3893258455169 1447.9252821532607 6162.40185546875 0.5888671875 716.1504657049155 47560
410 401.7 1574.4052435960657 1522.9785026940865 6162.40185546875 0.5888671875 788.4344054897267 51061
420 434.5 1430.6366303087248 1494.163534818254 6162.40185546875 0.5888671875 845.7575627698235 55078
430 497.4 1243.837373433655 1636.003536574001 6162.40185546875 0.56201171875 888.5238241241227 59423
440 537.5 1164.1104994095192 1824.2070166828787 6362.571044921875 0.56201171875 915.9681087067214 64397
450 493.3 1248.0442315207358 1826.0160304885464 6446.60205078125 0.56201171875 935.0841631415598 69772
460 525.6 1210.8512342850754 1768.245257726361 6446.60205078125 0.56201171875 955.7498751730766 74705
470 529.5 1222.7224833458745 1682.116320301824 6446.60205078125 0.56201171875 972.51820902949 79961
480 526.4 1219.0847452273838 1607.7700538700012 6446.60205078125 0.56201171875 988.057662352485 85256
490 538.5 1159.1050788503912 1516.1454812833229 6446.60205078125 0.56201171875 1001.4925559036722 90520
500 562.7 1129.6794517331355 1496.7177267657853 6446.60205078125 0.56201171875 1010.3423910120407 95905
510 584.9 1102.5627545340315 1431.1919093777326 6446.60205078125 0.56201171875 1016.9561644103546 101532
520 572 1117.2794113479335 1390.1077003072903 6446.60205078125 0.56201171875 1021.6191210380018 107381
530 599.4 1049.1061604817648 1401.482308056709 6446.60205078125 0.532958984375 1026.457069955985 113101
540 559.2 1143.3131465011381 1403.1682584263388 6446.60205078125 0.532958984375 1027.5969889165756 119095
550 450 1390.3953773328988 1623.7233200508088 6446.60205078125 0.516845703125 1032.7866618833875 124687
560 360.1 1694.4228376639098 1775.4219463674294 6446.60205078125 0.516845703125 1045.2433271788336 129187
570 319.8 1965.0772033271528 1820.8814408023163 6446.60205078125 0.516845703125 1062.8480461086824 132788
580 241.1 2526.519086207258 1893.733381871968 6634.14697265625 0.516845703125 1084.0658835683082 135986
590 203.4 3004.505684251516 1642.230232716859 6847.179931640625 0.516845703125 1109.1947134675293 138397
600 165.1 3467.188007357045 1249.399600346573 6847.179931640625 0.516845703125 1136.6463624237756 140431
610 146.9 3596.5476263681194 888.5226210686573 6847.179931640625 0.516845703125 1163.7273737818987 142082
620 125.6 4073.9135322327825 923.5673875814034 6847.179931640625 0.516845703125 1188.623145675157 143551
630 137.9 3305.012476842937 924.8661183650029 6847.179931640625 0.516845703125 1213.6490403177945 144807
640 125 3008.3542142578144 1063.98678489137 6847.179931640625 0.516845703125 1233.3772644908902 146186
650 128.4 2457.072093357552 821.7318900255525 6847.179931640625 0.516845703125 1248.4259716398135 147436
660 127.3 2059.6171075262046 815.6486051465273 6847.179931640625 0.516845703125 1258.861028258194 148720
670 113.4 1947.5298124982776 705.4966650523074 6847.179931640625 0.516845703125 1265.6570953340454 149993
680 95.8 2122.897211954837 893.7789124796309 6847.179931640625 0.516845703125 1270.7736109881923 151127
690 105.8 1829.1205277037304 776.0957044675163 6847.179931640625 0.516845703125 1276.1412304754924 152085
700 100.4 1747.8287127369429 678.7522809292117 6847.179931640625 0.516845703125 1279.9615297805046 153143
710 99.2 1352.0402435794967 612.7265422658984 6847.179931640625 0.516845703125 1283.0088719388875 154147
720 99.3 1249.9000437142026 607.6729313827539 6847.179931640625 0.516845703125 1283.4502768768302 155139
730 96.9 965.4765345334271 544.1993582375538 6847.179931640625 0.516845703125 1283.2368972907716 156132
740 91.6 604.486104507113 408.4657800410246 6847.179931640625 0.516845703125 1281.2769492859095 157101
750 87.3 204.57594115791446 241.60975051852654 6847.179931640625 0.516845703125 1277.3536979027203 158017
760 41.6 39.38474273681639 36.87441640068893 6847.179931640625 0.516845703125 1271.4594630129336 158890
770 16.6 25.18658373729292 17.493594329906244 6847.179931640625 0.516845703125 1268.2421134866454 159306
780 3.4 22.944515452665442 18.86934263109395 6847.179931640625 0.516845703125 1266.9481733721527 159472
789 0.6 12.011515299479166 0.864914965509281 6847.179931640625 0.516845703125 1266.6830038840503 159506
