10 0.1 327 0 327 327 0 0
20 0.1 535.0 0.0 535 327 327.0 1
30 0.1 890.0 0.0 890 327 431.0 2
40 0.1 920.0 0.0 920 327 584.0 3
50 0.1 980.0 0.0 980 327 668.0 4
60 0.1 1229.0 0.0 1229 327 730.4 5
70 0.1 1183.0 0.0 1229 327 813.5 6
80 0.1 1714.0 0.0 1714 327 866.2857142857143 7
90 0.1 1578.0 0.0 1714 327 972.25 8
100 0.1 1719.0 0.0 1719 327 1039.5555555555557 9
110 0.1 1516.0 0.0 1719 327 1107.5 10
120 0.1 1560.0 0.0 1719 327 1144.6363636363637 11
130 0.1 2149.0 0.0 2149 327 1179.2500000000002 12
140 0.1 2278.0 0.0 2278 327 1253.846153846154 13
150 0.1 2278.0 0.0 2278 327 1327.0 14
160 0.1 2363.0 0.0 2363 327 1390.4 15
170 0.1 2642.0 0.0 2642 327 1451.1875 16
180 0.1 2917.0 0.0 2917 327 1521.235294117647 17
190 0.1 3215.0 0.0 3215 327 1598.7777777777778 18
200 0.1 3477.0 0.0 3477 327 1683.842105263158 19
210 0.1 3714.0 0.0 3714 327 1773.5 20
220 0.1 4326.0 0.0 4326 327 1865.904761904762 21
230 0.1 4773.0 0.0 4773 327 1977.7272727272727 22
240 0.1 5098.0 0.0 5098 327 2099.2608695652175 23
250 0.1 6022.0 0.0 6022 327 2224.2083333333335 24
260 0.1 6375.0 0.0 6375 327 2376.12 25
270 0.1 7140.0 0.0 7140 327 2529.923076923077 26
280 0.1 6975.0 0.0 7140 327 2700.6666666666665 27
290 0.1 7711.0 0.0 7711 327 2853.3214285714284 28
300 0.1 7917.0 0.0 7917 327 3020.8275862068967 29
310 0.1 8784.0 0.0 8784 327 3184.0333333333333 30
320 0.1 8911.0 0.0 8911 327 3364.6774193548385 31
330 0.1 7968.0 0.0 8911 327 3538.0 32
340 0.1 8926.0 0.0 8926 327 3672.242424242424 33
350 0.1 8251.0 0.0 8926 327 3826.764705882353 34
360 0.1 7684.0 0.0 8926 327 3953.1714285714284 35
370 0.1 8388.0 0.0 8926 327 4056.8055555555557 36
380 0.1 8855.0 0.0 8926 327 4173.864864864865 37
390 0.1 9406.0 0.0 9406 327 4297.0526315789475 38
400 0.1 11148.0 0.0 11148 327 4428.051282051282 39
410 0.1 11874.0 0.0 11874 327 4596.05 40
420 0.1 12705.0 0.0 12705 327 4773.5609756097565 41
430 0.1 13698.0 0.0 13698 327 4962.404761904762 42
440 0.1 13704.0 0.0 13704 327 5165.5581395348845 43
450 0.1 14166.0 0.0 14166 327 5359.613636363637 44
460 0.1 13810.0 0.0 14166 327 5555.311111111112 45
470 0.1 14056.0 0.0 14166 327 5734.760869565217 46
480 0.1 14575.0 0.0 14575 327 5911.808510638298 47
490 0.1 15224.0 0.0 15224 327 6092.291666666667 48
500 0.1 15893.0 0.0 15893 327 6278.65306122449 49
510 0.1 16576.0 0.0 16576 327 6470.94 50
520 0.1 16355.0 0.0 16576 327 6669.078431372549 51
530 0.1 16771.0 0.0 16771 327 6855.346153846154 52
540 0.1 16152.0 0.0 16771 327 7042.433962264151 53
550 0.1 13026.0 0.0 16771 327 7211.12962962963 54
560 0.1 11131.0 0.0 16771 327 7316.854545454546 55
570 0.1 9952.0 0.0 16771 327 7384.964285714285 56
580 0.1 8159.0 0.0 16771 327 7430.0 57
590 0.1 7367.0 0.0 16771 327 7442.568965517241 58
600 0.1 6375.0 0.0 16771 327 7441.28813559322 59
610 0.1 5695.0 0.0 16771 327 7423.516666666666 60
620 0.1 4916.0 0.0 16771 327 7395.180327868852 61
640 0.1 5029.0 0.0 16771 327 7355.193548387097 62
650 0.1 4410.0 0.0 16771 327 7318.269841269841 63
660 0.1 4392.0 0.0 16771 327 7272.828125 64
670 0.1 4191.0 0.0 16771 327 7228.507692307692 65
680 0.1 3562.0 0.0 16771 327 7182.484848484848 66
690 0.1 3193.0 0.0 16771 327 7128.44776119403 67
700 0.1 3322.0 0.0 16771 327 7070.573529411765 68
710 0.1 2986.0 0.0 16771 327 7016.246376811594 69
720 0.1 2956.0 0.0 16771 327 6958.671428571429 70
730 0.1 2857.0 0.0 16771 327 6902.295774647887 71
740 0.1 2819.0 0.0 16771 327 6846.11111111111 72
750 0.1 2614.0 0.0 16771 327 6790.945205479451 73
760 0.1 2316.0 0.0 16771 327 6734.499999999999 74
770 0.1 1028.0 0.0 16771 327 6675.586666666666 75
780 0.1 361.0 0.0 16771 327 6601.276315789473 76
789 0.1 96.0 0.0 16771 96 6520.233766233766 77
