20 0.1 20614.960205078125 0 20614.960205078125 20614.960205078125 0 0
30 0.2 26219.942016601563 3672.9959716796875 29892.93798828125 20614.960205078125 20614.960205078125 1
40 0.1 32045.98291015625 0.0 32045.98291015625 20614.960205078125 24351.61474609375 3
50 0.5 37404.68583984375 10481.52087220003 46484.211181640625 19334.95703125 26275.206787109375 4
60 0.5 39182.75068359375 16588.57948323441 65312.843017578125 19334.95703125 32458.25070529514 9
70 0.8 48603.87420654297 18043.719976178523 74632.208984375 19334.95703125 34859.85784040178 14
80 0.9 54565.52615017361 22856.215638510588 79278.77709960938 14136.953125 39857.68197354404 22
90 1.4 61122.12416294643 28624.55589251683 96877.90209960938 14136.953125 44127.70125063004 31
100 1.1 54036.16761363636 27018.37514821005 100378.47094726563 14136.953125 49414.85504557292 45
110 0.9 47144.496120876734 22449.920676446585 100378.47094726563 14136.953125 50322.61287144252 56
120 1 42834.414721679685 25585.597179352837 100378.47094726563 14136.953125 49882.5659367488 65
130 0.7 77524.6865234375 14912.041917225239 100378.47094726563 14136.953125 48942.81244140625 75
140 1.3 62169.50640399639 27493.228432249936 127103.22802734375 14136.953125 51382.72852157965 82
150 1.2 59134.69663492838 25372.07585170872 127103.22802734375 12160.944091796875 52858.81391601563 95
160 1.3 65702.68611027644 27166.788116270385 127103.22802734375 12160.944091796875 53562.65123028622 107
170 1.4 55682.364501953125 25100.57226851565 127103.22802734375 12160.944091796875 54877.82167561849 120
180 1.6 63080.421981811516 21824.876744922065 127103.22802734375 12160.944091796875 54961.87838881763 134
190 2 57402.56437988281 19420.703277102308 127103.22802734375 12160.944091796875 55827.85637207031 150
200 1.9 58403.22595857319 25446.992533490375 127103.22802734375 12160.944091796875 56013.11613769531 170
210 1.5 69485.82006835936 29021.076145200037 127103.22802734375 12160.944091796875 56253.39172815393 189
220 2.1 65838.07526506696 21016.559162077752 127103.22802734375 12160.944091796875 57226.36440022787 204
230 2.3 56435.88247282609 26574.44542818023 127103.22802734375 12160.944091796875 58030.12408094618 225
240 2.6 64021.11223895733 30722.511018486628 132275.58911132813 12160.944091796875 57882.2710285802 248
250 3.8 60791.75064890008 27177.323071708794 132275.58911132813 12160.944091796875 58464.788807667086 274
260 2.2 60413.68583540483 28923.765474192118 147428.2578125 12160.944091796875 58748.20082679162 312
270 3.5 62622.87775530134 26079.310412640043 147428.2578125 12160.944091796875 58857.903432149375 334
280 4 61383.305548095705 26988.37745643935 147428.2578125 12160.944091796875 59215.0148178142 369
290 3.7 70743.14381202492 25080.245664709117 147428.2578125 12160.944091796875 59427.07259094686 409
300 4.6 65054.746019446335 28402.73914976661 147428.2578125 12160.944091796875 60365.849799870375 446
310 2.9 77285.64835331358 28661.04133308184 157600.51098632813 12160.944091796875 60804.24253584699 492
320 3.2 69179.31178283691 30033.264153721862 181740.70703125 12160.944091796875 61721.63364660808 521
330 3.2 78354.65799713135 26207.285644061503 181740.70703125 12160.944091796875 62153.18102519637 553
340 4 80999.80848999023 29394.691581301286 181740.70703125 12160.944091796875 63039.41566297743 585
350 2.1 77794.60940987723 20913.749009904324 181740.70703125 12160.944091796875 64188.88080390625 625
360 2.7 85392.95433666089 23272.84613079327 181740.70703125 12160.944091796875 64631.17229109726 646
370 4.1 88048.62091511051 24226.22863552117 181740.70703125 12160.944091796875 65464.11154106786 673
380 3.7 84270.09202122042 37249.52630812973 181740.70703125 12160.944091796875 66760.98112697227 714
390 3.9 88009.61753806089 36681.596335256996 198732.75805664063 12160.944091796875 67623.61375425215 751
400 6.3 85529.50508820065 36355.8982265544 205212.92309570313 12160.944091796875 68630.0114094022 790
410 7.4 87758.32008485537 36729.45043674831 205212.92309570313 12160.944091796875 69878.15689798872 853
420 7.8 91065.4090576172 43755.82509462129 210904.09204101563 10980.913818359375 71305.48384062965 927
430 8.9 85305.64877216464 43722.08176015651 210904.09204101563 10980.913818359375 72839.08997687347 1005
440 12.6 82979.32860553073 38493.00437501799 210904.09204101563 10980.913818359375 73853.27986058545 1094
450 15.3 90889.57301240804 44058.24616058198 225910.80200195313 10980.913818359375 74795.80620637488 1220
460 15 83947.09230305986 39807.75233335003 225910.80200195313 10980.913818359375 76589.21212139532 1373
470 16.7 86114.95285893058 40781.93965155939 225910.80200195313 10980.913818359375 77313.8884360701 1523
480 17.8 93508.72823993815 43294.66545295616 225910.80200195313 10980.913818359375 78183.57941750069 1690
490 20.5 99661.24435975612 48526.071622898475 241095.42602539063 10980.913818359375 79643.89873784002 1868
500 18.8 95895.3093794153 47893.49860118263 257517.38989257813 10980.913818359375 81623.42399229867 2073
510 19.9 103923.69779929923 50765.11497906121 257844.38403320313 10980.913818359375 82810.1176910063 2261
520 21.5 98102.59584960938 51717.00849358927 257844.38403320313 10980.913818359375 84518.08616318121 2460
530 20.3 90921.48082233293 46755.56011406649 257844.38403320313 8781.882080078125 85609.92525947357 2675
540 21.5 94031.79052961482 49811.704070899505 257844.38403320313 8781.882080078125 85984.57632940424 2878
550 20.5 92098.47419493143 43216.21517443237 257844.38403320313 8781.882080078125 86543.95268021099 3093
560 19.2 90856.90984980263 40889.33838737634 257844.38403320313 8781.882080078125 86889.21553967665 3298
570 15.8 96041.14117199859 43253.621637317025 267142.44482421875 8781.882080078125 87107.4955704916 3490
580 16 95917.29586181637 39064.590872648696 267142.44482421875 8781.882080078125 87494.42429994284 3648
590 14.3 100976.72599909858 36722.084337249056 267142.44482421875 8781.882080078125 87848.3264664081 3808
600 10.2 107182.81296673942 34488.61659254995 267142.44482421875 8781.882080078125 88323.48747202054 3951
610 10.4 117611.61047128531 37376.84403988382 280978.5119628906 8781.882080078125 88798.11150371592 4053
620 10.8 123712.60087076823 34714.68091820123 280978.5119628906 8781.882080078125 89518.96882693633 4157
630 11.3 135496.1349838392 43309.56833532735 302296.7419433594 8781.882080078125 90384.83336638153 4265
640 6.8 142239.08342069737 39788.40113122096 302296.7419433594 8781.882080078125 91549.19542274807 4378
650 6.8 153445.9870964499 46361.79013657984 302296.7419433594 8781.882080078125 92324.47935973875 4446
660 8 160521.37799072263 37176.880428669414 302296.7419433594 8781.882080078125 93245.22870092094 4514
670 4.4 172740.4820390181 49974.481891009375 312857.10302734375 8781.882080078125 94416.77679477906 4594
680 4.1 189979.3318407012 44899.4385333339 312857.10302734375 8781.882080078125 95159.82186393527 4638
690 4.8 187616.84003702799 37767.341091011775 312857.10302734375 8781.882080078125 95990.68313964533 4679
700 3.2 208085.38667297363 33918.28060454651 312857.10302734375 8781.882080078125 96921.0947180406 4727
710 2.6 208427.6268310547 35160.639635683314 322048.7099609375 8781.882080078125 97668.57472278063 4759
720 2.8 226294.26782226563 35477.70857776317 322048.7099609375 8781.882080078125 98270.40029327491 4785
730 3.7 236882.87004460517 32881.37356168353 346184.5100097656 8781.882080078125 99015.18905097524 4813
740 4.2 237071.15085565476 27429.98576599913 346184.5100097656 8781.882080078125 100066.96311216375 4850
750 6.5 242172.78998272234 21450.71440171596 346184.5100097656 8781.882080078125 101243.2051165028 4892
760 4.9 248010.50870436066 21076.092780626994 346184.5100097656 8781.882080078125 103091.18232374595 4957
770 2.7 255197.17481372974 18699.53927584053 346184.5100097656 8781.882080078125 104509.68951364809 5006
780 0.8 251900.19915771484 8684.651617382957 346184.5100097656 8781.882080078125 105318.06664520028 5033
789 0.3 252123.63972981772 1007.2060660906106 346184.5100097656 8781.882080078125 105550.6905412725 5041
