0 241.11015625 241.11015625
10 550.0421875 791.15234375
20 793.47265625 1584.625
30 924.0609375 2508.6859375
40 981.2578125 3489.94375
50 1315.21171875 4805.15546875
60 1273.89609375 6079.0515625
70 1763.72578125 7842.77734375
80 1650.121875 9492.89921875
90 1928.5265625 11421.42578125
100 1511.6828125 12933.10859375
110 1583.2625 14516.37109375
120 2178.41484375 16694.7859375
130 1960.35625 18655.1421875
140 2393.51796875 21048.66015625
150 2319.953125 23368.61328125
160 2405.5796875 25774.19296875
170 3136.290625 28910.48359375
180 2929.709375 31840.19296875
190 3534.396875 35374.58984375
200 3438.9125 38813.50234375
210 4005.9046875 42819.40703125
220 4920.7765625 47740.18359375
230 5110.51015625 52850.69375
240 5476.2046875 58326.8984375
250 6157.38203125 64484.28046875
260 7047.72109375 71532.0015625
270 7216.78125 78748.7828125
280 7592.0453125 86340.828125
290 7802.10625 94142.934375
300 8490.6046875 102633.5390625
310 8433.1453125 111066.684375
320 7665.68203125 118732.36640625
330 8796.53359375 127528.9
340 8242.69375 135771.59375
350 8204.0046875 143975.5984375
360 7726.03046875 151701.62890625
370 8275.725 159977.35390625
380 7974.978125 167952.33203125
390 8500.7875 176453.11953125
400 8743.603125 185196.72265625
410 9116.859375 194313.58203125
420 8968.434375 203282.01640625
430 8798.71328125 212080.7296875
440 7660.953125 219741.6828125
450 7410.0015625 227151.684375
460 7756.825 234908.509375
470 8122.53984375 243031.04921875
480 8507.49765625 251538.546875
490 8802.56484375 260341.11171875
500 9249.43203125 269590.54375
510 9714.328125 279304.871875
520 9703.9125 289008.784375
530 10020.28828125 299029.07265625
540 9717.9609375 308747.03359375
550 8693.21875 317440.25234375
560 7826.82109375 325267.0734375
570 7387.27265625 332654.34609375
580 6517.64765625 339171.99375
590 6649.015625 345821.009375
600 6027.1109375 351848.1203125
610 5418.96953125 357267.08984375
620 4856.63125 362123.72109375
630 4902.37421875 367026.0953125
640 4128.9828125 371155.078125
650 4000.76015625 375155.83828125
660 3839.9609375 378995.79921875
670 3326.5703125 382322.36953125
680 2733.59453125 385055.9640625
690 3080.04609375 388136.01015625
700 3005.66953125 391141.6796875
710 2673.3453125 393815.025
720 2704.6859375 396519.7109375
730 2654.9109375 399174.621875
740 2482.70078125 401657.32265625
750 2264.41640625 403921.7390625
760 1120.96796875 405042.70703125
770 381.64375 405424.35078125
780 79.15234375 405503.503125
789 4.0875 405507.590625
