0 30.83125 30.83125
10 80.7734375 111.6046875
20 125.79609375 237.40078125
30 147.578125 384.97890625
40 152.2375 537.21640625
50 190.0984375 727.31484375
60 182.2359375 909.55078125
70 241.38828125 1150.9390625
80 235.7015625 1386.640625
90 256.715625 1643.35625
100 218.684375 1862.040625
110 224.671875 2086.7125
120 314.3875 2401.1
130 325.74609375 2726.84609375
140 365.9 3092.74609375
150 382.909375 3475.65546875
160 378.9703125 3854.62578125
170 465.6359375 4320.26171875
180 461.7828125 4782.04453125
190 549.290625 5331.33515625
200 570.63046875 5901.965625
210 605.4765625 6507.4421875
220 744.5109375 7251.953125
230 779.38203125 8031.33515625
240 830.3 8861.63515625
250 941.47578125 9803.1109375
260 1043.3796875 10846.490625
270 1067.48984375 11913.98046875
280 1118.76484375 13032.7453125
290 1135.03046875 14167.77578125
300 1219.9203125 15387.69609375
310 1265.8359375 16653.53203125
320 1179.30546875 17832.8375
330 1250.93125 19083.76875
340 1195.059375 20278.828125
350 1184.9859375 21463.8140625
360 1047.31953125 22511.13359375
370 1188.86875 23700.00234375
380 1294.74140625 24994.74375
390 1637.60546875 26632.34921875
400 1891.95078125 28524.3
410 2151.5203125 30675.8203125
420 2323.4109375 32999.23125
430 2609.73671875 35608.96796875
440 2774.1375 38383.10546875
450 2496.06953125 40879.175
460 2670.00234375 43549.17734375
470 2674.7953125 46223.97265625
480 2629.71328125 48853.6859375
490 2688.22578125 51541.91171875
500 2795.45546875 54337.3671875
510 2926.51484375 57263.88203125
520 2853.6984375 60117.58046875
530 2994.925 63112.50546875
540 2845.409375 65957.91484375
550 2336.196875 68294.11171875
560 1861.72890625 70155.840625
570 1638.8234375 71794.6640625
580 1231.72890625 73026.39296875
590 1026.2359375 74052.62890625
600 836.225 74888.85390625
610 758.48203125 75647.3359375
620 641.06015625 76288.39609375
630 684.35078125 76972.746875
640 648.00703125 77620.75390625
650 682.55703125 78303.3109375
660 680.22109375 78983.53203125
670 623.18125 79606.71328125
680 531.79921875 80138.5125
690 590.91796875 80729.43046875
700 549.74375 81279.17421875
710 570.38203125 81849.55625
720 531.65859375 82381.21484375
730 540.4046875 82921.61953125
740 498.340625 83419.96015625
750 475.81953125 83895.7796875
760 235.7890625 84131.56875
770 94.00390625 84225.57265625
780 19.37734375 84244.95
789 3.41484375 84248.36484375
