0 16 16
10 23 23
20 33 33
30 37 37
40 45 45
50 49 50
60 55 56
70 64 66
80 67 67
90 64 71
100 63 71
110 75 75
120 88 88
130 99 99
140 107 107
150 120 121
160 123 123
170 128 132
180 145 145
190 156 156
200 177 177
210 200 200
220 217 217
230 236 236
240 272 273
250 279 282
260 315 316
270 334 334
280 358 359
290 382 384
300 428 428
310 495 495
320 576 577
330 650 650
340 705 705
350 788 788
360 884 884
370 998 998
380 1114 1115
390 1239 1241
400 1328 1328
410 1436 1436
420 1534 1534
430 1634 1634
440 1690 1696
450 1749 1750
460 1768 1771
470 1813 1815
480 1871 1872
490 1910 1916
500 1990 1992
510 2035 2038
520 2032 2047
530 2072 2080
540 1951 2088
550 1746 2088
560 1554 2088
570 1396 2088
580 1236 2088
590 1093 2088
600 991 2088
610 887 2088
620 779 2088
630 666 2088
640 598 2088
650 530 2088
660 450 2088
670 406 2088
680 365 2088
690 317 2088
700 285 2088
710 259 2088
720 231 2088
730 194 2088
740 152 2088
750 87 2088
760 38 2088
770 11 2088
780 3 2088
789 0 2088
