0 1.6 16
10 0.7 23
20 1.1 34
30 0.6 40
40 0.9 49
50 0.9 58
60 1.1 69
70 1.7 86
80 1.2 98
90 1.1 109
100 1 119
110 2.1 140
120 2.3 163
130 1.8 181
140 2.1 202
150 2.5 227
160 1.6 243
170 1.9 262
180 3.3 295
190 3.1 326
200 4 366
210 3.8 404
220 3.8 442
230 4.2 484
240 6.2 546
250 4.5 591
260 5.8 649
270 5.4 703
280 6.4 767
290 6.1 828
300 9.2 920
310 9.6 1016
320 11.3 1129
330 10.6 1235
340 9.5 1330
350 10.4 1434
360 12.3 1557
370 15.5 1712
380 15.3 1865
390 16.4 2029
400 15.2 2181
410 18.2 2363
420 17.6 2539
430 18.9 2728
440 18.2 2910
450 21.2 3122
460 16.9 3291
470 21.2 3503
480 23.6 3739
490 24.4 3983
500 26.8 4251
510 24.4 4495
520 21.2 4707
530 24.3 4950
540 9.4 5044
550 0 5044
560 0 5044
570 0 5044
580 0 5044
590 0 5044
600 0 5044
610 0 5044
620 0 5044
630 0 5044
640 0 5044
650 0 5044
660 0 5044
670 0 5044
680 0 5044
690 0 5044
700 0 5044
710 0 5044
720 0 5044
730 0 5044
740 0 5044
750 0 5044
760 0 5044
770 0 5044
780 0 5044
789 0 5044
