0 2.2 22
10 7.8 100
20 14.4 244
30 21 454
40 21 664
50 27.5 939
60 32 1259
70 31.9 1578
80 38.6 1964
90 37.1 2335
100 43 2765
110 42.4 3189
120 46.9 3658
130 39 4048
140 46.5 4513
150 50.5 5018
160 56.7 5585
170 60.5 6190
180 60.6 6796
190 77.3 7569
200 88.1 8450
210 99.3 9443
220 127.6 10719
230 125.4 11973
240 134.1 13314
250 148.2 14796
260 154.4 16340
270 165.1 17991
280 160.1 19592
290 166.3 21255
300 168.8 22943
310 193.5 24878
320 196.4 26842
330 169 28532
340 156.1 30093
350 154.7 31640
360 152.1 33161
370 157.9 34740
380 163.6 36376
390 143 37806
400 153.3 39339
410 170.1 41040
420 162 42660
430 160.4 44264
440 168.4 45948
450 150.7 47455
460 134.6 48801
470 138.9 50190
480 154.5 51735
490 161.1 53346
500 162.4 54970
510 160.9 56579
520 155.2 58131
530 153.8 59669
540 155.8 61227
550 136.3 62590
560 125.1 63841
570 124.5 65086
580 126.9 66355
590 143.7 67792
600 131.1 69103
610 119.1 70294
620 102.6 71320
630 97 72290
640 86.6 73156
650 76.8 73924
660 58.1 74505
670 33.7 74842
680 17.1 75013
690 8.4 75097
700 5.8 75155
710 2.4 75179
720 1.2 75191
730 1.1 75202
740 0.8 75210
742 0 75210
