0 0.1 1
10 0.7 8
20 2 28
30 1.9 47
40 3.4 81
50 3.8 119
60 4.5 164
70 4.3 207
80 6 267
90 5.2 319
100 5.9 378
110 6.3 441
120 6.9 510
130 5.8 568
140 5.4 622
150 6.2 684
160 7.4 758
170 7.6 834
180 9.4 928
190 9.9 1027
200 11.7 1144
210 14.2 1286
220 16.7 1453
230 17.3 1626
240 20 1826
250 18.3 2009
260 20 2209
270 21.1 2420
280 21.8 2638
290 18.8 2826
300 20.6 3032
310 23.8 3270
320 21.6 3486
330 18 3666
340 14.2 3808
350 14.9 3957
360 15.7 4114
370 13.3 4247
380 14.7 4394
390 10.8 4502
400 12.5 4627
410 13.1 4758
420 11.4 4872
430 12.6 4998
440 9.1 5089
450 8.9 5178
460 8.7 5265
470 6.5 5330
480 8 5410
490 7.4 5484
500 8.8 5572
510 5.8 5630
520 5.7 5687
530 6.4 5751
540 5.9 5810
550 6.3 5873
560 7.9 5952
570 10.2 6054
580 12 6174
590 19.6 6370
600 22.3 6593
610 21.1 6804
620 21.1 7015
630 21.1 7226
640 19.9 7425
650 17.7 7602
660 12.4 7726
670 7.2 7798
680 3.5 7833
690 1.4 7847
700 1.2 7859
710 0.4 7863
720 0.2 7865
730 0.3 7868
740 0 7868
742 0 7868
