0 0.6 6
10 1.5 21
20 2.2 43
30 2.1 64
40 1.8 82
50 2.6 108
60 2.4 132
70 2.5 157
80 2.6 183
90 2.7 210
100 1.4 224
110 2.9 253
120 3.8 291
130 1.7 308
140 3.6 344
150 3.1 375
160 3.4 409
170 4.2 451
180 5.4 505
190 8.1 586
200 5.9 645
210 8.1 726
220 8.2 808
230 8.4 892
240 7 962
250 11 1072
260 9.7 1169
270 9.2 1261
280 9.7 1358
290 10.8 1466
300 10.9 1575
310 17.8 1753
320 14.7 1900
330 13.6 2036
340 12 2156
350 13.7 2293
360 13 2423
370 16.3 2586
380 16.8 2754
390 17.1 2925
400 16.3 3088
410 20.4 3292
420 16.7 3459
430 19.5 3654
440 20.4 3858
450 16.8 4026
460 17.4 4200
470 14.9 4349
480 22.1 4570
490 22.6 4796
500 21.8 5014
510 22.8 5242
520 25.3 5495
530 22.1 5716
540 19.2 5908
550 8.8 5996
560 5.5 6051
570 4.6 6097
580 1.7 6114
590 0.8 6122
600 0.3 6125
610 0 6125
620 0 6125
630 0 6125
640 0 6125
650 0 6125
660 0 6125
670 0 6125
680 0 6125
690 0 6125
700 0 6125
710 0 6125
720 0 6125
730 0 6125
740 0 6125
742 0 6125
