30 0.2 2
40 0 2
50 0.3 5
60 0.2 7
70 0.1 8
80 0.3 11
90 0.3 14
100 0.2 16
110 0.5 21
120 0.1 22
130 0.2 24
140 0.3 27
150 0.3 30
160 0.6 36
170 0.7 43
180 0.4 47
190 0.5 52
200 0.4 56
210 0.5 61
220 0.6 67
230 0.9 76
240 1.5 91
250 0.8 99
260 1.3 112
270 1.5 127
280 1 137
290 1.3 150
300 1.7 167
310 1.1 178
320 0.8 186
330 0.7 193
340 1.9 212
350 2.5 237
360 2.9 266
370 2.3 289
380 3.1 320
390 4 360
400 3.7 397
410 2.6 423
420 3.2 455
430 3.4 489
440 2.9 518
450 4.4 562
460 4.4 606
470 6.1 667
480 5.1 718
490 5.4 772
500 4.6 818
510 6 878
520 4.7 925
530 5.5 980
540 5.6 1036
550 5.8 1094
560 4.5 1139
570 4.2 1181
580 2.3 1204
590 1 1214
600 0.7 1221
610 0.1 1222
620 0 1222
630 0 1222
640 0 1222
650 0 1222
660 0 1222
670 0 1222
680 0 1222
690 0 1222
700 0 1222
710 0 1222
720 0 1222
730 0 1222
740 0 1222
742 0 1222
