260 0.2 2
270 0.1 3
280 0.1 4
290 0 4
300 0 4
310 0.1 5
320 0.3 8
330 0.2 10
340 0.4 14
350 0.4 18
360 0.6 24
370 0.7 31
380 3 61
390 2.1 82
400 2.4 106
410 3.8 144
420 3.7 181
430 4.2 223
440 4.1 264
450 3.9 303
460 2.9 332
470 2.6 358
480 3 388
490 2.6 414
500 3.1 445
510 2.3 468
520 2.6 494
530 3.5 529
540 2.3 552
550 2.9 581
560 3.1 612
570 4.9 661
580 5.2 713
590 6.3 776
600 6.8 844
610 5.8 902
620 4.7 949
630 5.3 1002
640 4.5 1047
650 2.8 1075
660 2.1 1096
670 1 1106
680 0.6 1112
690 0.2 1114
700 0.2 1116
710 0.1 1117
720 0.1 1118
730 0.2 1120
740 0 1120
742 0 1120
