260 0.1 1
270 0 1
280 0 1
290 0 1
300 0 1
310 0.1 2
320 0 2
330 0.2 4
340 1.5 19
350 2.2 41
360 4.8 89
370 5.8 147
380 10.9 256
390 9.9 355
400 14.4 499
410 20.1 700
420 22 920
430 23.1 1151
440 23.3 1384
450 22.3 1607
460 18.8 1795
470 21.6 2011
480 26.6 2277
490 28.7 2564
500 30 2864
510 32.1 3185
520 30.6 3491
530 29.7 3788
540 32.6 4114
550 26.3 4377
560 24.1 4618
570 25.7 4875
580 20.5 5080
590 15.9 5239
600 8.8 5327
610 3.8 5365
620 1.6 5381
630 0.9 5390
640 0.2 5392
650 0 5392
660 0.1 5393
670 0 5393
680 0 5393
690 0 5393
700 0 5393
710 0 5393
720 0 5393
730 0 5393
740 0 5393
742 0 5393
