330 26.9 269
340 61.1 880
350 98.8 1868
360 111.6 2984
370 132.9 4313
380 155.8 5871
390 206.4 7935
400 176.5 9700
410 164.6 11346
420 203.9 13385
430 207.4 15459
440 225.1 17710
450 259.5 20305
460 301 23315
470 315.8 26473
480 271 29183
490 302.6 32209
500 310.3 35312
510 345.2 38764
520 339.6 42160
530 341.1 45571
540 304 48611
550 244.5 51056
560 165 52706
570 71.1 53417
580 36.9 53786
590 1.7 53803
600 0 53803
610 0 53803
620 0 53803
630 0 53803
640 0 53803
650 0 53803
660 0 53803
670 0 53803
680 0 53803
690 0 53803
700 0 53803
710 0 53803
720 0 53803
730 0 53803
740 0 53803
742 0 53803
