0 0.8 17.05364990234375 40.15551227970852 123.240966796875 1.2890625 0 0
10 1.1 1.4560102982954546 0.7656309012090539 123.240966796875 0.93798828125 17.05364990234375 8
20 1 1.426611328125 0.43751595604273924 123.240966796875 0.93798828125 8.0234375 19
30 1.3 1.2501502403846156 0.11377745157893204 123.240966796875 0.93798828125 5.748669854525862 29
40 0.8 1.29351806640625 0.08610957431233693 123.240966796875 0.93798828125 4.356270926339286 42
50 1 1.2833251953125 0.0905110827082806 123.240966796875 0.93798828125 3.86623046875 50
60 1.1 4.278187144886363 6.309404897134729 123.240966796875 0.93798828125 3.435746256510417 60
70 1.3 1.20556640625 0.13138576933096838 123.240966796875 0.93798828125 3.5662652673855635 71
80 1.7 1.3059800091911764 0.21325069743267044 123.240966796875 0.93798828125 3.2009190150669644 84
90 1.3 1.2527794471153846 0.13294225847498267 123.240966796875 0.93798828125 2.881968885365099 101
100 0.5 1.180126953125 0.12518843752452358 123.240966796875 0.93798828125 2.696184124862939 114
110 1.6 1.2269439697265625 0.11360765880813353 123.240966796875 0.93798828125 2.632484243697479 119
120 1.9 2.341334292763158 4.847515090973368 123.240966796875 0.93798828125 2.4659016927083335 135
130 1.3 1.3484637920673077 0.1965932174361252 123.240966796875 0.93798828125 2.450532987520292 154
140 1.6 1.7656707763671875 1.9321685108635525 123.240966796875 0.93798828125 2.3647431699101795 167
150 2 1.64056396484375 1.8061609155060137 123.240966796875 0.93798828125 2.3123652557206285 183
160 2.1 1.4526250930059523 0.8771699075744633 123.240966796875 0.93798828125 2.2461779364224137 203
170 2.1 1.1682012648809523 0.06361085322709616 123.240966796875 0.93798828125 2.1717823573521207 224
180 3.9 2.260723407451923 3.835228966008997 123.240966796875 0.905029296875 2.085761120854592 245
190 4 1.3524108886718749 0.6853465556236049 123.240966796875 0.822021484375 2.1097876320422535 284
200 4 1.2384582519531246 0.33046400994537994 123.240966796875 0.822021484375 2.0162843303915894 324
210 4.5 1.4394314236111112 1.1678127356964136 123.240966796875 0.822021484375 1.9308089371565933 364
220 3.9 1.3216458834134615 0.49541165667149956 123.240966796875 0.822021484375 1.8767453965464547 409
230 3.9 1.4787347255608974 0.8136190664501938 123.240966796875 0.822021484375 1.8284220014299666 448
240 4.9 2.529486208545918 8.195743639066558 123.240966796875 0.822021484375 1.8004182976129364 487
250 6.6 1.608957001657197 1.8596111245620908 123.240966796875 0.822021484375 1.8670681626049441 536
260 6 1.39522705078125 1.1228166797178638 123.240966796875 0.822021484375 1.8387702612385797 602
270 4.6 1.5891856317934783 1.372609429354512 123.240966796875 0.822021484375 1.798569970260574 662
280 5.6 1.3627493722098216 0.4166153183485507 123.240966796875 0.822021484375 1.784965903072034 708
290 7.1 7.971686564700704 31.609239258520812 228.85205078125 0.822021484375 1.7540180945271597 764
300 8.6 2.3584523755450566 6.336915510949373 228.85205078125 0.822021484375 2.282706072230539 835
310 9.9 1.7115490845959596 1.8458034701148422 228.85205078125 0.822021484375 2.28977901694829 921
320 11 1.4749023437499997 1.278841055083624 228.85205078125 0.822021484375 2.233656699984681 1020
330 9.9 1.5542953953598482 1.161276731883739 228.85205078125 0.822021484375 2.1597956564574115 1130
340 8.5 1.3912281709558825 0.6824069005666069 228.85205078125 0.822021484375 2.111020615083401 1229
350 10.4 1.3771855280949516 0.5483781867981399 228.85205078125 0.822021484375 2.064458698986872 1314
360 14.7 1.4227917729591835 2.1101070162473183 228.85205078125 0.822021484375 2.0140522040836566 1418
370 15 1.438123372395834 1.088096878173569 228.85205078125 0.822021484375 1.9585152817991214 1565
380 15.5 1.4205991683467734 0.9582925316976074 228.85205078125 0.822021484375 1.912999954446064 1715
390 15.6 1.4740694486177885 0.9873182519395789 228.85205078125 0.822021484375 1.872185985544786 1870
400 15.3 1.9650017233455883 2.8458530672720177 228.85205078125 0.822021484375 1.8415314052088474 2026
410 16.9 1.872013972355769 2.7324210218072156 228.85205078125 0.822021484375 1.8502009594424047 2179
420 15.9 1.4213191578223268 0.9120212608746366 228.85205078125 0.822021484375 1.851770976129951 2348
430 20.3 1.4473750673491386 1.2450090575141661 228.85205078125 0.822021484375 1.824470681311079 2507
440 18.7 1.5165153952205883 2.206787647092149 228.85205078125 0.81982421875 1.7962232976821955 2710
450 18.1 1.49577002762431 1.211284227862159 228.85205078125 0.81982421875 1.7781682829219883 2897
460 18.9 1.6310570126488095 2.03988032737944 228.85205078125 0.81982421875 1.7615620177469136 3078
470 18.8 1.8167633705950794 2.0599482675292067 228.85205078125 0.81982421875 1.754012141418924 3267
480 24 1.4604410807291666 1.3738432076442462 228.85205078125 0.80908203125 1.7574266800832128 3455
490 24.2 1.6519755213713847 2.041984346043685 228.85205078125 0.80908203125 1.7381366817489852 3695
500 26 1.4918663611778846 1.4885104011741053 228.85205078125 0.80908203125 1.7328405169505652 3937
510 23.1 1.5446153781114718 1.0834688103598793 228.85205078125 0.80908203125 1.7179124062760602 4197
520 24.5 1.682286352040817 1.733705406180272 228.85205078125 0.80908203125 1.708871843153653 4428
530 24.9 1.5233982806224895 1.048796667955333 228.85205078125 0.80908203125 1.7074779965192328 4673
540 4 1.7205566406249997 1.648179988544098 228.85205078125 0.80908203125 1.6981655525415227 4922
550 0 0 0 228.85205078125 0.80908203125 1.6983460530500554 4962
560 0 0 0 228.85205078125 0.80908203125 1.6983460530500554 4962
570 0 0 0 228.85205078125 0.80908203125 1.6983460530500554 4962
580 0 0 0 228.85205078125 0.80908203125 1.6983460530500554 4962
590 0 0 0 228.85205078125 0.80908203125 1.6983460530500554 4962
600 0 0 0 228.85205078125 0.80908203125 1.6983460530500554 4962
610 0 0 0 228.85205078125 0.80908203125 1.6983460530500554 4962
620 0 0 0 228.85205078125 0.80908203125 1.6983460530500554 4962
630 0 0 0 228.85205078125 0.80908203125 1.6983460530500554 4962
640 0 0 0 228.85205078125 0.80908203125 1.6983460530500554 4962
650 0 0 0 228.85205078125 0.80908203125 1.6983460530500554 4962
660 0 0 0 228.85205078125 0.80908203125 1.6983460530500554 4962
670 0 0 0 228.85205078125 0.80908203125 1.6983460530500554 4962
680 0 0 0 228.85205078125 0.80908203125 1.6983460530500554 4962
690 0 0 0 228.85205078125 0.80908203125 1.6983460530500554 4962
700 0 0 0 228.85205078125 0.80908203125 1.6983460530500554 4962
710 0 0 0 228.85205078125 0.80908203125 1.6983460530500554 4962
720 0 0 0 228.85205078125 0.80908203125 1.6983460530500554 4962
730 0 0 0 228.85205078125 0.80908203125 1.6983460530500554 4962
740 0 0 0 228.85205078125 0.80908203125 1.6983460530500554 4962
742 0 0 0 228.85205078125 0.80908203125 1.6983460530500554 4962
