0 8 8
10 19 11
20 29 10
30 40 11
40 48 8
50 54 6
60 58 4
70 68 10
80 74 6
90 80 6
100 78 -2
110 80 2
120 82 2
130 88 6
140 92 4
150 98 6
160 109 11
170 116 7
180 142 26
190 168 26
200 188 20
210 223 35
220 242 19
230 257 15
240 273 16
250 309 36
260 331 22
270 337 6
280 354 17
290 388 34
300 431 43
310 488 57
320 558 70
330 618 60
340 652 34
350 700 48
360 777 77
370 853 76
380 934 81
390 982 48
400 1025 43
410 1094 69
420 1133 39
430 1192 59
440 1262 70
450 1299 37
460 1321 22
470 1325 4
480 1388 63
490 1445 57
500 1531 86
510 1544 13
520 1570 26
530 1620 50
540 1469 -151
550 1251 -218
560 1061 -190
570 879 -182
580 724 -155
590 575 -149
600 449 -126
610 353 -96
620 286 -67
630 232 -54
640 171 -61
650 121 -50
660 74 -47
670 46 -28
680 21 -25
690 13 -8
700 6 -7
710 4 -2
720 2 -2
730 2 0
740 0 -2
742 0 0
