0 0.1 4.166171769060981 0 4.166171769060981 4.166171769060981 0 0
10 0.1 2.167487684729064 0.0 4.166171769060981 2.167487684729064 4.166171769060981 1
20 0.1 1.6798418972332017 0.0 4.166171769060981 1.6798418972332017 3.1668297268950227 2
30 0.1 2.3645320197044337 0.0 4.166171769060981 1.6798418972332017 2.6711671170077493 3
40 0.1 2.955665024630542 0.0 4.166171769060981 1.6798418972332017 2.5945083426819204 4
50 0.1 2.766798418972332 0.0 4.166171769060981 1.6798418972332017 2.6667396790716444 5
60 0.1 3.260869565217391 0.0 4.166171769060981 1.6798418972332017 2.683416135721759 6
70 0.1 3.740157480314961 0.0 4.166171769060981 1.6798418972332017 2.7659094827925634 7
80 0.1 3.736479842674533 0.0 4.166171769060981 1.6798418972332017 2.8876904824828635 8
90 0.1 4.236453201970444 0.0 4.236453201970444 1.6798418972332017 2.982000411393049 9
100 0.1 3.482587064676617 0.0 4.236453201970444 1.6798418972332017 3.1074456904507888 10
110 0.1 3.869047619047619 0.0 4.236453201970444 1.6798418972332017 3.141549451744046 11
120 0.1 4.150197628458498 0.0 4.236453201970444 1.6798418972332017 3.202174299019344 12
130 0.1 4.639684106614018 0.0 4.639684106614018 1.6798418972332017 3.2750991705146637 13
140 0.1 4.330708661417323 0.0 4.639684106614018 1.6798418972332017 3.372569523093189 14
150 0.1 4.743083003952568 0.0 4.743083003952568 1.6798418972332017 3.4364454656481316 15
160 0.1 4.554455445544554 0.0 4.743083003952568 1.6798418972332017 3.518110311792159 16
170 0.1 5.143422354104846 0.0 5.143422354104846 1.6798418972332017 3.5790717902481823 17
180 0.1 5.742574257425743 0.0 5.742574257425743 1.6798418972332017 3.6659801549068853 18
190 0.1 5.974534769833497 0.0 5.974534769833497 1.6798418972332017 3.7752745813552466 19
200 0.1 7.5289575289575295 0.0 7.5289575289575295 1.6798418972332017 3.885237590779159 20
210 0.1 8.860759493670885 0.0 8.860759493670885 1.6798418972332017 4.058748064025748 21
220 0.1 9.941520467836257 0.0 9.941520467836257 1.6798418972332017 4.2770213108277995 22
230 0.1 11.023622047244094 0.0 11.023622047244094 1.6798418972332017 4.523303882871645 23
240 0.1 12.147716229348884 0.0 12.147716229348884 1.6798418972332017 4.79415047305383 24
250 0.1 13.570741097208854 0.0 13.570741097208854 1.6798418972332017 5.088293103305633 25
260 0.1 13.91304347826087 0.0 13.91304347826087 1.6798418972332017 5.414541103071141 26
270 0.1 14.66275659824047 0.0 14.66275659824047 1.6798418972332017 5.72930045030039 27
280 0.1 15.561959654178676 0.0 15.561959654178676 1.6798418972332017 6.048352455583965 28
290 0.1 15.13671875 0.0 15.561959654178676 1.6798418972332017 6.376407876225161 29
300 0.1 15.088757396449704 0.0 15.561959654178676 1.6798418972332017 6.668418238684323 30
310 0.1 17.69825918762089 0.0 17.69825918762089 1.6798418972332017 6.940042082483206 31
320 0.1 19.961795606494746 0.0 19.961795606494746 1.6798418972332017 7.276236367018758 32
330 0.1 18.19066147859922 0.0 19.961795606494746 1.6798418972332017 7.660647253063486 33
340 0.1 18.635926993275696 0.0 19.961795606494746 1.6798418972332017 7.970353553814537 34
350 0.1 18.6960690316395 0.0 19.961795606494746 1.6798418972332017 8.275084223513426 35
360 0.1 21.67630057803468 0.0 21.67630057803468 1.6798418972332017 8.56455602373915 36
370 0.1 23.295454545454543 0.0 23.295454545454543 1.6798418972332017 8.91892749817957 37
380 0.1 26.27599243856333 0.0 26.27599243856333 1.6798418972332017 9.297257157318386 38
390 0.1 26.36625119846596 0.0 26.36625119846596 1.6798418972332017 9.732609344016975 39
400 0.1 25.238095238095237 0.0 26.36625119846596 1.6798418972332017 10.148450390378198 40
410 0.1 27.931363203050523 0.0 27.931363203050523 1.6798418972332017 10.516490508615199 41
420 0.1 28.32699619771863 0.0 28.32699619771863 1.6798418972332017 10.931130334673183 42
430 0.1 29.118773946360154 0.0 29.118773946360154 1.6798418972332017 11.335685354744008 43
440 0.1 31.647940074906366 0.0 31.647940074906366 1.6798418972332017 11.73984645909892 44
450 0.1 32.045240339302545 0.0 32.045240339302545 1.6798418972332017 12.182248539450198 45
460 0.1 32.22433460076046 0.0 32.22433460076046 1.6798418972332017 12.614052709012205 46
470 0.1 33.30179754020814 0.0 33.30179754020814 1.6798418972332017 13.031292749262168 47
480 0.1 34.64052287581699 0.0 34.64052287581699 1.6798418972332017 13.453594932406874 48
490 0.1 35.14018691588785 0.0 35.14018691588785 1.6798418972332017 13.885981216966265 49
500 0.1 37.4412041392286 0.0 37.4412041392286 1.6798418972332017 14.311065330944695 50
510 0.1 37.75322283609576 0.0 37.75322283609576 1.6798418972332017 14.764597464440458 51
520 0.1 38.294010889292196 0.0 38.294010889292196 1.6798418972332017 15.206686413895369 52
530 0.1 38.33955223880597 0.0 38.33955223880597 1.6798418972332017 15.642296309657572 53
540 0.1 34.995383194829174 0.0 38.33955223880597 1.6798418972332017 16.062615863901062 54
550 0.1 30.047393364928908 0.0 38.33955223880597 1.6798418972332017 16.406847997190663 55
560 0.1 25.754716981132077 0.0 38.33955223880597 1.6798418972332017 16.650429164471703 56
570 0.1 20.88122605363985 0.0 38.33955223880597 1.6798418972332017 16.810153512132413 57
580 0.1 16.912487708947886 0.0 38.33955223880597 1.6798418972332017 16.88034441802047 58
590 0.1 15.984405458089668 0.0 38.33955223880597 1.6798418972332017 16.880889219561613 59
600 0.1 14.285714285714285 0.0 38.33955223880597 1.6798418972332017 16.86594782353708 60
610 0.1 11.10009910802775 0.0 38.33955223880597 1.6798418972332017 16.82364891308097 61
630 0.1 10.577864838393731 0.0 38.33955223880597 1.6798418972332017 16.731333593644628 62
640 0.1 9.30460333006856 0.0 38.33955223880597 1.6798418972332017 16.63365948641842 63
650 0.1 8.4396467124632 0.0 38.33955223880597 1.6798418972332017 16.519142983975456 64
660 0.1 8.560311284046692 0.0 38.33955223880597 1.6798418972332017 16.394843041336806 65
670 0.1 5.697445972495088 0.0 38.33955223880597 1.6798418972332017 16.276138014711197 66
680 0.1 3.8461538461538463 0.0 38.33955223880597 1.6798418972332017 16.118247088707975 67
690 0.1 2.3692003948667324 0.0 38.33955223880597 1.6798418972332017 15.937775129258648 68
700 0.1 1.6765285996055226 0.0 38.33955223880597 1.6765285996055226 15.741129118615287 69
710 0.1 1.2858555885262115 0.0 38.33955223880597 1.2858555885262115 15.540206254058006 70
720 0.1 1.085883514313919 0.0 38.33955223880597 1.085883514313919 15.33944075172657 71
730 0.1 0.9871668311944718 0.0 38.33955223880597 0.9871668311944718 15.141474678984729 72
740 0.1 0.8866995073891626 0.0 38.33955223880597 0.8866995073891626 14.947580050932807 73
742 0.1 0.9881422924901186 0.0 38.33955223880597 0.8866995073891626 14.757568151695732 74
