0 0 0
10 0 0
20 0 0
30 0.2 2
40 0 2
50 0.4 6
60 0.7 13
70 0.3 16
80 1.1 27
90 0.5 32
100 1 42
110 1.2 54
120 1.8 72
130 0.7 79
140 1 89
150 1.6 105
160 1 115
170 1.3 128
180 1.3 141
190 1.4 155
200 2 175
210 1 185
220 2.5 210
230 2.1 231
240 3.1 262
250 2.9 291
260 3.9 330
270 4 370
280 4 410
290 3.7 447
300 4.2 489
310 4.2 531
320 3.8 569
330 4.1 610
340 5.2 662
350 5.3 715
360 6.4 779
370 7.8 857
380 8 937
390 9.9 1036
400 11.4 1150
410 10.1 1251
420 11.8 1369
430 14 1509
440 11.9 1628
450 14.9 1777
460 16.7 1944
470 17.9 2123
480 17.9 2302
490 18.3 2485
500 17.9 2664
510 21.5 2879
520 21.3 3092
530 20.5 3297
540 18.6 3483
550 22.2 3705
560 18.8 3893
570 18.5 4078
580 15.5 4233
590 15.4 4387
600 12.6 4513
610 9.8 4611
620 6.5 4676
630 5.4 4730
640 6.1 4791
650 5 4841
660 4.7 4888
670 3.2 4920
680 2.2 4942
690 0.7 4949
700 0.7 4956
710 0.2 4958
720 0.2 4960
730 0 4960
740 0.2 4962
742 0 4962
