0 0.1 3158.60546875 0 3158.60546875 3158.60546875 0 0
10 0.1 3159.265625 0.0 3159.265625 3158.60546875 3158.60546875 1
20 0.1 3156.37890625 0.0 3159.265625 3156.37890625 3158.935546875 2
30 0.1 3151.67578125 0.0 3159.265625 3151.67578125 3158.0833333333335 3
40 0.1 3149.40234375 0.0 3159.265625 3149.40234375 3156.4814453125 4
50 0.1 3148.45703125 0.0 3159.265625 3148.45703125 3155.065625 5
60 0.1 3145.5625 0.0 3159.265625 3145.5625 3153.9641927083335 6
70 0.1 3144.015625 0.0 3159.265625 3144.015625 3152.7639508928573 7
80 0.1 3142.12109375 0.0 3159.265625 3142.12109375 3151.67041015625 8
90 0.1 3140.9453125 0.0 3159.265625 3140.9453125 3150.609375 9
100 0.1 3138.55078125 0.0 3159.265625 3138.55078125 3149.64296875 10
110 0.1 3135.30078125 0.0 3159.265625 3135.30078125 3148.634588068182 11
120 0.1 3135.01953125 0.0 3159.265625 3135.01953125 3147.5234375 12
130 0.1 3134.53515625 0.0 3159.265625 3134.53515625 3146.5615985576924 13
140 0.1 3134.328125 0.0 3159.265625 3134.328125 3145.702566964286 14
150 0.1 3133.61328125 0.0 3159.265625 3133.61328125 3144.944270833333 15
160 0.1 3133.1953125 0.0 3159.265625 3133.1953125 3144.236083984375 16
170 0.1 3132.9921875 0.0 3159.265625 3132.9921875 3143.586626838235 17
180 0.1 3128.66015625 0.0 3159.265625 3128.66015625 3142.998046875 18
190 0.1 3124.9609375 0.0 3159.265625 3124.9609375 3142.2434210526317 19
200 0.1 3118.296875 0.0 3159.265625 3118.296875 3141.379296875 20
210 0.1 3113.8203125 0.0 3159.265625 3113.8203125 3140.2801339285716 21
220 0.1 3105.0859375 0.0 3159.265625 3105.0859375 3139.0774147727275 22
230 0.1 3097.36328125 0.0 3159.265625 3097.36328125 3137.5995244565215 23
240 0.1 3093.65625 0.0 3159.265625 3093.65625 3135.9230143229165 24
250 0.1 3087.22265625 0.0 3159.265625 3087.22265625 3134.23234375 25
260 0.1 3079.85546875 0.0 3159.265625 3079.85546875 3132.424278846154 26
270 0.1 3074.328125 0.0 3159.265625 3074.328125 3130.4772858796296 27
280 0.1 3070.27734375 0.0 3159.265625 3070.27734375 3128.4719587053573 28
290 0.1 3066.18359375 0.0 3159.265625 3066.18359375 3126.4652478448274 29
300 0.1 3060.38671875 0.0 3159.265625 3060.38671875 3124.455859375 30
310 0.1 3051.97265625 0.0 3159.265625 3051.97265625 3122.389112903226 31
320 0.1 3035.921875 0.0 3159.265625 3035.921875 3120.1885986328125 32
330 0.1 3023.76171875 0.0 3159.265625 3023.76171875 3117.6350615530305 33
340 0.1 3008.40234375 0.0 3159.265625 3008.40234375 3114.874080882353 34
350 0.1 3002.6328125 0.0 3159.265625 3002.6328125 3111.83203125 35
360 0.1 2998.30078125 0.0 3159.265625 2998.30078125 3108.7987196180557 36
370 0.1 2993.55078125 0.0 3159.265625 2993.55078125 3105.8122888513512 37
380 0.1 2985.52734375 0.0 3159.265625 2985.52734375 3102.858038651316 38
390 0.1 2980.56640625 0.0 3159.265625 2980.56640625 3099.8495592948716 39
400 0.1 2974.0078125 0.0 3159.265625 2974.0078125 3096.86748046875 40
410 0.1 2968.5859375 0.0 3159.265625 2968.5859375 3093.8709032012193 41
420 0.1 2963.953125 0.0 3159.265625 2963.953125 3090.8879278273807 42
430 0.1 2959.26953125 0.0 3159.265625 2959.26953125 3087.9359556686045 43
440 0.1 2946.24609375 0.0 3159.265625 2946.24609375 3085.01171875 44
450 0.1 2935.21875 0.0 3159.265625 2935.21875 3081.9280381944445 45
460 0.1 2934.6484375 0.0 3159.265625 2934.6484375 3078.7387058423915 46
470 0.1 2933.80078125 0.0 3159.265625 2933.80078125 3075.6729554521276 47
480 0.1 2933.875 0.0 3159.265625 2933.80078125 3072.71728515625 48
490 0.1 2931.84765625 0.0 3159.265625 2931.84765625 3069.883769132653 49
500 0.1 2929.1953125 0.0 3159.265625 2929.1953125 3067.123046875 50
510 0.1 2922.99609375 0.0 3159.265625 2922.99609375 3064.418581495098 51
520 0.1 2921.3203125 0.0 3159.265625 2921.3203125 3061.698918269231 52
530 0.1 2920.79296875 0.0 3159.265625 2920.79296875 3059.0502653301887 53
540 0.1 2924.8203125 0.0 3159.265625 2920.79296875 3056.4899450231483 54
550 0.1 2924.87109375 0.0 3159.265625 2920.79296875 3054.0959517045453 55
560 0.1 2923.8125 0.0 3159.265625 2920.79296875 3051.7883649553573 56
570 0.1 2924.3359375 0.0 3159.265625 2920.79296875 3049.5431743421054 57
580 0.1 2923.68359375 0.0 3159.265625 2920.79296875 3047.3844288793102 58
590 0.1 2924.25390625 0.0 3159.265625 2920.79296875 3045.2878045550847 59
600 0.1 2923.83203125 0.0 3159.265625 2920.79296875 3043.270572916667 60
610 0.1 2924.29296875 0.0 3159.265625 2920.79296875 3041.3125640368853 61
630 0.1 2925.0703125 0.0 3159.265625 2920.79296875 3039.4251512096776 62
640 0.1 2925.75 0.0 3159.265625 2920.79296875 3037.6099950396824 63
650 0.1 2926.18359375 0.0 3159.265625 2920.79296875 3035.8621826171875 64
660 0.1 2937.171875 0.0 3159.265625 2920.79296875 3034.1748197115385 65
670 0.1 2937.7578125 0.0 3159.265625 2920.79296875 3032.705078125 66
680 0.1 2968.3828125 0.0 3159.265625 2920.79296875 3031.2879547574626 67
690 0.1 2981.68359375 0.0 3159.265625 2920.79296875 3030.3628791360293 68
700 0.1 2998.6796875 0.0 3159.265625 2920.79296875 3029.657382246377 69
710 0.1 3029.05859375 0.0 3159.265625 2920.79296875 3029.21484375 70
720 0.1 3053.71875 0.0 3159.265625 2920.79296875 3029.2126430457747 71
730 0.1 3054.140625 0.0 3159.265625 2920.79296875 3029.5530056423613 72
740 0.1 3054.2421875 0.0 3159.265625 2920.79296875 3029.8898223458905 73
742 0.1 3076.44140625 0.0 3159.265625 2920.79296875 3030.2189083614867 74
