0 0.1 0.0 0 0.0 0.0 0 0
10 0.1 0.0 0.0 0.0 0.0 0.0 1
20 0.1 0.0 0.0 0.0 0.0 0.0 2
30 0.1 0.0 0.0 0.0 0.0 0.0 3
40 0.1 0.0 0.0 0.0 0.0 0.0 4
50 0.1 0.0 0.0 0.0 0.0 0.0 5
60 0.1 0.0 0.0 0.0 0.0 0.0 6
70 0.1 0.0 0.0 0.0 0.0 0.0 7
80 0.1 0.0 0.0 0.0 0.0 0.0 8
90 0.1 0.0 0.0 0.0 0.0 0.0 9
100 0.1 0.0 0.0 0.0 0.0 0.0 10
110 0.1 0.0 0.0 0.0 0.0 0.0 11
120 0.1 0.078125 0.0 0.078125 0.0 0.0 12
130 0.1 0.0703125 0.0 0.078125 0.0 0.006009615384615385 13
140 0.1 0.05859375 0.0 0.078125 0.0 0.010602678571428572 14
150 0.1 0.05078125 0.0 0.078125 0.0 0.013802083333333333 15
160 0.1 0.0390625 0.0 0.078125 0.0 0.01611328125 16
170 0.1 0.12109375 0.0 0.12109375 0.0 0.017463235294117647 17
180 0.1 0.1015625 0.0 0.12109375 0.0 0.023220486111111112 18
190 0.1 0.078125 0.0 0.12109375 0.0 0.02734375 19
200 0.1 0.0703125 0.0 0.12109375 0.0 0.0298828125 20
210 0.1 0.05859375 0.0 0.12109375 0.0 0.03180803571428571 21
220 0.1 0.05078125 0.0 0.12109375 0.0 0.033025568181818184 22
230 0.1 0.0390625 0.0 0.12109375 0.0 0.03379755434782609 23
240 0.1 0.0390625 0.0 0.12109375 0.0 0.034016927083333336 24
250 0.1 0.03125 0.0 0.12109375 0.0 0.03421875 25
260 0.1 0.109375 0.0 0.12109375 0.0 0.034104567307692304 26
270 0.1 0.23828125 0.0 0.23828125 0.0 0.036892361111111105 27
280 0.1 0.2109375 0.0 0.23828125 0.0 0.04408482142857142 28
290 0.1 0.171875 0.0 0.23828125 0.0 0.04983836206896551 29
300 0.1 0.1484375 0.0 0.23828125 0.0 0.053906249999999996 30
310 0.1 0.12109375 0.0 0.23828125 0.0 0.056955645161290314 31
320 0.1 0.1796875 0.0 0.23828125 0.0 0.05895996093749999 32
330 0.1 0.1484375 0.0 0.23828125 0.0 0.06261837121212122 33
340 0.1 0.12890625 0.0 0.23828125 0.0 0.06514246323529412 34
350 0.1 0.19140625 0.0 0.23828125 0.0 0.06696428571428571 35
360 0.1 0.16015625 0.0 0.23828125 0.0 0.07042100694444445 36
370 0.1 0.21875 0.0 0.23828125 0.0 0.07284628378378379 37
380 0.1 0.1796875 0.0 0.23828125 0.0 0.0766858552631579 38
390 0.1 0.23046875 0.0 0.23828125 0.0 0.07932692307692307 39
400 0.1 0.28125 0.0 0.28125 0.0 0.08310546875 40
410 0.1 0.23828125 0.0 0.28125 0.0 0.08793826219512195 41
420 0.1 0.28125 0.0 0.28125 0.0 0.09151785714285714 42
430 0.1 0.3203125 0.0 0.3203125 0.0 0.09593023255813954 43
440 0.1 0.33984375 0.0 0.33984375 0.0 0.10102982954545454 44
450 0.1 0.2890625 0.0 0.33984375 0.0 0.10633680555555555 45
460 0.1 0.3203125 0.0 0.33984375 0.0 0.11030910326086957 46
470 0.1 0.390625 0.0 0.390625 0.0 0.11477726063829788 47
480 0.1 0.48046875 0.0 0.48046875 0.0 0.12052408854166667 48
490 0.1 0.41015625 0.0 0.48046875 0.0 0.1278698979591837 49
500 0.1 0.3515625 0.0 0.48046875 0.0 0.13351562500000003 50
510 0.1 0.37109375 0.0 0.48046875 0.0 0.13779105392156865 51
520 0.1 0.390625 0.0 0.48046875 0.0 0.14227764423076925 52
530 0.1 0.48828125 0.0 0.48828125 0.0 0.14696344339622644 53
540 0.1 0.41015625 0.0 0.48828125 0.0 0.15328414351851852 54
550 0.1 0.3515625 0.0 0.48828125 0.0 0.15795454545454546 55
560 0.1 0.30078125 0.0 0.48828125 0.0 0.16141183035714285 56
570 0.1 0.25 0.0 0.48828125 0.0 0.16385690789473684 57
580 0.1 0.2109375 0.0 0.48828125 0.0 0.16534213362068967 58
590 0.1 0.1796875 0.0 0.48828125 0.0 0.16611493644067796 59
600 0.1 0.1484375 0.0 0.48828125 0.0 0.16634114583333334 60
610 0.1 0.12890625 0.0 0.48828125 0.0 0.16604764344262296 61
630 0.1 0.109375 0.0 0.48828125 0.0 0.1654485887096774 62
640 0.1 0.08984375 0.0 0.48828125 0.0 0.16455853174603174 63
650 0.1 0.078125 0.0 0.48828125 0.0 0.16339111328125 64
660 0.1 0.0703125 0.0 0.48828125 0.0 0.16207932692307692 65
670 0.1 0.05859375 0.0 0.48828125 0.0 0.16068892045454544 66
680 0.1 0.05078125 0.0 0.48828125 0.0 0.1591651119402985 67
690 0.1 0.0390625 0.0 0.48828125 0.0 0.15757123161764705 68
700 0.1 0.03125 0.0 0.48828125 0.0 0.15585371376811594 69
710 0.1 0.03125 0.0 0.48828125 0.0 0.15407366071428572 70
720 0.1 0.01953125 0.0 0.48828125 0.0 0.15234375 71
730 0.1 0.01953125 0.0 0.48828125 0.0 0.15049913194444445 72
740 0.1 0.01953125 0.0 0.48828125 0.0 0.148705051369863 73
742 0.1 0.01171875 0.0 0.48828125 0.0 0.14695945945945946 74
