10 0.2 2
20 0.2 4
30 0.7 11
40 0.5 16
50 0.8 24
60 0.8 32
70 0.9 41
80 0.9 50
90 0.7 57
100 1.7 74
110 1 84
120 1.6 100
130 0.9 109
140 1.1 120
150 2.1 141
160 1.5 156
170 2.5 181
180 1.5 196
190 1.7 213
200 2 233
210 2.4 257
220 4.2 299
230 4.8 347
240 3.2 379
250 4.2 421
260 4.3 464
270 5.6 520
280 5 570
290 5.2 622
300 5.6 678
310 5.2 730
320 5.7 787
330 6.9 856
340 8.8 944
350 9.7 1041
360 11.8 1159
370 9.1 1250
380 14.1 1391
390 14.7 1538
400 14.5 1683
410 14.4 1827
420 17.9 2006
430 18.6 2192
440 18.9 2381
450 22.5 2606
460 24.5 2851
470 27.2 3123
480 27.2 3395
490 26.3 3658
500 26.4 3922
510 31.3 4235
520 30.3 4538
530 31.7 4855
540 32.4 5179
550 32.3 5502
560 25.7 5759
570 19.4 5953
580 18.1 6134
590 14.9 6283
600 10.9 6392
610 8.5 6477
620 5.5 6532
630 3.7 6569
640 3.4 6603
650 1.7 6620
660 0.8 6628
670 0.2 6630
680 0.2 6632
690 0.1 6633
700 0 6633
710 0 6633
720 0 6633
730 0 6633
740 0 6633
742 0 6633
