0 2.7 65.74058702256946 100.84386671396267 399.609130859375 8.02490234375 0 0
10 8 50.02886047363281 71.85784440269224 572.93505859375 6.07080078125 65.74058702256946 27
20 15.9 34.534714033018865 49.72765620333647 572.93505859375 5.98291015625 53.99350175233645 107
30 21.4 41.44669862551112 64.79222414044423 598.805908203125 0.68896484375 42.3621211231203 266
40 23.5 30.39990338264628 47.89466788709024 598.805908203125 0.68896484375 41.95399525960287 480
50 31.4 28.3250732421875 30.602602421052552 598.805908203125 0.68896484375 38.156496530812944 715
60 35.7 25.455301749606093 28.040402951623054 598.805908203125 0.654052734375 35.15643150396319 1029
70 36 25.38363172743055 30.075961740750028 598.805908203125 0.654052734375 32.65765565814394 1386
80 44.1 24.973198784722232 40.05750467047994 626.403076171875 0.60302734375 31.15785690954324 1746
90 41.9 29.289564765438545 74.59992403535048 1427.324951171875 0.60302734375 29.910744777377687 2187
100 46 40.029318104619534 68.74927264628357 1427.324951171875 0.60302734375 29.810869710224 2606
110 49.3 26.456480571754568 33.61334086257778 1427.324951171875 0.60302734375 31.34397025210983 3066
120 53.2 24.433523077713822 32.89976507849754 1427.324951171875 0.60302734375 30.66694512920588 3559
130 43.4 22.877292896745384 27.854842834775802 1427.324951171875 0.60302734375 29.85634123495172 4091
140 50.4 29.989218575613833 76.68355592832212 1590.77099609375 0.60302734375 29.186969526933694 4525
150 53.9 33.60016741071427 82.45677151325306 1718.008056640625 0.60302734375 29.267369908825682 5029
160 62.4 38.649681286934104 52.3773533231753 1718.008056640625 0.547119140625 29.686798402632785 5568
170 66.7 47.981689819152905 148.3390162265752 2219.43603515625 0.547119140625 30.590034662291057 6192
180 71.1 23.71089732496044 26.284905545069567 2219.43603515625 0.547119140625 32.2812774075348 6859
190 88.1 29.677649022772417 32.12090624062217 2219.43603515625 0.547119140625 31.47631832712392 7570
200 96.8 29.720642342055122 59.17111092830529 2219.43603515625 0.547119140625 31.28881061713295 8451
210 110.1 30.047142202046434 33.78136651466742 2219.43603515625 0.547119140625 31.127648403492934 9419
220 137.2 42.90293417171557 56.58772705134103 2219.43603515625 0.547119140625 31.014565007314932 10520
230 142.2 43.01394417249031 78.72101243869176 2219.43603515625 0.547119140625 32.38614611171769 11892
240 151.7 38.31935589362225 41.88228508399173 2219.43603515625 0.547119140625 33.52124667070963 13314
250 162.4 57.34625244140626 61.10249815573241 2219.43603515625 0.547119140625 34.01202488466408 14831
260 169.1 63.20965962378955 95.30914810604574 2219.43603515625 0.531005859375 36.31495928467316 16455
270 179.8 129.6096443965519 131.42375078155513 2219.43603515625 0.531005859375 38.82123825929268 18146
280 179.5 192.12386729630873 157.89046068258 2219.43603515625 0.531005859375 47.00603339741903 19944
290 178.8 248.85297641284797 198.13725334133224 2324.373046875 0.531005859375 58.98848483715899 21739
300 186 314.95561247794853 191.44914665891199 2324.373046875 0.531005859375 73.41776655337151 23527
310 213.5 233.89370791861825 162.70415911809283 2425.304931640625 0.531005859375 91.1142408677731 25387
320 206.6 473.31210152846666 228.02366137573333 2425.304931640625 0.531005859375 102.1902586772911 27522
330 203.6 873.7735492578895 488.634065830449 2943.56494140625 0.531005859375 128.10406587380754 29588
340 217.5 943.2621216100928 659.2143583783768 3023.674072265625 0.531005859375 176.11137260824944 31624
350 256 807.8140912055949 660.811338667861 3023.674072265625 0.531005859375 225.4783029635561 33799
360 269.9 787.5375556846849 680.9644539792113 3165.224853515625 0.531005859375 266.4799701683642 36359
370 294.1 707.0224689897409 644.9668444732614 3165.224853515625 0.531005859375 302.48627933187873 39058
380 324.4 659.8695486800148 628.5216795991302 3165.224853515625 0.531005859375 330.8141188943391 41999
390 348.7 599.6709291738733 697.1298293673234 3218.194091796875 0.530029296875 354.4079525089255 45243
400 338.3 627.7674801945136 669.3916551409656 3218.194091796875 0.530029296875 371.95837318675586 48730
410 349.9 596.5292956888348 573.3897931597949 3218.194091796875 0.530029296875 388.56463667201376 52113
420 376.8 559.3485425556272 609.6432976531212 3801.126953125 0.530029296875 401.64937273437187 55612
430 380.4 561.201865211271 601.862262925727 3801.126953125 0.530029296875 411.65628536297555 59380
440 396.1 526.2562409641464 577.3248992017986 3801.126953125 0.530029296875 420.65969422824077 63184
450 409.5 485.2367272159266 594.0773669715171 3801.126953125 0.530029296875 426.8890176569536 67145
460 425.4 498.3847920247855 691.6324360163555 3801.126953125 0.530029296875 430.242946217369 71240
470 446.1 476.1613008267834 660.9747531562641 3801.126953125 0.530029296875 434.0826607915703 75494
480 432.5 495.5926870709894 596.809483345032 3801.126953125 0.530029296875 436.4303915550883 79955
490 464.7 451.97707195376404 564.586554961998 3801.126953125 0.530029296875 439.4664253484708 84280
500 473.7 453.8136825642051 574.992444288098 3801.126953125 0.530029296875 440.12018601480156 88927
510 496.7 428.06930167818575 563.9608452746451 3801.126953125 0.530029296875 440.81272629873695 93664
520 490 430.7393678750802 577.7546947086406 3801.126953125 0.530029296875 440.17097482009154 98631
530 488.3 435.7013600177753 575.1694688903189 3801.126953125 0.530029296875 439.7245879984578 103531
540 456.5 464.9013313017698 590.2143961070772 3801.126953125 0.530029296875 439.5433805692543 108414
550 391.9 528.1410908544509 659.4526037977528 3801.126953125 0.530029296875 440.56798731116146 112979
560 322.1 654.4525827516214 696.0682877954405 3801.126953125 0.52392578125 443.50387152463094 116898
570 241.7 860.6437662019684 623.1764389937739 3801.126953125 0.52392578125 449.16047704800474 120119
580 205 992.1005847465701 518.3739032111396 3801.126953125 0.52392578125 457.2769090344016 122536
590 188.9 837.1682172848978 241.3534418913423 3801.126953125 0.52392578125 466.0771637597315 124586
600 170 626.0849711339608 213.92049677297686 3801.126953125 0.52392578125 471.61968995154047 126475
610 149.9 469.19313819890357 192.1729416427233 3801.126953125 0.52392578125 473.668381022421 128175
620 130 485.415703125 146.00727116458538 3801.126953125 0.52392578125 473.61664830042236 129674
630 124.3 448.1599390178751 171.92614121747346 3801.126953125 0.52392578125 473.7337614012817 130974
640 111.2 223.78771665284953 172.19911663696263 3801.126953125 0.52392578125 473.49333648449664 132217
650 97.3 124.03202683388979 135.64048649607037 3801.126953125 0.52392578125 471.41072393019266 133329
660 72.7 36.86582239457964 44.81596133714142 3801.126953125 0.52392578125 468.89401180174553 134302
670 41.9 27.395898787104713 27.60518126545818 3801.126953125 0.52392578125 466.5679596670263 135029
680 21.2 19.238988336527125 14.383508155380612 3801.126953125 0.52392578125 465.20940809366465 135448
690 10 18.632658691406256 13.249352243426994 3801.126953125 0.52392578125 464.51247658114426 135660
700 7.2 41.52463107638889 94.65310534646844 3801.126953125 0.52392578125 464.184044187295 135760
710 2.9 17.604820514547416 11.49394887903806 3801.126953125 0.52392578125 463.96000656917863 135832
720 1.5 15.998649088541667 7.561821750495035 3801.126953125 0.52392578125 463.8647305120645 135861
730 1.6 16.933883666992188 7.531898017175564 3801.126953125 0.52392578125 463.81528843825197 135876
740 0.8 11.980010986328125 0.610051286457302 3801.126953125 0.52392578125 463.76267237199096 135892
742 0 0 0 3801.126953125 0.52392578125 463.73607736616987 135900
