10 0.1 163 0 163 163 0 0
20 0.1 488.0 0.0 488 163 163.0 1
30 0.1 830.0 0.0 830 163 325.5 2
40 0.1 1171.0 0.0 1171 163 493.6666666666667 3
50 0.1 1021.0 0.0 1171 163 663.0 4
60 0.1 1557.0 0.0 1557 163 734.6 5
70 0.1 1610.0 0.0 1610 163 871.6666666666666 6
80 0.1 1530.0 0.0 1610 163 977.1428571428571 7
90 0.1 1843.0 0.0 1843 163 1046.25 8
100 0.1 1799.0 0.0 1843 163 1134.7777777777778 9
110 0.1 2235.0 0.0 2235 163 1201.2 10
120 0.1 2105.0 0.0 2235 163 1295.1818181818182 11
130 0.1 2291.0 0.0 2291 163 1362.6666666666667 12
140 0.1 1903.0 0.0 2291 163 1434.076923076923 13
150 0.1 2458.0 0.0 2458 163 1467.5714285714287 14
160 0.1 2649.0 0.0 2649 163 1533.6 15
170 0.1 3149.0 0.0 3149 163 1603.3125 16
180 0.1 3307.0 0.0 3307 163 1694.235294117647 17
190 0.1 3037.0 0.0 3307 163 1783.8333333333333 18
200 0.1 4159.0 0.0 4159 163 1849.7894736842106 19
210 0.1 5060.0 0.0 5060 163 1965.25 20
220 0.1 5729.0 0.0 5729 163 2112.6190476190477 21
230 0.1 6676.0 0.0 6676 163 2277.0 22
240 0.1 7223.0 0.0 7223 163 2468.2608695652175 23
250 0.1 7315.0 0.0 7315 163 2666.375 24
260 0.1 8952.0 0.0 8952 163 2852.32 25
270 0.1 9.5e3 0.0 9500 163 3086.923076923077 26
280 0.1 9865.0 0.0 9865 163 3324.4444444444443 27
290 0.1 9910.0 0.0 9910 163 3558.035714285714 28
300 0.1 10342.0 0.0 10342 163 3777.0689655172414 29
310 0.1 11515.0 0.0 11515 163 3995.9 30
320 0.1 12432.0 0.0 12432 163 4238.451612903225 31
330 0.1 11911.0 0.0 12432 163 4494.5 32
340 0.1 11178.0 0.0 12432 163 4719.242424242424 33
350 0.1 11356.0 0.0 12432 163 4909.205882352941 34
360 0.1 11621.0 0.0 12432 163 5093.4 35
370 0.1 12304.0 0.0 12432 163 5274.722222222223 36
380 0.1 13083.0 0.0 13083 163 5464.7027027027025 37
390 0.1 13030.0 0.0 13083 163 5665.184210526316 38
400 0.1 13433.0 0.0 13433 163 5854.025641025641 39
410 0.1 13627.0 0.0 13627 163 6043.5 40
420 0.1 14096.0 0.0 14096 163 6228.463414634146 41
430 0.1 14257.0 0.0 14257 163 6415.785714285715 42
440 0.1 14963.0 0.0 14963 163 6598.139534883721 43
450 0.1 15293.0 0.0 15293 163 6788.25 44
460 0.1 14340.0 0.0 15293 163 6977.2444444444445 45
470 0.1 14654.0 0.0 15293 163 7137.304347826087 46
480 0.1 15020.0 0.0 15293 163 7297.234042553191 47
490 0.1 16237.0 0.0 16237 163 7458.125 48
500 0.1 16324.0 0.0 16324 163 7637.285714285715 49
510 0.1 16979.0 0.0 16979 163 7811.02 50
520 0.1 16899.0 0.0 16979 163 7990.78431372549 51
530 0.1 16501.0 0.0 16979 163 8162.096153846154 52
540 0.1 15603.0 0.0 16979 163 8319.433962264151 53
550 0.1 13392.0 0.0 16979 163 8454.314814814816 54
560 0.1 11326.0 0.0 16979 163 8544.09090909091 55
570 0.1 9593.0 0.0 16979 163 8593.767857142859 56
580 0.1 8668.0 0.0 16979 163 8611.298245614038 57
590 0.1 8565.0 0.0 16979 163 8612.27586206897 58
600 0.1 7401.0 0.0 16979 163 8611.47457627119 59
610 0.1 6363.0 0.0 16979 163 8591.300000000005 60
630 0.1 5717.0 0.0 16979 163 8554.770491803283 61
640 0.1 5296.0 0.0 16979 163 8509.000000000004 62
650 0.1 4707.0 0.0 16979 163 8458.000000000004 63
660 0.1 4361.0 0.0 16979 163 8399.390625000004 64
670 0.1 2631.0 0.0 16979 163 8337.261538461542 65
680 0.1 1540.0 0.0 16979 163 8250.803030303034 66
690 0.1 701.0 0.0 16979 163 8150.64179104478 67
700 0.1 344.0 0.0 16979 163 8041.088235294121 68
710 0.1 196.0 0.0 16979 163 7929.536231884062 69
720 0.1 64.0 0.0 16979 64 7819.057142857147 70
730 0.1 34.0 0.0 16979 34 7709.830985915496 71
740 0.1 33.0 0.0 16979 33 7603.222222222225 72
742 0.1 8.0 0.0 16979 8 7499.520547945209 73
