0 2.9 61.200793036099135 97.8785424397713 399.609130859375 8.02490234375 0 0
10 10 40.008398437500006 62.647455935692 560.611083984375 6.07080078125 61.200793036099135 29
20 18.6 29.512300224714373 43.63887016546865 560.611083984375 5.98291015625 44.77258016896803 129
30 25.2 35.18652731274802 58.48908953335495 585.919921875 0.68896484375 35.76174820188491 315
40 26.2 27.2604160454437 40.172113276182124 585.919921875 0.68896484375 35.506094473379626 567
50 34.2 26.001050090232084 27.2991757088772 585.919921875 0.68896484375 32.90010201485223 829
60 39.1 23.236667798913043 24.16085233351764 585.919921875 0.654052734375 30.88517822474114 1171
70 38.8 23.54683095401097 26.983415092177 585.919921875 0.654052734375 28.970602311489678 1562
80 47.5 23.181281352796052 36.890610193475446 616.815185546875 0.60302734375 27.89141088241186 1950
90 45.3 27.086865557740076 70.9721480217002 1427.324951171875 0.60302734375 26.968808191043816 2425
100 50.5 36.45725943688118 61.2512715568223 1427.324951171875 0.60302734375 26.987390535419568 2878
110 52.1 25.031623005638195 30.054952334881474 1427.324951171875 0.60302734375 28.401012703683865 3383
120 57.7 22.523778112137126 29.649520631016607 1427.324951171875 0.60302734375 27.95135798219775 3904
130 46.7 21.256951472999194 24.745143289113557 1427.324951171875 0.60302734375 27.2524707728639 4481
140 55.8 27.081560469870073 72.00563190542282 1590.77099609375 0.60302734375 26.686604258507224 4948
150 60.1 30.27363817465681 77.3419398770109 1718.008056640625 0.60302734375 26.726630696200736 5506
160 68.1 35.28052116315621 47.99222062542618 1718.008056640625 0.547119140625 27.07569758576224 6107
170 73 43.83608364993576 141.54315234936556 2219.43603515625 0.547119140625 27.898839137943337 6788
180 75.8 22.237621297307903 23.068362004718896 2219.43603515625 0.547119140625 29.4463502437899 7518
190 95.8 27.28828191259459 28.651095744143596 2219.43603515625 0.547119140625 28.78610174917495 8276
200 106.1 27.111048088109683 55.182096022658875 2219.43603515625 0.547119140625 28.630707401823425 9234
210 122.1 27.088475082859848 28.995064473371347 2219.43603515625 0.547119140625 28.474091711502854 10295
220 153.1 38.44161164067604 50.1249977029494 2219.43603515625 0.547119140625 28.32717977128289 11516
230 152 40.237274491159404 74.93319948134504 2219.43603515625 0.547119140625 29.514057612322276 13047
240 162.6 35.746992235547495 37.87769970440067 2219.43603515625 0.547119140625 30.63297637773948 14567
250 178.3 52.224854063332465 54.594238290283016 2219.43603515625 0.547119140625 31.14649393376961 16193
260 185.7 58.19143293850128 87.24799866777771 2219.43603515625 0.531005859375 33.23721022832961 17976
270 197 117.68661427764125 112.37048589026189 2219.43603515625 0.531005859375 35.57371966072959 19833
280 192.6 179.43785556305988 137.0088855949847 2219.43603515625 0.531005859375 42.992992347759625 21803
290 197.3 225.98694794273501 165.76193670117175 2324.373046875 0.531005859375 54.067745036565235 23729
300 202 289.47480251198994 155.86248077567114 2324.373046875 0.531005859375 67.26502880179258 25702
310 236.4 211.72049926138192 130.1284240962899 2425.304931640625 0.531005859375 83.45663629384217 27722
320 233.8 421.0316733302366 145.8110843309406 2425.304931640625 0.531005859375 93.53493756537257 30086
330 228.6 787.9617204374108 371.3893110742467 2943.56494140625 0.531005859375 117.14977127553333 32424
340 247.2 826.5405923294013 505.868212672087 3023.674072265625 0.531005859375 161.3294346516224 34710
350 287.2 721.7594183706634 542.3262062718269 3023.674072265625 0.531005859375 205.5551885588751 37182
360 300.7 707.2567103353886 561.3082112907985 3165.224853515625 0.531005859375 242.56868404046133 40054
370 329.2 635.8519897460936 539.0882114672223 3165.224853515625 0.531005859375 275.0183924789288 43061
380 367.9 573.4816635061331 505.25287419011795 3165.224853515625 0.531005859375 300.64487193448736 46353
390 393.3 538.0288187119594 587.6051423549465 3218.194091796875 0.530029296875 320.7073630640062 50032
400 379.1 555.1666808132101 561.0445776781606 3218.194091796875 0.530029296875 336.54587478574064 53965
410 394.7 529.6478759827495 468.3451798281676 3218.194091796875 0.530029296875 350.89575143319087 57756
420 422.9 497.2331821227866 508.5856538432368 3801.126953125 0.530029296875 362.3301166277051 61703
430 430.5 496.41237637013626 505.2903310742268 3801.126953125 0.530029296875 370.9830478898949 65932
440 453.4 460.6922374804425 479.3747919118573 3801.126953125 0.530029296875 378.67092264404783 70237
450 466.5 428.18501274869357 497.2177011542007 3801.126953125 0.530029296875 383.64457073579746 74771
460 487.8 434.0002083553553 577.3473001118444 3801.126953125 0.530029296875 386.2602759826649 79436
470 506.4 417.8944265356559 555.5301049628931 3801.126953125 0.530029296875 389.0222774309888 84314
480 490.3 435.978330590009 502.6785799373812 3801.126953125 0.530029296875 390.6581225278363 89378
490 530.3 397.61874828737876 472.2856408448338 3801.126953125 0.530029296875 393.0149598559176 94281
500 541.1 397.2627178721586 479.89347012240313 3801.126953125 0.530029296875 393.2601186168836 99584
510 575.1 370.13551799924716 465.3258121019169 3801.126953125 0.530029296875 393.46639572122467 104995
520 563.7 372.73574170242256 483.42705316984564 3801.126953125 0.530029296875 392.25483162158145 110746
530 562.1 377.56446350564636 481.2007204076835 3801.126953125 0.530029296875 391.3094262799568 116383
540 525.4 404.03462740255935 491.064291138908 3801.126953125 0.530029296875 390.6761647823469 122004
550 430.9 481.80978555739085 572.8759395032328 3801.126953125 0.530029296875 391.22768502159784 127258
560 335.1 625.67693069991 639.3249680957416 3801.126953125 0.52392578125 394.1943732580761 131567
570 245.3 845.1185141002412 599.7064414204787 3801.126953125 0.52392578125 399.94377696986834 134918
580 205.5 989.197553841621 513.3168575679862 3801.126953125 0.52392578125 407.89315223961813 137371
590 189 836.7252394903273 239.66706821777242 3801.126953125 0.52392578125 416.4609985903139 139426
600 170 626.0849711339608 213.92049677297686 3801.126953125 0.52392578125 422.0817309582059 141316
610 149.9 469.19313819890357 192.1729416427233 3801.126953125 0.52392578125 424.5066729807683 143016
620 130 485.415703125 146.00727116458538 3801.126953125 0.52392578125 424.9701889573935 144515
630 124.3 448.1599390178751 171.92614121747346 3801.126953125 0.52392578125 425.5090852877977 145815
640 111.2 223.78771665284953 172.19911663696263 3801.126953125 0.52392578125 425.70054043601465 147058
650 97.3 124.03202683388979 135.64048649607037 3801.126953125 0.52392578125 424.1852062924844 148170
660 72.7 36.86582239457964 44.81596133714142 3801.126953125 0.52392578125 422.22702492551974 149143
670 41.9 27.395898787104713 27.60518126545818 3801.126953125 0.52392578125 420.3576875381841 149870
680 21.2 19.238988336527125 14.383508155380612 3801.126953125 0.52392578125 419.26212505865 150289
690 10 18.632658691406256 13.249352243426994 3801.126953125 0.52392578125 418.69864106196496 150501
700 7.2 41.52463107638889 94.65310534646844 3801.126953125 0.52392578125 418.4329947632216 150601
710 2.9 17.604820514547416 11.49394887903806 3801.126953125 0.52392578125 418.2528868328993 150673
720 1.5 15.998649088541667 7.561821750495035 3801.126953125 0.52392578125 418.1757890244878 150702
730 1.6 16.933883666992188 7.531898017175564 3801.126953125 0.52392578125 418.13576263662816 150717
740 0.8 11.980010986328125 0.610051286457302 3801.126953125 0.52392578125 418.09317587683756 150733
742 0 0 0 3801.126953125 0.52392578125 418.07162297935696 150741
