10 0.1 145 0 145 145 0 0
20 0.1 393.0 0.0 393 145 145.0 1
30 0.1 700.0 0.0 700 145 269.0 2
40 0.1 922.0 0.0 922 145 412.6666666666667 3
50 0.1 866.0 0.0 922 145 540.0 4
60 0.1 1210.0 0.0 1210 145 605.2 5
70 0.1 1330.0 0.0 1330 145 706.0 6
80 0.1 1294.0 0.0 1330 145 795.1428571428571 7
90 0.1 1572.0 0.0 1572 145 857.5 8
100 0.1 1493.0 0.0 1572 145 936.8888888888889 9
110 0.1 1804.0 0.0 1804 145 992.5 10
120 0.1 1772.0 0.0 1804 145 1066.2727272727273 11
130 0.1 1986.0 0.0 1986 145 1125.0833333333333 12
140 0.1 1658.0 0.0 1986 145 1191.3076923076924 13
150 0.1 2025.0 0.0 2025 145 1224.642857142857 14
160 0.1 2104.0 0.0 2104 145 1278.0 15
170 0.1 2382.0 0.0 2382 145 1329.625 16
180 0.1 2610.0 0.0 2610 145 1391.5294117647059 17
190 0.1 2683.0 0.0 2683 145 1459.2222222222222 18
200 0.1 3326.0 0.0 3326 145 1523.6315789473683 19
210 0.1 4202.0 0.0 4202 145 1613.75 20
220 0.1 4589.0 0.0 4589 145 1737.0 21
230 0.1 5366.0 0.0 5366 145 1866.6363636363637 22
240 0.1 5467.0 0.0 5467 145 2018.7826086956522 23
250 0.1 5939.0 0.0 5939 145 2162.4583333333335 24
260 0.1 6611.0 0.0 6611 145 2313.52 25
270 0.1 6986.0 0.0 6986 145 2478.8076923076924 26
280 0.1 7137.0 0.0 7137 145 2645.740740740741 27
290 0.1 7051.0 0.0 7137 145 2806.1428571428573 28
300 0.1 7219.0 0.0 7219 145 2952.5172413793102 29
310 0.1 8190.0 0.0 8190 145 3094.733333333333 30
320 0.1 9065.0 0.0 9065 145 3259.0967741935483 31
330 0.1 8721.0 0.0 9065 145 3440.53125 32
340 0.1 8321.0 0.0 9065 145 3600.5454545454545 33
350 0.1 8510.0 0.0 9065 145 3739.3823529411766 34
360 0.1 9246.0 0.0 9246 145 3875.6857142857143 35
370 0.1 9956.0 0.0 9956 145 4024.8611111111113 36
380 0.1 10903.0 0.0 10903 145 4185.1621621621625 37
390 0.1 11289.0 0.0 11289 145 4361.9473684210525 38
400 0.1 11320.0 0.0 11320 145 4539.5641025641025 39
410 0.1 11774.0 0.0 11774 145 4709.075 40
420 0.1 12387.0 0.0 12387 145 4881.390243902439 41
430 0.1 12678.0 0.0 12678 145 5060.0952380952385 42
440 0.1 13501.0 0.0 13501 145 5237.255813953489 43
450 0.1 13590.0 0.0 13590 145 5425.068181818183 44
460 0.1 13321.0 0.0 13590 145 5606.511111111113 45
470 0.1 13721.0 0.0 13721 145 5774.217391304351 46
480 0.1 13932.0 0.0 13932 145 5943.297872340428 47
490 0.1 15235.0 0.0 15235 145 6109.729166666669 48
500 0.1 15414.0 0.0 15414 145 6295.959183673472 49
510 0.1 16216.0 0.0 16216 145 6478.320000000002 50
520 0.1 16285.0 0.0 16285 145 6669.254901960787 51
530 0.1 16094.0 0.0 16285 145 6854.173076923079 52
540 0.1 14473.0 0.0 16285 145 7028.5094339622665 53
550 0.1 12322.0 0.0 16285 145 7166.370370370372 54
560 0.1 9859.0 0.0 16285 145 7260.109090909093 55
570 0.1 7967.0 0.0 16285 145 7306.51785714286 56
580 0.1 7082.0 0.0 16285 145 7318.105263157897 57
590 0.1 6796.0 0.0 16285 145 7314.034482758622 58
600 0.1 5819.0 0.0 16285 145 7305.254237288137 59
610 0.1 4969.0 0.0 16285 145 7280.483333333335 60
630 0.1 4210.0 0.0 16285 145 7242.590163934428 61
640 0.1 3810.0 0.0 16285 145 7193.677419354841 62
650 0.1 3381.0 0.0 16285 145 7139.968253968256 63
660 0.1 3075.0 0.0 16285 145 7081.234375000002 64
670 0.1 2092.0 0.0 16285 145 7019.600000000002 65
680 0.1 1258.0 0.0 16285 145 6944.939393939396 66
690 0.1 630.0 0.0 16285 145 6860.059701492539 67
700 0.1 286.0 0.0 16285 145 6768.44117647059 68
710 0.1 179.0 0.0 16285 145 6674.49275362319 69
720 0.1 72.0 0.0 16285 72 6581.700000000002 70
730 0.1 41.0 0.0 16285 41 6490.014084507044 71
740 0.1 34.0 0.0 16285 34 6400.444444444446 72
742 0.1 16.0 0.0 16285 16 6313.23287671233 73
