30 0.2 26380.93359375 1779.978515625 28160.912109375 24600.955078125 0 0
40 0 0 0 28160.912109375 24600.955078125 26380.93359375 2
50 0.4 34025.61199951172 9031.529266094472 47049.464111328125 22482.98095703125 26380.93359375 2
60 0.7 48791.78072684152 8141.688349909884 59717.947021484375 22482.98095703125 31477.385864257813 6
70 0.3 53525.04646809896 26183.746367021296 78120.9130859375 17254.93408203125 40800.521559495195 13
80 1.1 56488.487903941765 11598.631201819091 78120.9130859375 17254.93408203125 43186.3699798584 16
90 0.5 57617.00395507812 11184.111995278365 78120.9130859375 17254.93408203125 48605.751356336805 27
100 1 60598.83369140625 26000.624185383553 99490.27783203125 16645.9140625 50013.75957489014 32
110 1.2 59281.327962239586 17731.88582653957 99490.27783203125 16645.9140625 52534.01531691778 42
120 1.8 77087.96846516927 26730.155503391397 119023.6669921875 13543.001953125 54033.418126989294 54
130 0.7 67630.35989815848 16380.505756747827 119023.6669921875 13543.001953125 59797.05571153429 72
140 1 59857.87348632813 23302.867692316395 119023.6669921875 13543.001953125 60491.14595591871 79
150 1.6 57170.9796295166 18682.814290731472 119023.6669921875 13543.001953125 60419.991745852356 89
160 1 49387.07673339844 20347.12999406054 119023.6669921875 13543.001953125 59924.90418526786 105
170 1.3 61231.81342022236 27251.707341982245 119023.6669921875 13543.001953125 59008.571363366165 115
180 1.3 64869.45952899639 27540.464761316223 119023.6669921875 13543.001953125 59234.369384765625 128
190 1.4 57299.07577078683 22022.436515966245 119023.6669921875 13543.001953125 59753.91670302804 141
200 2 68077.6400390625 26457.75532945666 119023.6669921875 13543.001953125 59532.189134954635 155
210 1 65016.841552734375 36160.039167349896 124164.93310546875 13543.001953125 60508.81209542411 175
220 2.5 60732.59254882813 26877.763458397214 124164.93310546875 13543.001953125 60752.48936338683 185
230 2.1 60620.186732700895 30331.895862643487 128021.80297851563 13543.001953125 60750.12069498698 210
240 3.1 59354.87745715726 32184.221753680773 158748.18798828125 13543.001953125 60738.30851659733 231
250 2.9 60401.15374966325 20267.24913007903 158748.18798828125 13543.001953125 60574.62010880099 262
260 3.9 60706.56896033654 33096.03663904126 188143.68920898438 13543.001953125 60557.33308331991 291
270 4 60831.27352294922 27647.15381576743 188143.68920898438 13543.001953125 60574.97005060369 330
280 4 71816.90238647461 25517.811625517457 188143.68920898438 13543.001953125 60602.67853410051 370
290 3.7 70478.1952003273 32879.38284086484 188143.68920898438 13543.001953125 61696.74915384432 410
300 4.2 67501.04592168899 33982.32880903704 188143.68920898438 13543.001953125 62423.625001092354 447
310 4.2 68898.35617792036 29070.990084900684 188143.68920898438 13543.001953125 62859.722503474884 489
320 3.8 77529.96166992186 26422.837706413437 188143.68920898438 13543.001953125 63337.35454552142 531
330 4.1 72767.46117568598 28862.19777686309 188143.68920898438 5683.6728515625 64285.191225182614 569
340 5.2 63241.38650277945 35523.412617995215 188143.68920898438 5683.6728515625 64855.31100874103 610
350 5.3 65914.16023455923 31138.148913609028 188143.68920898438 5683.6728515625 64728.537482593 662
360 6.4 66462.20023727417 33742.96146607594 188143.68920898438 5683.6728515625 64816.42280546602 715
370 7.8 66651.58061648638 35795.073670508114 188143.68920898438 5683.6728515625 64951.634301789156 779
380 8 65533.8764984131 34384.428637306264 188143.68920898438 5683.6728515625 65106.35520324351 857
390 9.9 63350.63540926846 37438.872326910365 188143.68920898438 5683.6728515625 65142.856487783065 937
400 11.4 69086.95683208265 36435.12589591683 188143.68920898438 5683.6728515625 64971.59211831111 1036
410 10.1 71485.37310730587 38932.50057951318 188143.68920898438 4808.6708984375 65379.55001167629 1150
420 11.8 76977.88026350636 35642.146348209324 188143.68920898438 3935.47412109375 65872.50615289019 1251
430 14 78058.12323172433 38721.65137243774 188143.68920898438 3935.47412109375 66829.72612736258 1369
440 11.9 69472.56325704105 33922.41700641045 188143.68920898438 3935.47412109375 67871.45945712444 1509
450 14.9 70379.1292978581 35325.398067723436 188143.68920898438 3935.47412109375 67988.4934572412 1628
460 16.7 77013.51579750657 37997.92958987972 194323.59692382813 3935.47412109375 68188.94632176113 1777
470 17.9 69814.87722317991 35915.918360400436 194323.59692382813 3935.47412109375 68947.0240493586 1944
480 17.9 72300.03645060444 35220.85981628658 194323.59692382813 3935.47412109375 69020.19678516361 2123
490 18.3 71480.96920092647 36076.18005752663 194323.59692382813 3935.47412109375 69275.23210232865 2302
500 17.9 68477.59745439075 35590.064804138136 194323.59692382813 3935.47412109375 69437.66666532398 2485
510 21.5 68081.20643509268 34070.49863972075 194323.59692382813 3935.47412109375 69373.15751038514 2664
520 21.3 70455.44000673972 35637.55379402404 194323.59692382813 3935.47412109375 69276.67627343207 2879
530 20.5 69920.99295445887 35249.28979439984 194323.59692382813 3935.47412109375 69357.87830292576 3092
540 18.6 69652.9650773899 33504.254309854325 194323.59692382813 3935.47412109375 69392.8914978194 3297
550 22.2 70993.64597299942 34201.916753789665 194323.59692382813 3935.47412109375 69406.78000938991 3483
560 18.8 72771.85730240191 32235.84522855515 194323.59692382813 3935.47412109375 69501.86347603535 3705
570 18.5 74675.29501425257 27716.31054720716 194323.59692382813 3935.47412109375 69659.77738288273 3893
580 15.5 79176.28823242188 27667.72043251704 194323.59692382813 3935.47412109375 69887.30822197137 4078
590 15.4 90410.02087560878 25607.821092488597 194323.59692382813 3935.47412109375 70227.44332748042 4233
600 12.6 98060.21956573971 26744.774172204467 201995.171875 3935.47412109375 70935.92678825356 4387
610 9.8 107500.86878437897 30978.49676015809 228047.34399414063 3935.47412109375 71693.21925223833 4513
620 6.5 109216.7719951923 19731.194037470435 228047.34399414063 3935.47412109375 72454.2579974454 4611
630 5.4 124827.80952510127 24176.94813056861 228047.34399414063 3935.47412109375 72965.28524506163 4676
640 6.1 131578.19918673154 24885.812444323634 228047.34399414063 3935.47412109375 73557.37326009803 4730
650 5 140350.21709960935 18711.525833876894 228047.34399414063 3935.47412109375 74296.10638085041 4791
660 4.7 141672.41431702956 14731.115101706167 228047.34399414063 3935.47412109375 74978.34259980061 4841
670 3.2 157688.1890258789 19507.73510542614 228047.34399414063 3935.47412109375 75619.63175092782 4888
680 2.2 161115.58881170096 13441.213353201829 228047.34399414063 3935.47412109375 76153.41098523643 4920
690 0.7 157560.09880719866 4165.982345392578 228047.34399414063 3935.47412109375 76531.63193063956 4942
700 0.7 182990.93436104912 13110.03382621179 228047.34399414063 3935.47412109375 76646.24079467995 4949
710 0.2 184959.93090820313 6420.52587890625 228047.34399414063 3935.47412109375 76796.44516412397 4956
720 0.2 187944.43408203125 4417.175048828125 228047.34399414063 3935.47412109375 76840.07706640073 4958
730 0 0 0 228047.34399414063 3935.47412109375 76884.87721035864 4960
740 0.2 206727.4539794922 581.0728759765625 228047.34399414063 3935.47412109375 76884.87721035864 4960
742 0 0 0 228047.34399414063 3935.47412109375 76937.21198535628 4962
