0 13.4421875 13.4421875
10 55.19921875 68.64140625
20 105.80078125 174.4421875
30 141.46796875 315.91015625
40 150.79296875 466.703125
50 193.86015625 660.56328125
60 220.275 880.83828125
70 218.75078125 1099.5890625
80 266.77265625 1366.36171875
90 254.51875 1620.88046875
100 290.30390625 1911.184375
110 290.0984375 2201.2828125
120 325.92109375 2527.20390625
130 264.78125 2791.98515625
140 315.82734375 3107.8125
150 339.91875 3447.73125
160 381.81875 3829.55
170 408.1 4237.65
180 419.84296875 4657.49296875
190 536.01640625 5193.509375
200 595.67578125 5789.18515625
210 691.97421875 6481.159375
220 868.3609375 7349.5203125
230 859.60703125 8209.12734375
240 906.1765625 9115.30390625
250 1009.01484375 10124.31875
260 1048.3484375 11172.6671875
270 1101.1421875 12273.809375
280 1089.95859375 13363.76796875
290 1123.1875 14486.95546875
300 1111.10078125 15598.05625
310 1338.2171875 16936.2734375
320 1338.91015625 18275.18359375
330 1315.184375 19590.36796875
340 1381.0109375 20971.37890625
350 1572.14921875 22543.528125
360 1608.41171875 24151.93984375
370 1769.9890625 25921.92890625
380 1971.125 27893.05390625
390 2081.0578125 29974.11171875
400 1994.40234375 31968.5140625
410 2066.7875 34035.3015625
420 2203.30859375 36238.61015625
430 2215.7703125 38454.38046875
440 2357.6421875 40812.02265625
450 2410.87421875 43222.896875
460 2496.3125 45719.209375
470 2571.20234375 48290.41171875
480 2463.6234375 50754.03515625
490 2680.4625 53434.49765625
500 2724.43203125 56158.9296875
510 2908.56875 59067.4984375
520 2830.61171875 61898.11015625
530 2805.85078125 64703.9609375
540 2715.77421875 67419.73515625
550 2234.77578125 69654.5109375
560 1717.52578125 71372.03671875
570 1230.3703125 72602.40703125
580 1046.559375 73648.96640625
590 960.29453125 74609.2609375
600 882.01328125 75491.27421875
610 837.48359375 76328.7578125
620 720.284375 77049.0421875
630 685.8875 77734.9296875
640 613.63125 78348.5609375
650 556.13359375 78904.69453125
660 414.846875 79319.54140625
670 240.58125 79560.12265625
680 121.64609375 79681.76875
690 57.45546875 79739.22421875
700 41.35625 79780.58046875
710 16.66015625 79797.240625
720 8.603125 79805.84375
730 9.15078125 79814.99453125
740 4.590625 79819.58515625
742 0 79819.58515625
