0 106.1171875 106.1171875
10 368.86015625 474.97734375
20 651.1828125 1126.16015625
30 1003.6390625 2129.79921875
40 866.859375 2996.65859375
50 1291.665625 4288.32421875
60 1356.728125 5645.05234375
70 1376.04765625 7021.1
80 1658.07890625 8679.17890625
90 1587.7828125 10266.96171875
100 1768.0609375 12035.02265625
110 1924.5765625 13959.59921875
120 2001.92109375 15961.5203125
130 1640.93828125 17602.45859375
140 2035.1484375 19637.60703125
150 2214.42734375 21852.034375
160 2720.05703125 24572.09140625
170 2947.28359375 27519.375
180 2664.39609375 30183.77109375
190 3638.49140625 33822.2625
200 3765.425 37587.6875
210 4392.128125 41979.815625
220 5614.14140625 47593.95703125
230 5747.53203125 53341.4890625
240 6148.81953125 59490.30859375
250 6811.3078125 66301.61640625
260 7164.553125 73466.16953125
270 7516.7015625 80982.87109375
280 7396.8109375 88379.68203125
290 7723.7859375 96103.46796875
300 8054.209375 104157.67734375
310 8876.81328125 113034.490625
320 8958.25 121992.740625
330 8235.74140625 130228.48203125
340 7709.41015625 137937.8921875
350 8007.77421875 145945.66640625
360 7927.55234375 153873.21875
370 7955.4546875 161828.6734375
380 8402.121875 170230.7953125
390 7870.37265625 178101.16796875
400 8067.4375 186168.60546875
410 8696.93515625 194865.540625
420 8477.81328125 203343.35390625
430 8572.53515625 211915.8890625
440 8840.10625 220755.9953125
450 8395.4015625 229151.396875
460 8021.25078125 237172.64765625
470 8396.86171875 245569.509375
480 8887.98125 254457.490625
490 9356.4484375 263813.9390625
500 9246.7375 273060.6765625
510 9652.56484375 282713.24140625
520 9212.00234375 291925.24375
530 9347.3953125 301272.6390625
540 9192.9421875 310465.58125
550 8071.77265625 318537.35390625
560 7204.096875 325741.45078125
570 6548.259375 332289.71015625
580 5971.8375 338261.54765625
590 6275.46484375 344537.0125
600 5386.64296875 349923.65546875
610 4513.83359375 354437.4890625
620 4177.62578125 358615.11484375
630 3741.69296875 362356.8078125
640 3477.45625 365834.2640625
650 3339.23203125 369173.49609375
660 2227.30234375 371400.7984375
670 1315.5234375 372716.321875
680 630.728125 373347.05
690 265.41484375 373612.46484375
700 218.5921875 373831.05703125
710 60.5546875 373891.61171875
720 28.2375 373919.84921875
730 30.22734375 373950.0765625
740 5.45 373955.5265625
742 0 373955.5265625
