0 0.9 9
10 1.1 20
20 1 30
30 1.2 42
40 0.8 50
50 1 60
60 1.1 71
70 1.4 85
80 1.6 101
90 1.3 114
100 0.7 121
110 1.4 135
120 2 155
130 1.3 168
140 1.5 183
150 2 203
160 2.1 224
170 2.1 245
180 3.9 284
190 4 324
200 4 364
210 5 414
220 3.5 449
230 3.8 487
240 5.4 541
250 6.1 602
260 6.1 663
270 4.6 709
280 5.7 766
290 7 836
300 8.6 922
310 10 1022
320 11.1 1133
330 9.8 1231
340 8.4 1315
350 10.3 1418
360 15.1 1569
370 14.7 1716
380 15.7 1873
390 15.5 2028
400 15.3 2181
410 16.8 2349
420 15.8 2507
430 20.3 2710
440 18.8 2898
450 18.7 3085
460 19.2 3277
470 18.3 3460
480 24.7 3707
490 23.8 3945
500 25.9 4204
510 23 4434
520 24.8 4682
530 24.8 4930
540 3.2 4962
550 0 4962
560 0 4962
570 0 4962
580 0 4962
590 0 4962
600 0 4962
610 0 4962
620 0 4962
630 0 4962
640 0 4962
650 0 4962
660 0 4962
670 0 4962
680 0 4962
690 0 4962
700 0 4962
710 0 4962
720 0 4962
730 0 4962
740 0 4962
742 0 4962
