0 9 9
10 20 20
20 30 30
30 40 41
40 48 48
50 54 54
60 58 58
70 69 70
80 74 74
90 82 82
100 79 83
110 81 83
120 83 91
130 89 91
140 94 96
150 98 98
160 109 110
170 117 117
180 143 143
190 169 169
200 189 191
210 229 229
220 239 247
230 256 260
240 279 279
250 311 311
260 333 334
270 339 340
280 356 357
290 389 390
300 433 436
310 491 492
320 564 564
330 621 623
340 653 656
350 703 705
360 790 790
370 859 860
380 936 936
390 992 993
400 1031 1036
410 1098 1099
420 1138 1138
430 1201 1202
440 1270 1270
450 1308 1311
460 1333 1338
470 1337 1344
480 1405 1405
490 1460 1461
500 1540 1543
510 1555 1577
520 1590 1594
530 1633 1643
540 1479 1644
550 1257 1644
560 1069 1644
570 884 1644
580 729 1644
590 575 1644
600 449 1644
610 351 1644
620 286 1644
630 232 1644
640 171 1644
650 121 1644
660 74 1644
670 42 1644
680 20 1644
690 13 1644
700 6 1644
710 4 1644
720 2 1644
730 2 1644
740 0 1644
742 0 1644
