0 5 50
10 10.3 153
20 11.9 272
30 17.1 443
40 28.1 724
50 32 1044
60 37.3 1417
70 33.3 1750
80 37 2120
90 45.6 2576
100 45.9 3035
110 41.3 3448
120 51.4 3962
130 53.6 4498
140 57.7 5075
150 69 5765
160 65.7 6422
170 65.8 7080
180 67 7750
190 83.3 8583
200 95.9 9542
210 115.1 10693
220 113.3 11826
230 123.9 13065
240 129.5 14360
250 145 15810
260 142.4 17234
270 146 18694
280 169 20384
290 171.3 22097
300 206.5 24162
310 222.9 26391
320 248.8 28879
330 239.9 31278
340 229 33568
350 267.3 36241
360 306.6 39307
370 311.7 42424
380 321.2 45636
390 357.5 49211
400 377.5 52986
410 349.5 56481
420 379 60271
430 408.2 64353
440 419.6 68549
450 406.8 72617
460 401.7 76634
470 399.4 80628
480 426.6 84894
490 428.5 89179
500 418.6 93365
510 467.6 98041
520 414.3 102184
530 426.8 106452
540 434.8 110800
550 408.5 114885
560 375.1 118636
570 447.9 123115
580 380.9 126924
590 348.4 130408
600 424.5 134653
610 388.2 138535
620 350.6 142041
630 409.4 146135
640 415.8 150293
650 433.8 154631
660 379.7 158428
670 424.4 162672
680 264.4 165316
690 420.6 169522
700 343.1 172953
710 430.6 177259
720 403.7 181296
730 422.7 185523
740 453.4 190057
750 499.9 195056
760 449.6 199552
770 396.1 203513
780 360.6 207119
790 314 210259
800 234 212599
810 217.8 214777
820 153.2 216309
830 97.5 217284
840 60 217884
850 28.4 218168
860 14.5 218313
870 5.5 218368
880 3.4 218402
890 1.1 218413
892 0 218413
