0 0.4 4
10 1.6 20
20 1.7 37
30 2.7 64
40 4.3 107
50 4.9 156
60 5.3 209
70 4.6 255
80 5.7 312
90 7.8 390
100 7.9 469
110 6.3 532
120 6.7 599
130 7.3 672
140 10 772
150 9.7 869
160 9.8 967
170 8.9 1056
180 8.9 1145
190 11 1255
200 11.8 1373
210 15 1523
220 16.2 1685
230 16.1 1846
240 17.3 2019
250 17.1 2190
260 17.7 2367
270 19.7 2564
280 19.1 2755
290 21 2965
300 22.6 3191
310 25 3441
320 25.8 3699
330 29.3 3992
340 23.8 4230
350 29.2 4522
360 33.5 4857
370 30.7 5164
380 27.9 5443
390 35 5793
400 35.3 6146
410 36.5 6511
420 41.9 6930
430 44.8 7378
440 45.7 7835
450 41.2 8247
460 41.2 8659
470 39 9049
480 43.9 9488
490 44.5 9933
500 41.3 10346
510 45.5 10801
520 38.8 11189
530 41.3 11602
540 37.2 11974
550 33.6 12310
560 30.2 12612
570 33.2 12944
580 31.7 13261
590 27.7 13538
600 29.6 13834
610 27.1 14105
620 20.3 14308
630 28.6 14594
640 27.2 14866
650 24.6 15112
660 21.1 15323
670 22.9 15552
680 12.8 15680
690 19.2 15872
700 14.4 16016
710 19.1 16207
720 23.9 16446
730 27 16716
740 36.3 17079
750 67 17749
760 77.3 18522
770 78.6 19308
780 76.7 20075
790 67.1 20746
800 55.6 21302
810 50.6 21808
820 35.4 22162
830 22.1 22383
840 11.9 22502
850 6.7 22569
860 2.5 22594
870 1.7 22611
880 0.7 22618
890 0.1 22619
892 0 22619
