0 1.7 17
10 1.3 30
20 0.6 36
30 3 66
40 2.6 92
50 1.8 110
60 1 120
70 3.5 155
80 2.3 178
90 2 198
100 2.5 223
110 3.5 258
120 4.1 299
130 3.4 333
140 3.2 365
150 4.4 409
160 3.7 446
170 3.5 481
180 6.1 542
190 6.6 608
200 6.8 676
210 8 756
220 6.5 821
230 7.3 894
240 9.8 992
250 8 1072
260 8.4 1156
270 9.1 1247
280 10.8 1355
290 12.5 1480
300 15.4 1634
310 15.6 1790
320 15.4 1944
330 17.6 2120
340 12.3 2243
350 16 2403
360 21.1 2614
370 24.2 2856
380 26.3 3119
390 25.6 3375
400 22.4 3599
410 26.7 3866
420 22.9 4095
430 25.5 4350
440 27.6 4626
450 26 4886
460 26.7 5153
470 26.7 5420
480 26.2 5682
490 29.6 5978
500 28.4 6262
510 33.1 6593
520 29.2 6885
530 27.8 7163
540 31.5 7478
550 31.7 7795
560 36.6 8161
570 36.7 8528
580 34.5 8873
590 31.4 9187
600 36.7 9554
610 36.7 9921
620 35.6 10277
630 40.6 10683
640 40.9 11092
650 37.1 11463
660 42.9 11892
670 48.6 12378
680 27.6 12654
690 50.6 13160
700 37.5 13535
710 52.1 14056
720 37.9 14435
730 17.5 14610
740 15.2 14762
750 14.5 14907
760 4.3 14950
770 0.7 14957
780 0 14957
790 0 14957
800 0 14957
810 0 14957
820 0 14957
830 0 14957
840 0 14957
850 0 14957
860 0 14957
870 0 14957
880 0 14957
890 0 14957
892 0 14957
