10 0.1 1
20 0.1 2
30 0.1 3
40 0 3
50 0.3 6
60 0.5 11
70 0.3 14
80 0.2 16
90 0.3 19
100 0.2 21
110 0.2 23
120 0.2 25
130 0.8 33
140 0.3 36
150 0.3 39
160 0.4 43
170 0.4 47
180 0.4 51
190 0.4 55
200 1.2 67
210 0.6 73
220 1.1 84
230 0.8 92
240 0.6 98
250 1.7 115
260 1.5 130
270 1 140
280 1.5 155
290 1.6 171
300 1.7 188
310 1.8 206
320 2.1 227
330 2.4 251
340 2.1 272
350 2.9 301
360 1.9 320
370 1.9 339
380 2.2 361
390 3.2 393
400 4 433
410 4.8 481
420 3.4 515
430 4.3 558
440 4.1 599
450 4.2 641
460 3.6 677
470 5.4 731
480 4.7 778
490 3.7 815
500 4.9 864
510 5.3 917
520 5 967
530 5 1017
540 6.4 1081
550 5.9 1140
560 6.8 1208
570 5.1 1259
580 8.1 1340
590 10.3 1443
600 8.7 1530
610 8.5 1615
620 9 1705
630 10 1805
640 9.6 1901
650 11.7 2018
660 11.1 2129
670 8.5 2214
680 11.8 2332
690 12.8 2460
700 12.1 2581
710 12.3 2704
720 11.1 2815
730 9.4 2909
740 10.9 3018
750 8.8 3106
760 3 3136
770 1 3146
780 0 3146
790 0 3146
800 0 3146
810 0 3146
820 0 3146
830 0 3146
840 0 3146
850 0 3146
860 0 3146
870 0 3146
880 0 3146
890 0 3146
892 0 3146
