400 0.3 3
410 1.1 14
420 1.1 25
430 1.7 42
440 2.5 67
450 2.4 91
460 2.5 116
470 4.4 160
480 7.3 233
490 6.5 298
500 7.7 375
510 11 485
520 8.1 566
530 10.1 667
540 11.7 784
550 9.7 881
560 9.5 976
570 12.9 1105
580 12.6 1231
590 10.4 1335
600 12.5 1460
610 13.3 1593
620 10.1 1694
630 12.7 1821
640 14.9 1970
650 14.1 2111
660 12.1 2232
670 16.2 2394
680 9.6 2490
690 13.6 2626
700 11.8 2744
710 16.9 2913
720 17.5 3088
730 20 3288
740 24.4 3532
750 41 3942
760 44.9 4391
770 46.6 4857
780 47.5 5332
790 42.5 5757
800 31.4 6071
810 30.2 6373
820 19.9 6572
830 13.7 6709
840 7.5 6784
850 4.2 6826
860 1.3 6839
870 1 6849
880 0.5 6854
890 0.1 6855
892 0 6855
