400 0.5 5
410 1.8 23
420 4.2 65
430 5 115
440 6.8 183
450 7.8 261
460 8.1 342
470 12.6 468
480 12.6 594
490 14.9 743
500 18 923
510 24.9 1172
520 19.4 1366
530 18.9 1555
540 20.1 1756
550 21.9 1975
560 26.2 2237
570 31.9 2556
580 25.6 2812
590 32.1 3133
600 44.6 3579
610 41.3 3992
620 41.1 4403
630 56 4963
640 57.8 5541
650 64.1 6182
660 66.5 6847
670 67.2 7519
680 41.7 7936
690 79.5 8731
700 63.8 9369
710 88.2 10251
720 87.5 11126
730 82.6 11952
740 85.4 12806
750 83 13636
760 51.3 14149
770 31.9 14468
780 15.7 14625
790 5.6 14681
800 2.1 14702
810 0.4 14706
820 0.1 14707
830 0.1 14708
840 0 14708
850 0 14708
860 0 14708
870 0 14708
880 0 14708
890 0 14708
892 0 14708
