380 5.4 54
390 17.3 227
400 24.3 470
410 73.7 1207
420 56.7 1774
430 80.6 2580
440 78.5 3365
450 78.7 4152
460 148.3 5635
470 160.4 7239
480 135.2 8591
490 156.6 10157
500 159.3 11750
510 138.5 13135
520 213.3 15268
530 198 17248
540 228.5 19533
550 273.4 22267
560 327 25537
570 315.2 28689
580 486.5 33554
590 486.5 38419
600 416.8 42587
610 525.5 47842
620 617.7 54019
630 532.5 59344
640 524.9 64593
650 544.6 70039
660 614.9 76188
670 607 82258
680 786.7 90125
690 658.9 96714
700 755.5 104269
710 598 110249
720 507.6 115325
730 317.2 118497
740 175.1 120248
750 12.9 120377
760 1.5 120392
770 0 120392
780 0 120392
790 0 120392
800 0 120392
810 0 120392
820 0 120392
830 0 120392
840 0 120392
850 0 120392
860 0 120392
870 0 120392
880 0 120392
890 0 120392
892 0 120392
