0 12 12
10 20 8
20 25 5
30 36 11
40 54 18
50 52 -2
60 59 7
70 70 11
80 74 4
90 77 3
100 82 5
110 85 3
120 103 18
130 108 5
140 115 7
150 133 18
160 131 -2
170 131 0
180 150 19
190 173 23
200 192 19
210 209 17
220 213 4
230 236 23
240 269 33
250 262 -7
260 276 14
270 303 27
280 323 20
290 359 36
300 419 60
310 473 54
320 496 23
330 541 45
340 571 30
350 604 33
360 686 82
370 807 121
380 915 108
390 992 77
400 1053 61
410 1113 60
420 1210 97
430 1279 69
440 1354 75
450 1411 57
460 1473 62
470 1504 31
480 1588 84
490 1630 42
500 1697 67
510 1782 85
520 1835 53
530 1852 17
540 1966 114
550 2087 121
560 2206 119
570 2366 160
580 2461 95
590 2497 36
600 2643 146
610 2743 100
620 2854 111
630 2951 97
640 3009 58
650 3046 37
660 3180 134
670 3316 136
680 3339 23
690 3363 24
700 3407 44
710 3465 58
720 3096 -369
730 2691 -405
740 2275 -416
750 1875 -400
760 1500 -375
770 1189 -311
780 965 -224
790 752 -213
800 564 -188
810 401 -163
820 255 -146
830 155 -100
840 80 -75
850 41 -39
860 14 -27
870 9 -5
880 3 -6
890 0 -3
892 0 0
