0 1.2 15.622782389322916 37.84033756760962 140.93017578125 1.26806640625 0 0
10 0.9 4.326470269097222 2.8438665153699905 140.93017578125 1.18701171875 15.622782389322916 12
20 0.6 87.2591552734375 118.20393224809486 274.864013671875 1.18701171875 10.781505766369047 21
30 1.2 4.670267740885417 6.966001947735196 274.864013671875 1.170166015625 27.776538990162038 27
40 1.8 3.8426513671875 3.0735457484947517 274.864013671875 1.14990234375 20.666917067307693 39
50 0.3 1.6663411458333333 0.37272581405969796 274.864013671875 1.14990234375 15.353991056743421 57
60 1.5 11.511686197916667 26.553769099977842 274.864013671875 1.14990234375 14.669608561197917 60
70 1.6 2.7884063720703125 2.059105895754224 274.864013671875 1.144775390625 14.038024088541667 75
80 1.3 4.2821514423076925 2.7430487646628183 274.864013671875 1.144775390625 12.060069325206044 91
90 1.2 2.48736572265625 1.5338745594827887 274.864013671875 1.144775390625 11.08782958984375 104
100 1.5 2.6515462239583334 2.292834427939429 274.864013671875 1.144775390625 10.19812643116918 116
110 1.7 2.79345703125 2.2222240212688766 274.864013671875 1.086181640625 9.33401419370229 131
120 2.6 25.338416466346153 102.49801397382713 534.677978515625 0.89208984375 8.582733979096284 148
130 1.9 3.2669613486842106 2.4864744786019033 534.677978515625 0.89208984375 11.086456649604886 174
140 1.6 2.29730224609375 1.5466050998677254 534.677978515625 0.89208984375 10.316661775420984 193
150 2.7 1.5888762297453705 0.6201324540450786 534.677978515625 0.89208984375 9.702739514802632 209
160 1.5 2.185791015625 2.434929447588029 534.677978515625 0.89208984375 8.77445854574947 236
170 1.8 1.48388671875 0.428139203246701 534.677978515625 0.89208984375 8.380713474228088 251
180 3.7 2.177166913006756 4.255077709841878 534.677978515625 0.89208984375 7.9192157731180295 269
190 4.1 1.9036418635670735 1.717198733301496 534.677978515625 0.89208984375 7.224915747549019 306
200 3.9 2.3836388221153855 2.850861183493726 534.677978515625 0.89208984375 6.596177334744237 347
210 4 1.652984619140625 0.9204797202416395 534.677978515625 0.89208984375 6.170558158597798 386
220 3.1 2.3967127646169355 4.30628974000695 534.677978515625 0.89208984375 5.74637284972858 426
230 4.1 1.4438893387957317 0.4663008055723345 534.677978515625 0.89208984375 5.519153019009847 457
240 5.9 2.4779487221927967 7.3996835543756125 534.677978515625 0.89208984375 5.183639342526355 498
250 4.1 1.8759170160060976 1.9819931347874538 534.677978515625 0.85986328125 4.897040156530521 557
260 5.6 1.6148463657924108 0.6648127457473517 534.677978515625 0.85986328125 4.689906295725335 598
270 5.6 2.026545933314732 2.6946579809750717 534.677978515625 0.85986328125 4.4265984118167045 654
280 7 1.6103724888392856 0.8240722864381509 534.677978515625 0.85986328125 4.237298498019366 710
290 7.9 1.5501229974287973 0.7730461053642884 534.677978515625 0.85986328125 4.001548727964743 780
300 10 1.83969970703125 2.7691238898084904 534.677978515625 0.823974609375 3.7760974675312857 859
310 10 1.48437744140625 0.6602824944720894 534.677978515625 0.823974609375 3.574179035779457 959
320 7 1.7487479073660714 0.8623767139958833 534.677978515625 0.823974609375 3.3768417747432715 1059
330 9.8 1.6671092753507653 1.2213169092420395 534.677978515625 0.823974609375 3.275897070831488 1129
340 8.5 1.491012752757353 0.5151939174358187 534.677978515625 0.823974609375 3.1474038320726363 1227
350 9.8 1.479008888711734 0.4604651023574499 534.677978515625 0.823974609375 3.040091910013338 1312
360 15.9 6.050208517590409 30.259418248639353 534.677978515625 0.807861328125 2.931591104277482 1410
370 17.7 1.5343010681497176 0.6726772675075449 534.677978515625 0.807861328125 3.247626903332138 1569
380 17.7 1.6819164901129946 0.7932925124342347 534.677978515625 0.807861328125 3.0739392327552255 1746
390 15.5 1.8434680569556448 1.3634337642404786 534.677978515625 0.807861328125 2.9458123344465026 1923
400 15.4 1.8947040508319812 2.54563627525961 534.677978515625 0.807861328125 2.8635874244315445 2078
410 15.2 1.937294407894737 3.2123468085708384 534.677978515625 0.807861328125 2.7967379443534384 2232
420 17.1 2.281758269371344 4.85685748867574 534.677978515625 0.807861328125 2.7419412088074138 2384
430 18.5 1.9360298775337839 2.1929431118929643 534.677978515625 0.807861328125 2.7111422723520056 2555
440 18.7 2.4218358330548133 3.224264567407361 534.677978515625 0.807861328125 2.658808041315009 2740
450 19.1 2.1016979916557594 1.7148815837484688 534.677978515625 0.807861328125 2.643668375122779 2927
460 20.4 2.4533452052696063 4.392423382903637 534.677978515625 0.807861328125 2.610468778188141 3118
470 20 2.008028564453125 1.922860011801844 534.677978515625 0.807861328125 2.6008200097127103 3322
480 24.5 2.2654575892857114 3.58759957134465 534.677978515625 0.807861328125 2.56715780384902 3522
490 19.5 2.4178548177083345 4.441952496766788 534.677978515625 0.807861328125 2.5475356768068087 3767
500 24.2 3.6079938904313007 5.214009841216943 534.677978515625 0.807861328125 2.541153100450372 3962
510 25.7 2.8137359025413433 3.429670829107392 534.677978515625 0.807861328125 2.6025649632418526 4204
520 23.6 2.6376528982388763 3.460854378528903 534.677978515625 0.807861328125 2.6147306057883597 4461
530 21.5 2.2255586845930213 2.5958277450018765 534.677978515625 0.807861328125 2.6158823326391842 4697
540 33.2 16.750382388930717 64.89520199562402 534.677978515625 0.807861328125 2.598797726708825 4912
550 33.6 2.5620502290271574 2.557698752937323 534.677978515625 0.807861328125 3.4947409204269158 5244
560 34.7 3.904455179439843 6.943266502652443 534.677978515625 0.807861328125 3.4385789002996185 5580
570 36.2 110.3524513876899 381.8148179713776 2286.64697265625 0.807861328125 3.465853924571874 5927
580 34.1 3.3816726997800575 4.802484743865637 2286.64697265625 0.807861328125 9.618334172886188 6289
590 32.2 3.298436893439441 3.549289861906168 2286.64697265625 0.807861328125 9.297564706471528 6630
600 42.8 3.33856657509492 5.196393452568703 2286.64697265625 0.807861328125 9.019699465419121 6952
610 38.9 3.1124320925048194 4.00859858016248 2286.64697265625 0.77783203125 8.690224549828503 7380
620 44.5 4.023108321629213 4.7514098318799345 2286.64697265625 0.77783203125 8.410940051707907 7769
630 44 3.8605352228338057 4.697438473445706 2286.64697265625 0.77783203125 8.173225768790326 8214
640 39.3 3.735358395952608 4.305640498385614 2286.64697265625 0.77783203125 7.953953312097367 8654
650 41.2 4.424629878071909 4.994983778233487 2286.64697265625 0.77783203125 7.770698332320104 9047
660 53 4.080254090507075 5.694807298081018 2286.64697265625 0.77783203125 7.624955631913058 9459
670 49.7 3.5546698157696177 4.508066052975796 2286.64697265625 0.77783203125 7.436879566546637 9989
680 46.5 4.070741452452954 4.833465297871196 2286.64697265625 0.77783203125 7.252876300655337 10486
690 46.6 4.254333758047207 4.567348198122061 2286.64697265625 0.77783203125 7.11775688650009 10951
700 50.7 4.220904408592209 5.938601680744742 2286.64697265625 0.77783203125 7.00088247309385 11417
710 50.3 4.293576917401837 5.253032286416527 2286.64697265625 0.77783203125 6.88267978283032 11924
720 6.1 3.61455798539959 3.1002825124224005 2286.64697265625 0.77783203125 6.777882266027349 12427
730 0 0 0 2286.64697265625 0.77783203125 6.762430409755864 12488
740 0 0 0 2286.64697265625 0.77783203125 6.762430409755864 12488
750 0 0 0 2286.64697265625 0.77783203125 6.762430409755864 12488
760 0.1 27.5927734375 0.0 2286.64697265625 0.77783203125 6.762430409755864 12488
770 0 0 0 2286.64697265625 0.77783203125 6.764098304945851 12489
780 0 0 0 2286.64697265625 0.77783203125 6.764098304945851 12489
790 0 0 0 2286.64697265625 0.77783203125 6.764098304945851 12489
800 0 0 0 2286.64697265625 0.77783203125 6.764098304945851 12489
810 0 0 0 2286.64697265625 0.77783203125 6.764098304945851 12489
820 0 0 0 2286.64697265625 0.77783203125 6.764098304945851 12489
830 0 0 0 2286.64697265625 0.77783203125 6.764098304945851 12489
840 0 0 0 2286.64697265625 0.77783203125 6.764098304945851 12489
850 0 0 0 2286.64697265625 0.77783203125 6.764098304945851 12489
860 0 0 0 2286.64697265625 0.77783203125 6.764098304945851 12489
870 0 0 0 2286.64697265625 0.77783203125 6.764098304945851 12489
880 0 0 0 2286.64697265625 0.77783203125 6.764098304945851 12489
890 0 0 0 2286.64697265625 0.77783203125 6.764098304945851 12489
892 0 0 0 2286.64697265625 0.77783203125 6.764098304945851 12489
