0 0.1 9.568496153842542 0 9.568496153842542 9.568496153842542 0 0
10 0.1 3.5852713178294575 0.0 9.568496153842542 3.5852713178294575 9.568496153842542 1
20 0.1 2.2222222222222223 0.0 9.568496153842542 2.2222222222222223 6.576883735836 2
30 0.1 2.4271844660194173 0.0 9.568496153842542 2.2222222222222223 5.125329897964741 3
40 0.1 2.9836381135707413 0.0 9.568496153842542 2.2222222222222223 4.4507935399784095 4
50 0.1 3.6259541984732824 0.0 9.568496153842542 2.2222222222222223 4.157362454696876 5
60 0.1 5.178907721280603 0.0 9.568496153842542 2.2222222222222223 4.068794411992943 6
70 0.1 5.248359887535145 0.0 9.568496153842542 2.2222222222222223 4.227382027605466 7
80 0.1 4.511278195488721 0.0 9.568496153842542 2.2222222222222223 4.355004260096676 8
90 0.1 5.648148148148148 0.0 9.568496153842542 2.2222222222222223 4.372368030695792 9
100 0.1 5.238540692235735 0.0 9.568496153842542 2.2222222222222223 4.499946042441028 10
110 0.1 5.730129390018484 0.0 9.568496153842542 2.2222222222222223 4.567091010604184 11
120 0.1 5.130597014925374 0.0 9.568496153842542 2.2222222222222223 4.664010875555375 12
130 0.1 5.992509363295881 0.0 9.568496153842542 2.2222222222222223 4.699902117045375 13
140 0.1 6.261510128913445 0.0 9.568496153842542 2.2222222222222223 4.792231206063268 14
150 0.1 8.045977011494253 0.0 9.568496153842542 2.2222222222222223 4.890183134253279 15
160 0.1 7.894736842105263 0.0 9.568496153842542 2.2222222222222223 5.08742025158084 16
170 0.1 8.155339805825243 0.0 9.568496153842542 2.2222222222222223 5.252556521611688 17
180 0.1 7.556427870461237 0.0 9.568496153842542 2.2222222222222223 5.4138222596235535 18
190 0.1 9.730250481695569 0.0 9.730250481695569 2.2222222222222223 5.5265909759834315 19
200 0.1 9.171597633136095 0.0 9.730250481695569 2.2222222222222223 5.736773951269038 20
210 0.1 11.45631067961165 0.0 11.45631067961165 2.2222222222222223 5.900336983738898 21
220 0.1 13.26829268292683 0.0 13.26829268292683 2.2222222222222223 6.152881242642206 22
230 0.1 13.552758954501451 0.0 13.552758954501451 2.2222222222222223 6.4622469574371895 23
240 0.1 13.4765625 0.0 13.552758954501451 2.2222222222222223 6.757684957314868 24
250 0.1 15.18375241779497 0.0 15.18375241779497 2.2222222222222223 7.026440059022272 25
260 0.1 16.042267050912585 0.0 16.042267050912585 2.2222222222222223 7.340182842051992 26
270 0.1 15.488867376573086 0.0 16.042267050912585 2.2222222222222223 7.662482257194977 27
280 0.1 17.78846153846154 0.0 17.78846153846154 2.2222222222222223 7.941996011458481 28
290 0.1 18.913676042677015 0.0 18.913676042677015 2.2222222222222223 8.28152930549307 29
300 0.1 19.130434782608695 0.0 19.130434782608695 2.2222222222222223 8.635934196732535 30
310 0.1 24.065196548418026 0.0 24.065196548418026 2.2222222222222223 8.974466473696282 31
320 0.1 23.732057416267942 0.0 24.065196548418026 2.2222222222222223 9.446051788531337 32
330 0.1 22.88218111002921 0.0 24.065196548418026 2.2222222222222223 9.878961049977901 33
340 0.1 25.601539942252167 0.0 25.601539942252167 2.2222222222222223 10.261408698802938 34
350 0.1 25.52581261950287 0.0 25.601539942252167 2.2222222222222223 10.699698162901488 35
360 0.1 29.00763358778626 0.0 29.00763358778626 2.2222222222222223 11.111534675584858 36
370 0.1 32.142857142857146 0.0 32.142857142857146 2.2222222222222223 11.595213024563275 37
380 0.1 32.63558515699334 0.0 32.63558515699334 2.2222222222222223 12.135940501360482 38
390 0.1 34.60076045627377 0.0 34.60076045627377 2.2222222222222223 12.661572415607479 39
400 0.1 36.68582375478927 0.0 36.68582375478927 2.2222222222222223 13.210052116624135 40
410 0.1 39.05660377358491 0.0 39.05660377358491 2.2222222222222223 13.782631912676942 41
420 0.1 38.904627006610006 0.0 39.05660377358491 2.2222222222222223 14.384393147460466 42
430 0.1 42.026266416510325 0.0 42.026266416510325 2.2222222222222223 14.954631144184873 43
440 0.1 42.97752808988764 0.0 42.97752808988764 2.2222222222222223 15.56989558219227 44
450 0.1 45.140186915887845 0.0 45.140186915887845 2.2222222222222223 16.17895408236328 45
460 0.1 45.68014705882353 0.0 45.68014705882353 2.2222222222222223 16.80854610048338 46
470 0.1 45.0508788159112 0.0 45.68014705882353 2.2222222222222223 17.422835482575724 47
480 0.1 46.87216681776972 0.0 46.87216681776972 2.2222222222222223 17.99841971868688 48
490 0.1 46.3898916967509 0.0 46.87216681776972 2.2222222222222223 18.587679863566123 49
500 0.1 47.15162138475022 0.0 47.15162138475022 2.2222222222222223 19.143724100229818 50
510 0.1 48.33625218914185 0.0 48.33625218914185 2.2222222222222223 19.692898556789043 51
520 0.1 47.585601404741 0.0 48.33625218914185 2.2222222222222223 20.243732280488135 52
530 0.1 47.44718309859155 0.0 48.33625218914185 2.2222222222222223 20.759616603587247 53
540 0.1 48.62306368330464 0.0 48.62306368330464 2.2222222222222223 21.253830797939177 54
560 0.1 48.19897084048028 0.0 48.62306368330464 2.2222222222222223 21.751453214036733 55
570 0.1 48.547008547008545 0.0 48.62306368330464 2.2222222222222223 22.22373031450894 56
580 0.1 49.369217830109335 0.0 49.369217830109335 2.2222222222222223 22.685542213324723 57
590 0.1 50.123253903040265 0.0 50.123253903040265 2.2222222222222223 23.14560558602791 58
600 0.1 49.8360655737705 0.0 50.123253903040265 2.2222222222222223 23.602853862587438 59
610 0.1 49.59481361426256 0.0 50.123253903040265 2.2222222222222223 24.040074057773822 60
620 0.1 50.040290088638194 0.0 50.123253903040265 2.2222222222222223 24.459004214437574 61
630 0.1 50.7120253164557 0.0 50.7120253164557 2.2222222222222223 24.871605599505322 62
640 0.1 50.753370340999204 0.0 50.753370340999204 2.2222222222222223 25.28177099183787 63
650 0.1 51.30434782608696 0.0 51.30434782608696 2.2222222222222223 25.679764731668516 64
660 0.1 51.70499603489295 0.0 51.70499603489295 2.2222222222222223 26.073989086967263 65
670 0.1 51.93498452012384 0.0 51.93498452012384 2.2222222222222223 26.462337677087348 66
680 0.1 52.6813880126183 0.0 52.6813880126183 2.2222222222222223 26.84252643593864 67
690 0.1 52.208201892744476 0.0 52.6813880126183 2.2222222222222223 27.222509694419223 68
700 0.1 52.60700389105059 0.0 52.6813880126183 2.2222222222222223 27.58462117555437 69
710 0.1 52.34375 0.0 52.6813880126183 2.2222222222222223 27.942083785775747 70
720 0.1 52.25296442687747 0.0 52.6813880126183 2.2222222222222223 28.285769225412707 71
730 0.1 49.75728155339806 0.0 52.6813880126183 2.2222222222222223 28.61864693654416 72
740 0.1 48.07692307692308 0.0 52.6813880126183 2.2222222222222223 28.908217273761338 73
750 0.1 49.11541701769166 0.0 52.6813880126183 2.2222222222222223 29.167253838668927 74
760 0.1 47.48010610079575 0.0 52.6813880126183 2.2222222222222223 29.43322934772256 75
770 0.1 42.80338664158043 0.0 52.6813880126183 2.2222222222222223 29.670688252368258 76
780 0.1 39.678030303030305 0.0 52.6813880126183 2.2222222222222223 29.84124277690348 77
790 0.1 37.48845798707294 0.0 52.6813880126183 2.2222222222222223 29.967355437494852 78
800 0.1 31.173708920187792 0.0 52.6813880126183 2.2222222222222223 30.06255926723635 79
810 0.1 26.23574144486692 0.0 52.6813880126183 2.2222222222222223 30.076448637898245 80
820 0.1 19.84732824427481 0.0 52.6813880126183 2.2222222222222223 30.029032499712674 81
830 0.1 13.14508276533593 0.0 52.6813880126183 2.2222222222222223 29.904865374646356 82
840 0.1 9.426627793974733 0.0 52.6813880126183 2.2222222222222223 29.70294028296792 83
850 0.1 5.004906771344456 0.0 52.6813880126183 2.2222222222222223 29.461555610479905 84
860 0.1 2.571711177052423 0.0 52.6813880126183 2.2222222222222223 29.173830330019488 85
870 0.1 1.968503937007874 0.0 52.6813880126183 1.968503937007874 28.86450336312452 86
880 0.1 1.5794669299111548 0.0 52.6813880126183 1.5794669299111548 28.555353944433524 87
890 0.1 1.4749262536873156 0.0 52.6813880126183 1.4749262536873156 28.24880977381395 88
