0 0 0
10 0.1 1
20 0.1 2
30 0 2
40 0.1 3
50 0.4 7
60 0.7 14
70 0.6 20
80 1 30
90 0.9 39
100 1.1 50
110 1.2 62
120 0.9 71
130 1.3 84
140 0.9 93
150 0.9 102
160 1.7 119
170 1.7 136
180 2 156
190 1.6 172
200 2 192
210 2.2 214
220 2.9 243
230 2.1 264
240 2.7 291
250 3.9 330
260 4.7 377
270 3 407
280 4.7 454
290 4.4 498
300 3.6 534
310 4.9 583
320 4.8 631
330 4.9 680
340 5.6 736
350 6.1 797
360 8.3 880
370 5.7 937
380 6.6 1003
390 8.1 1084
400 8.9 1173
410 9.1 1264
420 7.6 1340
430 11 1450
440 11.6 1566
450 13.7 1703
460 14.3 1846
470 16.7 2013
480 16.5 2178
490 15 2328
500 17.8 2506
510 16.8 2674
520 18.2 2856
530 20.1 3057
540 21 3267
550 21.2 3479
560 22.8 3707
570 19.9 3906
580 24.3 4149
590 29.5 4444
600 28.9 4733
610 28.3 5016
620 33.8 5354
630 34.1 5695
640 33.1 6026
650 37.2 6398
660 38.4 6782
670 36.7 7149
680 45.8 7607
690 43.2 8039
700 46.9 8508
710 44 8948
720 43.6 9384
730 40.8 9792
740 40.2 10194
750 41 10604
760 38.3 10987
770 31.3 11300
780 22.4 11524
790 21.3 11737
800 19.4 11931
810 16.7 12098
820 13.8 12236
830 10 12336
840 7.4 12410
850 3.8 12448
860 2.6 12474
870 0.5 12479
880 0.6 12485
890 0.3 12488
892 0 12488
