0 0.1 3159.63671875 0 3159.63671875 3159.63671875 0 0
10 0.1 3158.66015625 0.0 3159.63671875 3158.66015625 3159.63671875 1
20 0.1 3156.171875 0.0 3159.63671875 3156.171875 3159.1484375 2
30 0.1 3155.0703125 0.0 3159.63671875 3155.0703125 3158.15625 3
40 0.1 3151.703125 0.0 3159.63671875 3151.703125 3157.384765625 4
50 0.1 3146.27734375 0.0 3159.63671875 3146.27734375 3156.2484375 5
60 0.1 3143.39453125 0.0 3159.63671875 3143.39453125 3154.5865885416665 6
70 0.1 3141.8515625 0.0 3159.63671875 3141.8515625 3152.987723214286 7
80 0.1 3140.0625 0.0 3159.63671875 3140.0625 3151.595703125 8
90 0.1 3138.75390625 0.0 3159.63671875 3138.75390625 3150.3142361111113 9
100 0.1 3135.02734375 0.0 3159.63671875 3135.02734375 3149.158203125 10
110 0.1 3133.015625 0.0 3159.63671875 3133.015625 3147.8735795454545 11
120 0.1 3132.2890625 0.0 3159.63671875 3132.2890625 3146.6354166666665 12
130 0.1 3130.34375 0.0 3159.63671875 3130.34375 3145.5318509615386 13
140 0.1 3128.3203125 0.0 3159.63671875 3128.3203125 3144.4469866071427 14
150 0.1 3125.5390625 0.0 3159.63671875 3125.5390625 3143.371875 15
160 0.1 3123.6328125 0.0 3159.63671875 3123.6328125 3142.25732421875 16
170 0.1 3122.921875 0.0 3159.63671875 3122.921875 3141.1617647058824 17
180 0.1 3122.59765625 0.0 3159.63671875 3122.59765625 3140.1484375 18
190 0.1 3121.26171875 0.0 3159.63671875 3121.26171875 3139.2247121710525 19
200 0.1 3116.640625 0.0 3159.63671875 3116.640625 3138.3265625 20
210 0.1 3113.65234375 0.0 3159.63671875 3113.65234375 3137.293898809524 21
220 0.1 3108.953125 0.0 3159.63671875 3108.953125 3136.2192826704545 22
230 0.1 3103.16796875 0.0 3159.63671875 3103.16796875 3135.033797554348 23
240 0.1 3100.4921875 0.0 3159.63671875 3100.4921875 3133.7060546875 24
250 0.1 3093.74609375 0.0 3159.63671875 3093.74609375 3132.3775 25
260 0.1 3089.09765625 0.0 3159.63671875 3089.09765625 3130.8916766826924 26
270 0.1 3087.1953125 0.0 3159.63671875 3087.1953125 3129.34375 27
280 0.1 3077.39453125 0.0 3159.63671875 3077.39453125 3127.838448660714 28
290 0.1 3075.2421875 0.0 3159.63671875 3075.2421875 3126.0990032327586 29
300 0.1 3067.36328125 0.0 3159.63671875 3067.36328125 3124.403776041667 30
310 0.1 3050.96484375 0.0 3159.63671875 3050.96484375 3122.5637600806454 31
320 0.1 3039.33203125 0.0 3159.63671875 3039.33203125 3120.3262939453125 32
330 0.1 3029.328125 0.0 3159.63671875 3029.328125 3117.871922348485 33
340 0.1 3022.38671875 0.0 3159.63671875 3022.38671875 3115.267693014706 34
350 0.1 3014.77734375 0.0 3159.63671875 3014.77734375 3112.6139508928572 35
360 0.1 3005.59375 0.0 3159.63671875 3005.59375 3109.8962673611113 36
370 0.1 2989.140625 0.0 3159.63671875 2989.140625 3107.0772804054054 37
380 0.1 2969.21484375 0.0 3159.63671875 2969.21484375 3103.9736842105262 38
390 0.1 2940.09765625 0.0 3159.63671875 2940.09765625 3100.518329326923 39
400 0.1 2919.546875 0.0 3159.63671875 2919.546875 3096.5078124999995 40
410 0.1 2901.92578125 0.0 3159.63671875 2901.92578125 3092.1916920731705 41
420 0.1 2886.94921875 0.0 3159.63671875 2886.94921875 3087.6615513392853 42
430 0.1 2862.9765625 0.0 3159.63671875 2862.9765625 3082.9938226744184 43
440 0.1 2848.90625 0.0 3159.63671875 2848.90625 3077.9934303977275 44
450 0.1 2835.60546875 0.0 3159.63671875 2835.60546875 3072.9026041666666 45
460 0.1 2824.3046875 0.0 3159.63671875 2824.3046875 3067.7439707880435 46
470 0.1 2802.80859375 0.0 3159.63671875 2802.80859375 3062.564411569149 47
480 0.1 2794.42578125 0.0 3159.63671875 2794.42578125 3057.15283203125 48
490 0.1 2783.58984375 0.0 3159.63671875 2783.58984375 3051.791055484694 49
500 0.1 2754.203125 0.0 3159.63671875 2754.203125 3046.42703125 50
510 0.1 2748.87890625 0.0 3159.63671875 2748.87890625 3040.697150735294 51
520 0.1 2735.44921875 0.0 3159.63671875 2735.44921875 3035.085261418269 52
530 0.1 2724.93359375 0.0 3159.63671875 2724.93359375 3029.431751179245 53
540 0.1 2710.70703125 0.0 3159.63671875 2710.70703125 3023.792896412037 54
560 0.1 2694.65625 0.0 3159.63671875 2694.65625 3018.1004261363637 55
570 0.1 2680.0 0.0 3159.63671875 2680.0 3012.324637276786 56
580 0.1 2643.81640625 0.0 3159.63671875 2643.81640625 3006.494380482456 57
590 0.1 2635.4140625 0.0 3159.63671875 2635.4140625 3000.241311961207 58
600 0.1 2623.33984375 0.0 3159.63671875 2623.33984375 2994.0577992584745 59
610 0.1 2603.046875 0.0 3159.63671875 2603.046875 2987.8791666666666 60
620 0.1 2584.671875 0.0 3159.63671875 2584.671875 2981.5704405737706 61
630 0.1 2568.86328125 0.0 3159.63671875 2568.86328125 2975.1688508064517 62
640 0.1 2559.3515625 0.0 3159.63671875 2559.3515625 2968.7195560515875 63
650 0.1 2547.55078125 0.0 3159.63671875 2547.55078125 2962.3231811523438 64
660 0.1 2537.54296875 0.0 3159.63671875 2537.54296875 2955.9420673076925 65
670 0.1 2518.64453125 0.0 3159.63671875 2518.64453125 2949.602687026515 66
680 0.1 2499.34375 0.0 3159.63671875 2499.34375 2943.1704757462685 67
690 0.1 2503.83984375 0.0 3159.63671875 2499.34375 2936.643612132353 68
700 0.1 2503.67578125 0.0 3159.63671875 2499.34375 2930.37109375 69
710 0.1 2502.8359375 0.0 3159.63671875 2499.34375 2924.2754464285713 70
720 0.1 2491.671875 0.0 3159.63671875 2491.671875 2918.339678697183 71
730 0.1 2498.33984375 0.0 3159.63671875 2491.671875 2912.4137369791665 72
740 0.1 2505.3515625 0.0 3159.63671875 2491.671875 2906.7414918664385 73
750 0.1 2518.94140625 0.0 3159.63671875 2491.671875 2901.3173036317567 74
760 0.1 2534.9765625 0.0 3159.63671875 2491.671875 2896.2189583333334 75
770 0.1 2542.06640625 0.0 3159.63671875 2491.671875 2891.4657689144738 76
780 0.1 2546.8671875 0.0 3159.63671875 2491.671875 2886.928114853896 77
790 0.1 2549.15625 0.0 3159.63671875 2491.671875 2882.568359375 78
800 0.1 2560.67578125 0.0 3159.63671875 2491.671875 2878.3479529272154 79
810 0.1 2564.3828125 0.0 3159.63671875 2491.671875 2874.37705078125 80
820 0.1 2591.7265625 0.0 3159.63671875 2491.671875 2870.549961419753 81
830 0.1 2624.015625 0.0 3159.63671875 2491.671875 2867.149676067073 82
840 0.1 2676.3125 0.0 3159.63671875 2491.671875 2864.220350150602 83
850 0.1 2735.23828125 0.0 3159.63671875 2491.671875 2861.9833519345234 84
860 0.1 2776.09375 0.0 3159.63671875 2491.671875 2860.492233455882 85
870 0.1 2856.58203125 0.0 3159.63671875 2491.671875 2859.5108557412786 86
880 0.1 2877.1875 0.0 3159.63671875 2491.671875 2859.4771910919535 87
890 0.1 2935.85546875 0.0 3159.63671875 2491.671875 2859.678444602272 88
