0 0.1 0.3984375 0 0.3984375 0.3984375 0 0
10 0.1 0.33984375 0.0 0.3984375 0.33984375 0.3984375 1
20 0.1 0.2890625 0.0 0.3984375 0.2890625 0.369140625 2
30 0.1 0.23828125 0.0 0.3984375 0.23828125 0.3424479166666667 3
40 0.1 0.2109375 0.0 0.3984375 0.2109375 0.31640625 4
50 0.1 0.1796875 0.0 0.3984375 0.1796875 0.2953125 5
60 0.1 0.21875 0.0 0.3984375 0.1796875 0.2760416666666667 6
70 0.1 0.19140625 0.0 0.3984375 0.1796875 0.26785714285714285 7
80 0.1 0.16015625 0.0 0.3984375 0.16015625 0.25830078125 8
90 0.1 0.12890625 0.0 0.3984375 0.12890625 0.24739583333333334 9
100 0.1 0.109375 0.0 0.3984375 0.109375 0.235546875 10
110 0.1 0.1015625 0.0 0.3984375 0.1015625 0.22407670454545456 11
120 0.1 0.078125 0.0 0.3984375 0.078125 0.2138671875 12
130 0.1 0.0703125 0.0 0.3984375 0.0703125 0.20342548076923078 13
140 0.1 0.05859375 0.0 0.3984375 0.05859375 0.19391741071428573 14
150 0.1 0.05078125 0.0 0.3984375 0.05078125 0.18489583333333334 15
160 0.1 0.0390625 0.0 0.3984375 0.0390625 0.176513671875 16
170 0.1 0.109375 0.0 0.3984375 0.0390625 0.1684283088235294 17
180 0.1 0.08984375 0.0 0.3984375 0.0390625 0.16514756944444445 18
190 0.1 0.078125 0.0 0.3984375 0.0390625 0.1611842105263158 19
200 0.1 0.140625 0.0 0.3984375 0.0390625 0.15703125 20
210 0.1 0.12109375 0.0 0.3984375 0.0390625 0.15625 21
220 0.1 0.1015625 0.0 0.3984375 0.0390625 0.15465198863636365 22
230 0.1 0.08984375 0.0 0.3984375 0.0390625 0.15234375 23
240 0.1 0.0703125 0.0 0.3984375 0.0390625 0.14973958333333334 24
250 0.1 0.05859375 0.0 0.3984375 0.0390625 0.1465625 25
260 0.1 0.12890625 0.0 0.3984375 0.0390625 0.14317908653846156 26
270 0.1 0.109375 0.0 0.3984375 0.0390625 0.142650462962963 27
280 0.1 0.08984375 0.0 0.3984375 0.0390625 0.1414620535714286 28
290 0.1 0.16015625 0.0 0.3984375 0.0390625 0.13968211206896555 29
300 0.1 0.21875 0.0 0.3984375 0.0390625 0.14036458333333338 30
310 0.1 0.1796875 0.0 0.3984375 0.0390625 0.14289314516129034 31
320 0.1 0.23046875 0.0 0.3984375 0.0390625 0.14404296875000003 32
330 0.1 0.26953125 0.0 0.3984375 0.0390625 0.14666193181818185 33
340 0.1 0.30859375 0.0 0.3984375 0.0390625 0.15027573529411767 34
350 0.1 0.26171875 0.0 0.3984375 0.0390625 0.15479910714285716 35
360 0.1 0.30078125 0.0 0.3984375 0.0390625 0.15776909722222224 36
370 0.1 0.46875 0.0 0.46875 0.0390625 0.16163429054054057 37
380 0.1 0.46875 0.0 0.46875 0.0390625 0.16971628289473686 38
390 0.1 0.3984375 0.0 0.46875 0.0390625 0.17738381410256412 39
400 0.1 0.48828125 0.0 0.48828125 0.0390625 0.18291015625 40
410 0.1 0.48828125 0.0 0.48828125 0.0390625 0.19035823170731708 41
420 0.1 0.5 0.0 0.5 0.0390625 0.19745163690476192 42
430 0.1 0.578125 0.0 0.578125 0.0390625 0.2044876453488372 43
440 0.1 0.55859375 0.0 0.578125 0.0390625 0.2129794034090909 44
450 0.1 0.55078125 0.0 0.578125 0.0390625 0.22065972222222222 45
460 0.1 0.4609375 0.0 0.578125 0.0390625 0.22783627717391305 46
470 0.1 0.55078125 0.0 0.578125 0.0390625 0.23279587765957446 47
480 0.1 0.62109375 0.0 0.62109375 0.0390625 0.23942057291666666 48
490 0.1 0.671875 0.0 0.671875 0.0390625 0.24720982142857142 49
500 0.1 0.6484375 0.0 0.671875 0.0390625 0.255703125 50
510 0.1 0.69921875 0.0 0.69921875 0.0390625 0.2634037990196078 51
520 0.1 0.75 0.0 0.75 0.0390625 0.2717848557692307 52
530 0.1 0.7109375 0.0 0.75 0.0390625 0.2808077830188679 53
540 0.1 0.671875 0.0 0.75 0.0390625 0.28877314814814814 54
560 0.1 0.71875 0.0 0.75 0.0390625 0.29573863636363634 55
570 0.1 0.76953125 0.0 0.76953125 0.0390625 0.3032924107142857 56
580 0.1 0.80078125 0.0 0.80078125 0.0390625 0.31147203947368424 57
590 0.1 0.9296875 0.0 0.9296875 0.0390625 0.3199084051724138 58
600 0.1 0.859375 0.0 0.9296875 0.0390625 0.3302436440677966 59
610 0.1 0.87890625 0.0 0.9296875 0.0390625 0.3390625 60
620 0.1 0.8984375 0.0 0.9296875 0.0390625 0.34791239754098363 61
630 0.1 0.921875 0.0 0.9296875 0.0390625 0.3567918346774194 62
640 0.1 0.9296875 0.0 0.9296875 0.0390625 0.3657614087301587 63
650 0.1 0.87109375 0.0 0.9296875 0.0390625 0.37457275390625 64
660 0.1 0.890625 0.0 0.9296875 0.0390625 0.38221153846153844 65
670 0.1 0.8984375 0.0 0.9296875 0.0390625 0.3899147727272727 66
680 0.1 1.0 0.0 1.0 0.0390625 0.39750466417910446 67
690 0.1 1.0 0.0 1.0 0.0390625 0.40636488970588236 68
700 0.1 1.0 0.0 1.0 0.0390625 0.4149682971014493 69
710 0.1 0.9296875 0.0 1.0 0.0390625 0.42332589285714284 70
720 0.1 0.94140625 0.0 1.0 0.0390625 0.43045774647887325 71
730 0.1 1.01953125 0.0 1.01953125 0.0390625 0.4375542534722222 72
740 0.1 1.01953125 0.0 1.01953125 0.0390625 0.4455265410958904 73
750 0.1 1.01171875 0.0 1.01953125 0.0390625 0.4532833614864865 74
760 0.1 1.01953125 0.0 1.01953125 0.0390625 0.4607291666666667 75
770 0.1 0.9296875 0.0 1.01953125 0.0390625 0.46808182565789475 76
780 0.1 0.7890625 0.0 1.01953125 0.0390625 0.47407670454545453 77
790 0.1 0.671875 0.0 1.01953125 0.0390625 0.478114983974359 78
800 0.1 0.5703125 0.0 1.01953125 0.0390625 0.4805676424050633 79
810 0.1 0.48046875 0.0 1.01953125 0.0390625 0.481689453125 80
820 0.1 0.41015625 0.0 1.01953125 0.0390625 0.4816743827160494 81
830 0.1 0.421875 0.0 1.01953125 0.0390625 0.48080221036585363 82
840 0.1 0.4296875 0.0 1.01953125 0.0390625 0.4800922439759036 83
850 0.1 0.359375 0.0 1.01953125 0.0390625 0.4794921875 84
860 0.1 0.30859375 0.0 1.01953125 0.0390625 0.47807904411764707 85
870 0.1 0.26171875 0.0 1.01953125 0.0390625 0.4761082848837209 86
880 0.1 0.21875 0.0 1.01953125 0.0390625 0.4736440373563218 87
890 0.1 0.19140625 0.0 1.01953125 0.0390625 0.47074751420454547 88
