10 0.2 2
20 0.4 6
30 0.3 9
40 0.5 14
50 0.7 21
60 1.1 32
70 1 42
80 0.7 49
90 0.9 58
100 0.9 67
110 0.9 76
120 1.6 92
130 1.2 104
140 1 114
150 2.2 136
160 1.2 148
170 2.1 169
180 1.9 188
190 2.6 214
200 2.8 242
210 4.1 283
220 3.4 317
230 3.3 350
240 3.3 383
250 6 443
260 5 493
270 3.5 528
280 6.6 594
290 6 654
300 6.5 719
310 8.8 807
320 8.9 896
330 7.9 975
340 7.5 1050
350 10.3 1153
360 10.8 1261
370 10.2 1363
380 13.3 1496
390 14.8 1644
400 18.3 1827
410 16.8 1995
420 18 2175
430 17 2345
440 18.4 2529
450 20.1 2730
460 22.6 2956
470 27.8 3234
480 23 3464
490 23.9 3703
500 26.7 3970
510 27.3 4243
520 28.8 4531
530 30.5 4836
540 33.2 5168
550 33.2 5500
560 34.6 5846
570 38.4 6230
580 42.5 6655
590 45.8 7113
600 43.2 7545
610 45.7 8002
620 54.5 8547
630 49 9037
640 52.3 9560
650 60.5 10165
660 55.3 10718
670 60.9 11327
680 63.1 11958
690 70.1 12659
700 69.9 13358
710 69 14048
720 63.7 14685
730 64.1 15326
740 59.7 15923
750 49.5 16418
760 41 16828
770 28 17108
780 18.7 17295
790 14.2 17437
800 11.3 17550
810 7.6 17626
820 5.1 17677
830 2.4 17701
840 0.7 17708
850 0.4 17712
860 0.5 17717
870 0 17717
880 0 17717
890 0 17717
892 0 17717
