60 0.1 1
70 0 1
80 0 1
90 0 1
100 0 1
110 0 1
120 0.1 2
130 0 2
140 0 2
150 0 2
160 0 2
170 0 2
180 0.1 3
190 0 3
200 0 3
210 0 3
220 0 3
230 0 3
240 0.1 4
250 0 4
260 0 4
270 0 4
280 0 4
290 0 4
300 0.1 5
310 0 5
320 0 5
330 0 5
340 0 5
350 0 5
360 0.1 6
370 0 6
380 0 6
390 0 6
400 0 6
410 0 6
420 0.1 7
430 0 7
440 0 7
450 0 7
460 0 7
470 0 7
480 0.1 8
490 0 8
500 0 8
510 0 8
520 0 8
530 0 8
540 0.1 9
550 0 9
560 0 9
570 0 9
580 0 9
590 0 9
600 0.1 10
610 0 10
620 0 10
630 0 10
640 0 10
650 0 10
660 0.1 11
670 0 11
680 0 11
690 0 11
700 0 11
710 0 11
720 0 11
730 0 11
740 0 11
750 0 11
760 0 11
770 0 11
780 0 11
790 0 11
800 0 11
810 0 11
820 0 11
830 0 11
840 0 11
850 0 11
860 0 11
870 0 11
880 0 11
890 0 11
892 0 11
