0 6.1 78.20302894467213 107.48936065734463 563.8408203125 6.39599609375 0 0
10 12 59.23088785807292 121.74561992407115 1010.739013671875 4.94091796875 78.20302894467213 61
20 13.1 102.81437671457539 253.507834958036 2103.885986328125 4.18603515625 65.62481385963397 181
30 21.3 160.95775564847415 545.7652139013946 4357.108154296875 4.18603515625 81.23966236603566 312
40 31.6 52.99916714052613 106.85575018666654 4357.108154296875 4.18603515625 113.58243164062499 525
50 35.4 35.37483379126939 89.2795573692448 4357.108154296875 0.8759765625 90.81868421847132 841
60 41.6 30.203080397385822 54.622279584641944 4357.108154296875 0.830810546875 74.39431346430437 1195
70 38.8 49.96350160579093 126.36210612252336 4357.108154296875 0.830810546875 62.9830453352925 1611
80 42.5 23.847113970588243 34.924248695450714 4357.108154296875 0.830810546875 60.45599032426368 1999
90 53 48.610459352889166 127.09961006189235 4357.108154296875 0.81396484375 54.037354824960026 2424
100 52.7 21.63992917605551 25.47262388091147 4357.108154296875 0.81396484375 53.0636735114199 2954
110 47.4 37.72597738660334 103.00737950247498 4357.108154296875 0.81396484375 48.306329855936696 3481
120 57.6 126.62979804144967 408.83840670870535 4357.108154296875 0.81396484375 47.03829266997866 3955
130 60.4 37.331955663415805 92.19783783399711 4357.108154296875 0.658935546875 57.156303505107175 4531
140 65.4 53.50960734422784 131.22588264613333 4357.108154296875 0.658935546875 54.82448148049537 5135
150 76.6 26.167676163715722 31.617587304293735 4357.108154296875 0.654052734375 54.67593636301066 5789
160 74 48.6788231102196 128.97362750228717 4357.108154296875 0.654052734375 51.34453631531274 6555
170 71.7 50.95247293682447 131.50115893933847 4357.108154296875 0.654052734375 51.07412812178718 7295
180 77 34.96106115564123 101.53744895337029 4357.108154296875 0.654052734375 51.06324110635804 8012
190 92.1 53.68964928576274 128.14450066029423 4357.108154296875 0.65185546875 49.651412529490365 8782
200 103.5 174.16217282797402 380.01360591648444 4357.108154296875 0.65185546875 50.034718316620825 9703
210 124 48.40539491714971 106.87558315225367 4357.108154296875 0.626953125 61.99894959053129 10738
220 128 45.15339813232429 110.01007734979002 4357.108154296875 0.626953125 60.591702320954305 11978
230 134.6 66.82725490893151 150.42454679530272 4357.108154296875 0.54296875 59.10120380221495 13258
240 142.5 28.01969983552632 51.29291982822306 4357.108154296875 0.54296875 59.813287121144036 14604
250 156.7 74.95907614196123 161.40404866532748 4357.108154296875 0.54296875 56.98679377271274 16029
260 157.4 71.60027075722677 162.41545420850375 4357.108154296875 0.54296875 58.58730334719628 17596
270 160.8 42.22719319661467 106.23051451316685 4357.108154296875 0.54296875 59.65576504273034 19170
280 182.2 53.55232354341036 112.18619824252443 4357.108154296875 0.54296875 58.306975769048854 20778
290 186.5 65.91815948077245 134.27600605451747 4357.108154296875 0.54296875 57.92365823121199 22600
300 219.9 60.19866540899251 114.85845805102531 4357.108154296875 0.54296875 58.533089861313364 24465
310 236.1 41.30591120188744 77.85425010935127 4357.108154296875 0.54296875 58.67045112103983 26664
320 261.9 77.34850295839902 117.71797990990406 4357.108154296875 0.54296875 57.25795572916666 29025
330 263.6 106.32745074212825 181.87654456410795 4357.108154296875 0.54296875 58.92073992817309 31644
340 242.8 76.86521416401769 141.05054304629695 4357.108154296875 0.54296875 62.56613344350523 34280
350 287.6 199.7129204210222 366.7124611967716 4357.108154296875 0.53515625 63.51192640387911 36708
360 330.6 127.49961599175727 186.24392677749324 4357.108154296875 0.53515625 73.4076938552055 39584
370 323.8 115.91784667968751 174.23608987488387 4357.108154296875 0.53515625 77.57714814719523 42890
380 338.5 478.6098361625284 437.26375926457496 4357.108154296875 0.53515625 80.26851091705757 46128
390 387.7 536.8751774537747 487.03754216074714 4357.108154296875 0.53515625 107.50146763460485 49513
400 411.1 443.6635486822704 431.99048028906645 4357.108154296875 0.529052734375 138.68112436749342 53390
410 448.9 513.9146654278179 542.0482766925439 4357.108154296875 0.529052734375 160.48566248610092 57501
420 464.3 466.94631572183636 509.3970694400201 4357.108154296875 0.529052734375 186.07919038100925 61990
430 521.5 406.839121861517 483.62230314497197 4357.108154296875 0.529052734375 205.65006461686025 66633
440 530.3 412.5420657105208 456.0705812344513 4357.108154296875 0.529052734375 220.25312849519904 71848
450 513.9 386.6441923320753 443.49480992451004 4357.108154296875 0.529052734375 233.47017343373324 77151
460 574.6 399.4973996856504 450.17247346806033 4357.108154296875 0.529052734375 243.0358713693096 82290
470 589.5 406.89572279706056 475.9705787289019 4357.108154296875 0.519775390625 253.24792032321133 88036
480 601.4 413.3396818150231 444.0691696821235 4357.108154296875 0.519775390625 262.8906771935027 93931
490 615.7 406.2531026914863 443.5535020161227 4357.108154296875 0.519775390625 271.94365947169393 99945
500 618.4 451.98577525544755 549.0982892827801 4357.108154296875 0.519775390625 279.73751106642595 106102
510 663 356.85948451345655 389.00165137963535 4357.108154296875 0.519775390625 289.2238518902589 112286
520 656 422.98423186511536 471.6813441572931 4357.108154296875 0.519775390625 292.9947846856086 118916
530 657.6 462.92688805053405 550.4158650868229 4357.108154296875 0.5078125 299.7907518307006 125476
540 696.6 398.8468970168151 435.5112855652962 4357.108154296875 0.5078125 307.9146971839071 132052
550 705.6 555.8562585393864 526.1579302801091 4357.108154296875 0.501953125 312.47118414268965 139018
560 719.3 563.2088316725584 552.4973081468086 4357.108154296875 0.501953125 324.22772592933956 146074
570 779.3 582.3737526992381 608.5865242050301 5659.745849609375 0.501953125 335.4433894029573 153267
580 869.9 472.21903110271325 557.6043159393677 5659.745849609375 0.501953125 347.39128659138345 161060
590 847.5 468.6292309066187 592.7946537735464 5659.745849609375 0.501953125 353.7878637949724 169759
600 870.9 473.3904897961609 467.96251785052857 5659.745849609375 0.501953125 359.24855359754207 178234
610 923.4 458.3459427180636 543.0108019719428 5659.745849609375 0.501953125 364.56601465440843 186943
620 961.8 393.93957415458044 508.18171955235664 5659.745849609375 0.501953125 368.9802113020266 196177
630 971 480.35703695751016 560.0924393123112 5659.745849609375 0.501953125 370.1467078248569 205795
640 968.5 435.22401332904457 462.9160108564264 5659.745849609375 0.501953125 375.11245013189415 215505
650 1007 419.28300434555615 433.4557679262669 5659.745849609375 0.501953125 377.69773584424547 225190
660 1017.3 422.0345377268184 504.2942580464813 5659.745849609375 0.501953125 379.47773947345655 235260
670 1046.3 403.16936935604167 440.97239023837045 5659.745849609375 0.501953125 381.2416844549034 245433
680 1012.7 352.04735050406646 632.1018529194686 5659.745849609375 0.501953125 382.13825715287686 255896
690 1101.1 435.4803888849082 589.1830261769485 5659.745849609375 0.501953125 380.99275239715087 266023
700 1091.6 388.79940448116736 543.8240226682279 5659.745849609375 0.501953125 383.15841930217584 277034
710 1073.2 399.4317577815617 422.81637208375554 5659.745849609375 0.501953125 383.3722654359278 287950
720 964.5 434.80822810859684 460.884881612189 5659.745849609375 0.501953125 383.9493021232854 298682
730 814.4 502.0682584991156 451.974556060576 5659.745849609375 0.501953125 385.54025698980155 308327
740 769.3 509.02216678184624 364.76035902541406 5659.745849609375 0.501953125 388.53896475225645 316471
750 718.7 345.2255157559872 203.13470761285947 5659.745849609375 0.501953125 391.39824978456613 324164
760 631.5 128.90227416122426 169.0470199669244 5659.745849609375 0.501953125 390.3967636280029 331351
770 554.8 74.05573834320921 135.3393255684291 5659.745849609375 0.501953125 385.5063165560954 337666
780 500.5 28.82394002481894 31.03600849065888 5659.745849609375 0.501953125 380.4717672430572 343214
790 429.2 81.01459502462798 159.27956189289924 5659.745849609375 0.501953125 375.41748423372314 348219
800 323.1 259.0924895512954 249.82972329860954 5659.745849609375 0.501953125 371.8329799190055 352511
810 299 35.674847881610496 64.325085158112 5659.745849609375 0.501953125 370.8090228816636 355742
820 208.6 43.2281665015655 96.8982968250136 5659.745849609375 0.501953125 368.0157086993488 358732
830 133.4 102.02671912334844 265.85749374438075 5659.745849609375 0.501953125 366.13801187428857 360818
840 79.4 21.143663843572885 14.937211200678231 5659.745849609375 0.501953125 365.16514836799905 362152
850 39.3 38.54014715529583 105.2248053126952 5659.745849609375 0.501953125 364.4125486459677 362946
860 18.3 28.048579982069683 74.69927569985107 5659.745849609375 0.501953125 364.060073811761 363339
870 8.2 23.906634074885673 15.62459641191383 5659.745849609375 0.501953125 363.8909228295073 363522
880 4.6 20.43900199558424 12.265938385786255 5659.745849609375 0.501953125 363.81424954847114 363604
890 1.3 17.439922626201923 0.5952722631076126 5659.745849609375 0.501953125 363.77081420848094 363650
892 0 0 0 5659.745849609375 0.501953125 363.75843378597284 363663
