10 0.1 391 0 391 391 0 0
20 0.1 611.0 0.0 611 391 391.0 1
30 0.1 579.0 0.0 611 391 501.0 2
40 0.1 1151.0 0.0 1151 391 527.0 3
50 0.1 1432.0 0.0 1432 391 683.0 4
60 0.1 1532.0 0.0 1532 391 832.8 5
70 0.1 1965.0 0.0 1965 391 949.3333333333334 6
80 0.1 1748.0 0.0 1965 391 1094.4285714285713 7
90 0.1 1838.0 0.0 1965 391 1176.125 8
100 0.1 2204.0 0.0 2204 391 1249.6666666666667 9
110 0.1 2043.0 0.0 2204 391 1345.1 10
120 0.1 1986.0 0.0 2204 391 1408.5454545454545 11
130 0.1 3141.0 0.0 3141 391 1456.6666666666667 12
140 0.1 2516.0 0.0 3141 391 1586.2307692307693 13
150 0.1 3261.0 0.0 3261 391 1652.642857142857 14
160 0.1 3268.0 0.0 3268 391 1759.8666666666666 15
170 0.1 3164.0 0.0 3268 391 1854.125 16
180 0.1 3569.0 0.0 3569 391 1931.1764705882354 17
190 0.1 3545.0 0.0 3569 391 2022.1666666666667 18
200 0.1 4974.0 0.0 4974 391 2102.315789473684 19
210 0.1 5387.0 0.0 5387 391 2245.9 20
220 0.1 6519.0 0.0 6519 391 2395.4761904761904 21
230 0.1 6358.0 0.0 6519 391 2582.909090909091 22
240 0.1 6734.0 0.0 6734 391 2747.0434782608695 23
250 0.1 7785.0 0.0 7785 391 2913.1666666666665 24
260 0.1 8114.0 0.0 8114 391 3108.04 25
270 0.1 7776.0 0.0 8114 391 3300.576923076923 26
280 0.1 8544.0 0.0 8544 391 3466.3333333333335 27
290 0.1 10354.0 0.0 10354 391 3647.6785714285716 28
300 0.1 10038.0 0.0 10354 391 3878.9310344827586 29
310 0.1 13231.0 0.0 13231 391 4084.233333333333 30
320 0.1 12888.0 0.0 13231 391 4379.290322580645 31
330 0.1 13983.0 0.0 13983 391 4645.1875 32
340 0.1 14843.0 0.0 14843 391 4928.151515151515 33
350 0.1 16121.0 0.0 16121 391 5219.764705882353 34
360 0.1 17111.0 0.0 17111 391 5531.228571428572 35
370 0.1 19773.0 0.0 19773 391 5852.888888888889 36
380 0.1 20357.0 0.0 20357 391 6229.108108108108 37
390 0.1 23360.0 0.0 23360 391 6600.894736842105 38
400 0.1 25317.0 0.0 25317 391 7030.615384615385 39
410 0.1 24371.0 0.0 25317 391 7487.775 40
420 0.1 24464.0 0.0 25317 391 7899.5609756097565 41
430 0.1 27249.0 0.0 27249 391 8293.952380952382 42
440 0.1 27357.0 0.0 27357 391 8734.767441860466 43
450 0.1 29932.0 0.0 29932 391 9158.0 44
460 0.1 29730.0 0.0 29932 391 9619.644444444444 45
470 0.1 29351.0 0.0 29932 391 10056.826086956522 46
480 0.1 31481.0 0.0 31481 391 10467.340425531915 47
490 0.1 30766.0 0.0 31481 391 10905.125 48
500 0.1 31610.0 0.0 31610 391 11310.448979591836 49
510 0.1 34466.0 0.0 34466 391 11716.44 50
520 0.1 31818.0 0.0 34466 391 12162.509803921568 51
530 0.1 32122.0 0.0 34466 391 12540.5 52
540 0.1 34030.0 0.0 34466 391 12909.962264150943 53
560 0.1 32798.0 0.0 34466 391 13301.074074074075 54
570 0.1 31652.0 0.0 34466 391 13655.563636363637 55
580 0.1 36282.0 0.0 36282 391 13976.92857142857 56
590 0.1 33774.0 0.0 36282 391 14368.245614035088 57
600 0.1 35145.0 0.0 36282 391 14702.827586206897 58
610 0.1 35623.0 0.0 36282 391 15049.305084745763 59
620 0.1 35275.0 0.0 36282 391 15392.2 60
630 0.1 34959.0 0.0 36282 391 15718.147540983606 61
640 0.1 36784.0 0.0 36784 391 16028.483870967742 62
650 0.1 40367.0 0.0 40367 391 16357.936507936507 63
660 0.1 37454.0 0.0 40367 391 16733.078125 64
670 0.1 39691.0 0.0 40367 391 17051.861538461537 65
680 0.1 37607.0 0.0 40367 391 17394.878787878788 66
690 0.1 34681.0 0.0 40367 391 17696.55223880597 67
700 0.1 40326.0 0.0 40367 391 17946.323529411766 68
710 0.1 37764.0 0.0 40367 391 18270.666666666668 69
720 0.1 39253.0 0.0 40367 391 18549.14285714286 70
730 0.1 36627.0 0.0 40367 391 18840.74647887324 71
740 0.1 33587.0 0.0 40367 391 19087.777777777777 72
750 0.1 37232.0 0.0 40367 391 19286.397260273974 73
760 0.1 30393.0 0.0 40367 391 19528.905405405407 74
770 0.1 22785.0 0.0 40367 391 19673.76 75
780 0.1 16692.0 0.0 40367 391 19714.69736842105 76
790 0.1 15841.0 0.0 40367 391 19675.441558441555 77
800 0.1 14136.0 0.0 40367 391 19626.282051282047 78
810 0.1 10765.0 0.0 40367 391 19556.78481012658 79
820 0.1 7289.0 0.0 40367 391 19446.8875 80
830 0.1 4466.0 0.0 40367 391 19296.79012345679 81
840 0.1 2622.0 0.0 40367 391 19115.926829268294 82
850 0.1 1166.0 0.0 40367 391 18917.204819277107 83
860 0.1 614.0 0.0 40367 391 18705.880952380954 84
870 0.1 236.0 0.0 40367 236 18493.03529411765 85
880 0.1 147.0 0.0 40367 147 18280.744186046515 86
890 0.1 23.0 0.0 40367 23 18072.31034482759 87
