0 7.1 67.17603570642606 98.79080361455262 548.23486328125 6.39599609375 0 0
10 13.3 53.43455195606203 115.80947438824442 1010.739013671875 4.94091796875 67.17603570642606 71
20 14.3 94.18079210828235 241.98922602367423 2103.885986328125 4.18603515625 58.21712718290441 204
30 22.9 149.70716344841702 517.5271375244624 4056.010009765625 4.18603515625 73.03788823284403 347
40 35 47.843311244419645 101.19584183767937 4056.010009765625 4.18603515625 103.5192493862576 576
50 39 32.10330153245187 84.26559236760893 4056.010009765625 0.8759765625 82.4754282743318 926
60 44.1 28.48695093271685 52.08161296107905 4056.010009765625 0.830810546875 67.54751837362271 1316
70 41.7 46.483973953649596 121.7068190849997 4056.010009765625 0.830810546875 57.74347156574594 1757
80 45.2 22.41869036919247 31.974148352086974 4056.010009765625 0.830810546875 55.583761122211364 2174
90 55.7 46.25128601183797 123.41732378961042 4056.010009765625 0.81396484375 49.87522647622335 2626
100 56.5 20.180174052820792 21.976141360606345 4056.010009765625 0.81396484375 49.24106535820177 3183
110 51.3 34.853476600572584 97.82925014501697 4056.010009765625 0.81396484375 44.86022128468517 3748
120 62.4 116.88333403758526 392.59604333574674 4056.010009765625 0.81396484375 43.655466526893626 4261
130 65.1 34.63275549635179 88.23125620504182 4056.010009765625 0.658935546875 53.00944591822864 4885
140 71.2 49.14623543385708 125.60760307996631 4056.010009765625 0.658935546875 50.84845865944219 5536
150 83.4 24.030199961124865 28.034198619680335 4056.010009765625 0.654052734375 50.654479316193694 6248
160 79.6 45.250540728545076 123.98545855013086 4056.010009765625 0.654052734375 47.51911515605144 7082
170 78.6 46.47532968302718 125.566420957179 4056.010009765625 0.654052734375 47.289896414709084 7878
180 82.4 32.66688433897153 97.78961353173295 4056.010009765625 0.654052734375 47.2159987402975 8664
190 101.3 48.80917819325333 120.37301710228473 4056.010009765625 0.65185546875 45.9524584508063 9488
200 115.7 155.79175648734613 358.34498532211086 4056.010009765625 0.65185546875 46.22803764317835 10501
210 138.7 43.2701608758224 100.63447533296525 4056.010009765625 0.626953125 57.1017057425695 11658
220 137.1 42.15303165316152 105.959134232449 4056.010009765625 0.626953125 55.63107693994947 13045
230 148.1 60.71835799027266 142.62721216138522 4056.010009765625 0.54296875 54.34927893161247 14416
240 157.2 25.395233853172723 47.26921706897124 4056.010009765625 0.54296875 54.94263655165875 15897
250 171.8 68.36639922989116 153.20092870836214 4056.010009765625 0.54296875 52.283725506835346 17469
260 170 66.28877699908085 155.9266016987111 4056.010009765625 0.54296875 53.723764775934725 19187
270 175.8 38.67790907858724 100.69178630549783 4056.010009765625 0.54296875 54.74643537388314 20887
280 200.3 50.02753889185754 111.36532774231098 4056.010009765625 0.54296875 53.49898696464798 22645
290 206.5 58.29920704543722 120.2884532352901 4056.010009765625 0.54296875 53.216882514396474 24648
300 246.2 53.678735728384005 104.71227574239505 4056.010009765625 0.54296875 53.609762391482505 26713
310 265.3 36.74890030890732 71.67193618099257 4056.010009765625 0.54296875 53.61558286639087 29175
320 292.1 69.34511320903594 105.63950510527859 4056.010009765625 0.54296875 52.20967269845685 31828
330 289.2 96.89989060946672 165.1111628348121 4056.010009765625 0.54296875 53.65007736424296 34749
340 267.2 70.86561812897648 131.73065912178748 4056.010009765625 0.54296875 56.97300873974273 37641
350 315.4 181.23407450732233 333.1127810198312 4056.010009765625 0.53515625 57.89382962352793 40313
360 363.1 116.31529682551295 168.04460258298562 4056.010009765625 0.53515625 66.84349563138417 43467
370 368.5 101.80833377501703 148.5248483402238 4056.010009765625 0.53515625 70.6575028107948 47098
380 383 424.3937863342445 359.9889713556249 4056.010009765625 0.53515625 72.91792090549498 50783
390 438.5 477.0778475649408 396.7357899779142 4056.010009765625 0.53515625 97.5668609855512 54613
400 464.4 392.09410438241855 343.1261719269165 4056.010009765625 0.529052734375 125.77384556385256 58998
410 494 468.7133539979755 466.976763951319 4056.010009765625 0.529052734375 145.2074158783213 63642
420 509.3 422.87711980023096 429.3947392767445 4056.010009765625 0.529052734375 168.5097303968698 68582
430 570.1 372.75660537213815 417.13086935453913 4056.010009765625 0.529052734375 186.09362064771906 73675
440 584.4 374.05339886863186 390.90739582800404 4056.010009765625 0.529052734375 199.50026341019026 79376
450 567.5 351.0409350478387 376.1404379340994 4056.010009765625 0.529052734375 211.47032353245186 85220
460 632 363.44079578254895 389.6908450459553 4056.010009765625 0.529052734375 220.18436963344553 90895
470 648 369.85039616337514 417.26278949176674 4056.010009765625 0.519775390625 229.49754777737738 97215
480 656.1 379.30468243931915 389.9717714340375 4056.010009765625 0.519775390625 238.26833188019108 103695
490 684.7 365.2779145049267 379.2467176273334 4056.010009765625 0.519775390625 246.6609771422942 110256
500 678.2 411.2909904981707 491.26730469621407 4056.010009765625 0.519775390625 253.5964968994477 117103
510 725.9 326.25924899128296 332.0921657566079 4056.010009765625 0.519775390625 262.229374613348 123885
520 728.1 381.4790999731213 409.9893529063548 4056.010009765625 0.519775390625 265.7735158482458 131144
530 727.8 417.4063884738256 487.9927593531303 4056.010009765625 0.5078125 271.8595000130514 138425
540 769.9 364.7330141673242 387.032640528037 4056.010009765625 0.5078125 279.1297020968624 145703
550 785.1 496.561088331702 448.45781130717694 4056.010009765625 0.501953125 283.4259948416146 153402
560 811.4 500.87884378562495 476.528363895627 4056.010009765625 0.501953125 293.80300251893334 161253
570 882.8 513.9613174555997 538.9605666136395 5659.745849609375 0.501953125 303.7235500638384 169367
580 980 418.60413743622433 484.3819192741871 5659.745849609375 0.501953125 314.13898826656276 178195
590 946.7 419.9555552397874 522.7545184166623 5659.745849609375 0.501953125 319.5846568314857 187995
600 973.5 423.4158231213087 400.17836813936736 5659.745849609375 0.501953125 324.39677913973435 197462
610 1040.6 406.1890662444596 470.45897559650217 5659.745849609375 0.501953125 329.0491167370964 207197
620 1084.4 349.07515577810784 439.1068131770637 5659.745849609375 0.501953125 332.7380287216445 217603
630 1089.8 428.05966722499375 491.75298027572984 5659.745849609375 0.501953125 333.51352503282516 228447
640 1091 386.5213759550811 397.01816447032627 5659.745849609375 0.501953125 337.81845664873634 239345
650 1130.1 373.4895798119713 374.7615201183658 5659.745849609375 0.501953125 339.9416863529669 250255
660 1148.3 373.74739405449225 441.33234398562456 5659.745849609375 0.501953125 341.3911837607121 261556
670 1194.8 353.1490594782788 379.02489047413286 5659.745849609375 0.501953125 342.75196505130975 273039
680 1154.6 314.5458528699399 580.9520815871192 5659.745849609375 0.501953125 343.1878603174567 284987
690 1255 376.1238627910241 496.21541844837077 5659.745849609375 0.501953125 342.07263665604626 296533
700 1238.4 345.25177068981395 483.0319761747573 5659.745849609375 0.501953125 343.45525196647736 309083
710 1217.2 349.4052267234433 355.0242527795416 5659.745849609375 0.501953125 343.52445996564927 321467
720 1089.2 385.1476002895244 394.8076582744573 5659.745849609375 0.501953125 343.73900530649934 333639
730 896.4 455.5763951803306 387.200680891872 5659.745849609375 0.501953125 345.0480962636414 344531
740 800.7 486.72356091496124 332.5674467311217 5659.745849609375 0.501953125 347.85089593970247 353495
750 727.1 341.0216651216631 194.57428140122803 5659.745849609375 0.501953125 350.92682201606414 361502
760 631.9 128.82062433082535 168.69478933407143 5659.745849609375 0.501953125 350.7315246494478 368773
770 554.9 74.04238103501163 135.32611416631084 5659.745849609375 0.501953125 346.9930951998371 375092
780 500.5 28.82394002481894 31.03600849065888 5659.745849609375 0.501953125 343.014008572541 380641
790 429.2 81.01459502462798 159.27956189289924 5659.745849609375 0.501953125 338.93637962505716 385646
800 323.1 259.0924895512954 249.82972329860954 5659.745849609375 0.501953125 336.09746600416094 389938
810 299 35.674847881610496 64.325085158112 5659.745849609375 0.501953125 335.464651415729 393169
820 208.6 43.2281665015655 96.8982968250136 5659.745849609375 0.501953125 333.2019954806953 396159
830 133.4 102.02671912334844 265.85749374438075 5659.745849609375 0.501953125 331.68311788712737 398245
840 79.4 21.143663843572885 14.937211200678231 5659.745849609375 0.501953125 330.91640683386663 399579
850 39.3 38.54014715529583 105.2248053126952 5659.745849609375 0.501953125 330.30208079805925 400373
860 18.3 28.048579982069683 74.69927569985107 5659.745849609375 0.501953125 330.0159725954632 400766
870 8.2 23.906634074885673 15.62459641191383 5659.745849609375 0.501953125 329.8781494986398 400949
880 4.6 20.43900199558424 12.265938385786255 5659.745849609375 0.501953125 329.81558659386496 401031
890 1.3 17.439922626201923 0.5952722631076126 5659.745849609375 0.501953125 329.78010382399407 401077
892 0 0 0 5659.745849609375 0.501953125 329.7699803545594 401090
