10 0.1 334 0 334 334 0 0
20 0.1 479.0 0.0 479 334 334.0 1
30 0.1 495.0 0.0 495 334 406.5 2
40 0.1 958.0 0.0 958 334 436.0 3
50 0.1 1181.0 0.0 1181 334 566.5 4
60 0.1 1221.0 0.0 1221 334 689.4 5
70 0.1 1529.0 0.0 1529 334 778.0 6
80 0.1 1380.0 0.0 1529 334 885.2857142857143 7
90 0.1 1541.0 0.0 1541 334 947.125 8
100 0.1 1763.0 0.0 1763 334 1013.1111111111111 9
110 0.1 1818.0 0.0 1818 334 1088.1 10
120 0.1 1703.0 0.0 1818 334 1154.4545454545455 11
130 0.1 2394.0 0.0 2394 334 1200.1666666666667 12
140 0.1 2109.0 0.0 2394 334 1292.0 13
150 0.1 2720.0 0.0 2720 334 1350.357142857143 14
160 0.1 2967.0 0.0 2967 334 1441.6666666666667 15
170 0.1 2738.0 0.0 2967 334 1537.0 16
180 0.1 3021.0 0.0 3021 334 1607.6470588235295 17
190 0.1 3231.0 0.0 3231 334 1686.1666666666667 18
200 0.1 4066.0 0.0 4066 334 1767.4736842105262 19
210 0.1 4538.0 0.0 4538 334 1882.4 20
220 0.1 5415.0 0.0 5415 334 2008.857142857143 21
230 0.1 5408.0 0.0 5415 334 2163.681818181818 22
240 0.1 5698.0 0.0 5698 334 2304.7391304347825 23
250 0.1 6472.0 0.0 6472 334 2446.125 24
260 0.1 6516.0 0.0 6516 334 2607.16 25
270 0.1 6454.0 0.0 6516 334 2757.5 26
280 0.1 7285.0 0.0 7285 334 2894.4074074074074 27
290 0.1 8381.0 0.0 8381 334 3051.214285714286 28
300 0.1 8166.0 0.0 8381 334 3235.0 29
310 0.1 10772.0 0.0 10772 334 3399.366666666667 30
320 0.1 10438.0 0.0 10772 334 3637.1935483870966 31
330 0.1 11112.0 0.0 11112 334 3849.71875 32
340 0.1 11712.0 0.0 11712 334 4069.787878787879 33
350 0.1 12247.0 0.0 12247 334 4294.558823529412 34
360 0.1 13673.0 0.0 13673 334 4521.771428571428 35
370 0.1 15528.0 0.0 15528 334 4775.972222222223 36
380 0.1 15833.0 0.0 15833 334 5066.5675675675675 37
390 0.1 17738.0 0.0 17738 334 5349.894736842105 38
400 0.1 19028.0 0.0 19028 334 5667.538461538462 39
410 0.1 18753.0 0.0 19028 334 6001.55 40
420 0.1 18302.0 0.0 19028 334 6312.5609756097565 41
430 0.1 21026.0 0.0 21026 334 6598.023809523809 42
440 0.1 21216.0 0.0 21216 334 6933.558139534884 43
450 0.1 23115.0 0.0 23115 334 7258.159090909091 44
460 0.1 22947.0 0.0 23115 334 7610.533333333334 45
470 0.1 22757.0 0.0 23115 334 7943.934782608696 46
480 0.1 23915.0 0.0 23915 334 8259.106382978724 47
490 0.1 24147.0 0.0 24147 334 8585.270833333334 48
500 0.1 24277.0 0.0 24277 334 8902.857142857143 49
510 0.1 26266.0 0.0 26266 334 9210.34 50
520 0.1 24569.0 0.0 26266 334 9544.764705882353 51
530 0.1 24815.0 0.0 26266 334 9833.692307692309 52
540 0.1 26261.0 0.0 26266 334 10116.358490566037 53
560 0.1 25597.0 0.0 26266 334 10415.333333333334 54
570 0.1 25787.0 0.0 26266 334 10691.363636363636 55
580 0.1 29087.0 0.0 29087 334 10960.92857142857 56
590 0.1 27575.0 0.0 29087 334 11278.929824561403 57
600 0.1 28267.0 0.0 29087 334 11559.896551724138 58
610 0.1 28632.0 0.0 29087 334 11843.06779661017 59
620 0.1 29003.0 0.0 29087 334 12122.883333333333 60
630 0.1 29576.0 0.0 29576 334 12399.606557377048 61
640 0.1 30019.0 0.0 30019 334 12676.645161290322 62
650 0.1 31482.0 0.0 31482 334 12951.920634920634 63
660 0.1 30387.0 0.0 31482 334 13241.453125 64
670 0.1 32530.0 0.0 32530 334 13505.23076923077 65
680 0.1 31741.0 0.0 32530 334 13793.484848484848 66
690 0.1 31989.0 0.0 32530 334 14061.358208955224 67
700 0.1 3.38e4 0.0 33800 334 14325.0 68
710 0.1 32619.0 0.0 33800 334 14607.246376811594 69
720 0.1 32339.0 0.0 33800 334 14864.557142857142 70
730 0.1 28729.0 0.0 33800 334 15110.676056338029 71
740 0.1 26002.0 0.0 33800 334 15299.819444444445 72
750 0.1 27780.0 0.0 33800 334 15446.424657534246 73
760 0.1 24566.0 0.0 33800 334 15613.094594594595 74
770 0.1 20227.0 0.0 33800 334 15732.466666666667 75
780 0.1 16877.0 0.0 33800 334 15791.605263157895 76
790 0.1 14767.0 0.0 33800 334 15805.701298701299 77
800 0.1 12077.0 0.0 33800 334 15792.384615384615 78
810 0.1 9902.0 0.0 33800 334 15745.354430379746 79
820 0.1 6923.0 0.0 33800 334 15672.3125 80
830 0.1 4335.0 0.0 33800 334 15564.296296296296 81
840 0.1 2673.0 0.0 33800 334 15427.353658536585 82
850 0.1 1291.0 0.0 33800 334 15273.686746987953 83
860 0.1 647.0 0.0 33800 334 15107.22619047619 84
870 0.1 257.0 0.0 33800 257 14937.105882352942 85
880 0.1 161.0 0.0 33800 161 14766.406976744185 86
890 0.1 43.0 0.0 33800 43 14598.528735632184 87
