10 0.1 16869.927001953125 0 16869.927001953125 16869.927001953125 0 0
20 0.1 22380.93896484375 0.0 22380.93896484375 16869.927001953125 16869.927001953125 1
30 0 0 0 22380.93896484375 16869.927001953125 19625.432983398438 2
40 0.1 30598.92919921875 0.0 30598.92919921875 16869.927001953125 19625.432983398438 2
50 0.4 42117.05505371094 10141.379783840783 54325.1611328125 16869.927001953125 23283.265055338543 3
60 0.7 40834.54645647322 18430.805999584463 64830.03515625 16869.927001953125 34045.4307686942 7
70 0.6 39692.422119140625 19228.632243229433 68941.22387695313 16283.964111328125 37439.98861258371 14
80 1 58463.528588867186 19975.88899087846 81932.57397460938 16283.964111328125 38115.71866455078 20
90 0.9 53422.244656032984 21767.558186741295 89764.52001953125 16283.964111328125 44898.32197265625 30
100 1.1 63312.476251775566 21281.03771840061 89764.52001953125 16283.964111328125 46865.3810534355 39
110 1.2 74036.83026123047 12823.602521854642 95564.35498046875 16283.964111328125 50483.74199707031 50
120 0.9 57244.490424262156 19510.44627219514 95564.35498046875 16283.964111328125 55042.40424174647 62
130 1.3 51245.889685997594 28039.966672740073 99485.64990234375 16283.964111328125 55321.54192685409 71
140 0.9 55369.243136935766 18592.918868391025 99485.64990234375 16283.964111328125 54690.786222912015 84
150 0.9 65329.01410590278 23531.902374291218 104373.39111328125 16283.964111328125 54756.44334362399 93
160 1.7 64945.90201344209 24802.91557297612 104373.39111328125 16265.94921875 55689.3172344133 102
170 1.7 67389.20168887867 23922.37629557809 108421.24487304688 16265.94921875 57011.68648856027 119
180 2 66421.04150390625 29356.547860493047 145557.44287109375 16265.94921875 58308.87588860007 136
190 1.6 73321.21549987793 26509.499155966947 145557.44287109375 16265.94921875 59348.89712133163 156
200 2 50559.3558227539 26474.34059444059 145557.44287109375 16265.94921875 60648.647668173144 172
210 2.2 65489.356689453125 27656.556801536906 145557.44287109375 15519.93701171875 59597.67976760864 192
220 2.9 59729.41297649514 32863.47688774788 145557.44287109375 15519.93701171875 60203.36618013471 214
230 2.1 58776.42130533854 37774.77137482326 162872.8701171875 13860.847900390625 60146.80386365098 243
240 2.7 65018.36431206598 28199.5858042452 162872.8701171875 13860.847900390625 60037.79616014885 264
250 3.9 62575.06181765825 31678.95252370648 162872.8701171875 13860.847900390625 60499.91073094529 291
260 4.7 54766.89304562833 26048.153250161497 162872.8701171875 13860.847900390625 60745.155859375 330
270 3 68237.36500651042 21194.72913243677 162872.8701171875 13860.847900390625 59999.85519028722 377
280 4.7 65560.8046615276 30727.461864848105 162872.8701171875 11720.946044921875 60607.04264602849 407
290 4.4 60372.08054421165 25160.520041544485 162872.8701171875 11720.946044921875 61119.877039703504 454
300 3.6 55921.68672688802 27449.658657406802 162872.8701171875 11720.946044921875 61053.80666660784 498
310 4.9 61098.33026745854 36590.073438256346 163594.27490234375 11720.946044921875 60707.82105269414 534
320 4.8 58430.75308227539 31382.38566746826 163594.27490234375 11720.946044921875 60740.642581893895 583
330 4.9 58460.046865035074 27717.946085328163 163594.27490234375 11720.946044921875 60564.92990997363 631
340 5.6 62978.99535696847 28400.021780361032 163594.27490234375 11720.946044921875 60413.25451408835 680
350 6.1 61893.83440061475 27948.78764314084 163594.27490234375 11720.946044921875 60608.47392604662 736
360 8.3 63298.24283461973 25132.505193160563 163594.27490234375 11720.946044921875 60706.851578428876 797
370 5.7 62342.55011307566 28133.569762521347 163594.27490234375 11720.946044921875 60951.26689009233 880
380 6.6 68329.36698035037 30418.902609951976 163594.27490234375 11720.946044921875 61035.90204880103 937
390 8.1 66898.14022111303 30409.580613499267 163594.27490234375 11720.946044921875 61515.830947586925 1003
400 8.9 63937.216755727684 35628.074161244636 169804.14404296875 8909.39794921875 61918.01457411425 1084
410 9.1 58463.5199712397 29641.76178145071 169804.14404296875 5755.343994140625 62071.21917271919 1173
420 7.6 67680.74789589329 34528.81108049483 169804.14404296875 5755.343994140625 61811.48766375192 1264
430 11 74725.53159623576 37735.65393983642 169804.14404296875 4134.659912109375 62144.37107990322 1340
440 11.6 71443.96283590385 32866.58961042773 169804.14404296875 4134.659912109375 63098.803946659486 1450
450 13.7 75790.08810447081 34436.55587627646 169804.14404296875 4134.659912109375 63716.96386438129 1566
460 14.3 79648.70388303108 34440.91693505374 169991.20288085938 4134.659912109375 64688.201692268696 1703
470 16.7 77322.92441289291 37716.28521722733 190228.05981445313 4134.659912109375 65847.11383380662 1846
480 16.5 78113.88638731059 35713.55267329197 190228.05981445313 4134.659912109375 66799.15574473927 2013
490 15 88121.26836914063 38733.054697351196 190307.74291992188 4134.659912109375 67656.33230857043 2178
500 17.8 74911.96988017908 35503.908866342266 190307.74291992188 4134.659912109375 68974.94932278243 2328
510 16.8 76003.01867530459 39880.10495469946 204544.0458984375 4134.659912109375 69396.65309740997 2506
520 18.2 81445.13203312804 40281.36200260569 204544.0458984375 4134.659912109375 69811.71271486933 2674
530 20.1 79500.71900993082 37968.413977032396 204544.0458984375 4134.659912109375 70553.05806358189 2856
540 21 77477.76370558963 39394.582825288075 204544.0458984375 4134.659912109375 71141.37335642328 3057
550 21.2 79904.2641497918 40426.1812149654 204544.0458984375 4134.659912109375 71548.67117501065 3267
560 22.8 75769.75618275431 38680.09611198526 204544.0458984375 4134.659912109375 72057.83636921979 3479
570 19.9 82029.14735911001 39174.07393143093 206509.77001953125 4134.659912109375 72286.13896363195 3707
580 24.3 73972.3656643839 41672.13122829988 206509.77001953125 4134.659912109375 72782.51855162482 3906
590 29.5 72783.66071156645 41331.32004884424 208298.8349609375 4134.659912109375 72852.20590963891 4149
600 28.9 75197.02023325991 40056.23539831225 208298.8349609375 4134.659912109375 72847.65576710261 4444
610 28.3 78507.8426638762 41095.97443255708 208298.8349609375 4134.659912109375 72991.10946047245 4733
620 33.8 73645.37554462135 38062.66330232667 208298.8349609375 4134.659912109375 73302.36055627851 5016
630 34.1 75336.76462982269 42086.12909647219 208298.8349609375 4134.659912109375 73324.01521934535 5354
640 33.1 75686.83448519526 39452.376166935086 208298.8349609375 4134.659912109375 73444.53278720712 5695
650 37.2 73938.99191973293 39022.581823919776 208298.8349609375 4134.659912109375 73567.69937566282 6026
660 38.4 77842.2662862142 40442.71284455026 213550.22705078125 4134.659912109375 73589.28750107608 6398
670 36.7 75438.25774930278 39258.79644923046 213550.22705078125 4134.659912109375 73830.09314152035 6782
680 45.8 72547.81440355058 35302.34998229979 213550.22705078125 4134.659912109375 73912.64964047911 7149
690 43.2 73084.92551337351 37712.22841155272 213550.22705078125 4134.659912109375 73830.47604530187 7607
700 46.9 73861.40065142357 36855.07795422044 213550.22705078125 4134.659912109375 73790.41163059941 8039
710 44 72434.42712013927 38121.11816584133 213550.22705078125 4134.659912109375 73794.32487116905 8508
720 43.6 73167.71753937607 37468.130831653194 213550.22705078125 4134.659912109375 73727.45461966559 8948
730 40.8 75015.93666226247 35740.85087623151 213550.22705078125 4134.659912109375 73701.44808012954 9384
740 40.2 76851.5622922984 37103.04895375146 213550.22705078125 4134.659912109375 73756.21843771842 9792
750 41 76385.83928818125 33376.19535107941 213550.22705078125 4134.659912109375 73878.28320420273 10194
760 38.3 85016.14006978725 30190.68454590786 213550.22705078125 4134.659912109375 73975.23699469982 10604
770 31.3 94308.5759612745 29370.20777409031 213550.22705078125 4134.659912109375 74360.11602243791 10987
780 22.4 101871.49162183485 29710.382392381172 213550.22705078125 4134.659912109375 74912.67070923932 11300
790 21.3 110057.54249422313 28036.673030489146 213550.22705078125 4134.659912109375 75436.68805429498 11524
800 19.4 116388.49370771585 24396.235014271144 229191.01000976563 4134.659912109375 76064.97824733448 11737
810 16.7 120760.88626263099 23548.972978472615 229191.01000976563 4134.659912109375 76720.64516538946 11931
820 13.8 126660.99211496547 18991.75866583767 229191.01000976563 4134.659912109375 77328.57377038528 12098
830 10 136684.08278564466 18860.604597070032 229191.01000976563 4134.659912109375 77884.95442840685 12236
840 7.4 146239.2813555743 19206.6740573299 229191.01000976563 4134.659912109375 78361.60105905891 12336
850 3.8 150650.94409179685 15587.534093955983 229191.01000976563 4134.659912109375 78766.35112690277 12410
860 2.6 156079.9137056791 14809.847099852006 229191.01000976563 4134.659912109375 78985.79316840871 12448
870 0.5 160512.74404296876 5292.335345970502 229191.01000976563 4134.659912109375 79146.48317433856 12474
880 0.6 179414.40897623697 14327.873849935568 229191.01000976563 4134.659912109375 79179.08444882715 12479
890 0.3 199013.6873372396 15123.82226009833 229191.01000976563 4134.659912109375 79227.25520951314 12485
892 0 0 0 229191.01000976563 4134.659912109375 79256.03157853807 12488
