0 255.71796875 255.71796875
10 503.45625 759.17421875
20 487.9859375 1247.16015625
30 756.6921875 2003.85234375
40 1171.68046875 3175.5328125
50 1329.28203125 4504.81484375
60 1596.8125 6101.62734375
70 1560.78203125 7662.409375
80 1417.85859375 9080.26796875
90 1963.6140625 11043.88203125
100 1794.49921875 12838.38125
110 1652.346875 14490.728125
120 2277.2421875 16767.9703125
130 2337.46875 19105.4390625
140 2437.4046875 21542.84375
150 2935.1 24477.94375
160 2809.484375 27287.428125
170 2818.771875 30106.2
180 2973.37890625 33079.57890625
190 3768.41953125 36847.9984375
200 4506.8 41354.7984375
210 5205.30546875 46560.10390625
220 4973.503125 51533.60703125
230 5516.91015625 57050.5171875
240 5751.771875 62802.2890625
250 6878.790625 69681.0796875
260 6847.86015625 76528.93984375
270 6551.525 83080.46484375
280 8123.8265625 91204.29140625
290 8132.2953125 99336.58671875
300 9757.0328125 109093.61953125
310 10453.15234375 119546.771875
320 11988.70234375 131535.47421875
330 11284.4984375 142819.97265625
340 10995.26171875 153815.234375
350 13138.3078125 166953.5421875
360 14714.91796875 181668.46015625
370 14549.53828125 196217.9984375
380 15834.2671875 212052.265625
390 17497.18828125 229549.45390625
400 18579.93359375 248129.3875
410 17122.73984375 265252.12734375
420 18780.715625 284032.84296875
430 19630.96015625 303663.803125
440 20175.146875 323838.95
450 19516.02734375 343354.97734375
460 20303.93515625 363658.9125
470 19841.30859375 383500.22109375
480 21182.71015625 404682.93125
490 21325.909375 426008.840625
500 20694.996875 446703.8375
510 22817.56015625 469521.39765625
520 20440.5390625 489961.93671875
530 21071.07109375 511033.0078125
540 21778.046875 532811.0546875
550 20849.25 553660.3046875
560 19362.59296875 573022.89765625
570 21863.54765625 594886.4453125
580 20022.95546875 614909.40078125
590 18553.60234375 633463.003125
600 22137.92265625 655600.92578125
610 20573.06953125 676173.9953125
620 18595.2734375 694769.26875
630 21410.415625 716179.684375
640 22233.84609375 738413.53046875
650 22895.05703125 761308.5875
660 20702.7171875 782011.3046875
670 22176.9171875 804188.221875
680 15412.73203125 819600.95390625
690 22319.6625 841920.61640625
700 19417.7375 861338.35390625
710 23193.4125 884531.76640625
720 21295.5296875 905827.29609375
730 21524.02578125 927351.321875
740 22635.5359375 949986.8578125
750 23376.4734375 973363.33125
760 18234.76484375 991598.09609375
770 15058.8390625 1006656.93515625
780 12759.12734375 1019416.0625
790 10727.6328125 1030143.6953125
800 8215.0515625 1038358.746875
810 7452.11953125 1045810.86640625
820 5305.7828125 1051116.64921875
830 3122.99453125 1054239.64375
840 1669.2671875 1055908.9109375
850 886.25546875 1056795.16640625
860 441.0671875 1057236.23359375
870 159.9828125 1057396.21640625
880 67.84140625 1057464.0578125
890 8.88671875 1057472.94453125
892 0 1057472.94453125
