0 37.08203125 37.08203125
10 73.28984375 110.371875
20 83.4109375 193.7828125
30 126.8 320.5828125
40 194.921875 515.5046875
50 223.85859375 739.36328125
60 244.215625 983.57890625
70 234.0796875 1217.65859375
80 254.79921875 1472.4578125
90 312.65859375 1785.11640625
100 319.81640625 2104.9328125
110 295.4703125 2400.403125
120 344.60703125 2745.01015625
130 363.190625 3108.20078125
140 406.190625 3514.39140625
150 468.5265625 3982.91796875
160 451.36171875 4434.2796875
170 445.896875 4880.1765625
180 457.78046875 5337.95703125
190 569.5125 5907.46953125
200 646.546875 6554.01640625
210 787.7453125 7341.76171875
220 774.29921875 8116.0609375
230 832.05078125 8948.11171875
240 885.7515625 9833.86328125
250 959.71171875 10793.575
260 955.303125 11748.878125
270 980.09296875 12728.97109375
280 1131.2671875 13860.23828125
290 1172.109375 15032.34765625
300 1346.803125 16379.15078125
310 1483.92890625 17863.0796875
320 1658.96484375 19522.04453125
330 1605.98359375 21128.028125
340 1601.4375 22729.465625
350 1700.69296875 24430.15859375
360 1962.49765625 26392.65625
370 2151.78359375 28544.43984375
380 2138.46796875 30682.9078125
390 2423.56015625 33106.46796875
400 2619.74140625 35726.209375
410 2724.78515625 38450.99453125
420 2780.76953125 41231.7640625
430 3140.89375 44372.6578125
440 3223.6 47596.2578125
450 3127.26484375 50723.52265625
460 3466.09140625 54189.6140625
470 3546.3671875 57735.98125
480 3577.73515625 61313.71640625
490 3709.93828125 65023.6546875
500 3672.07734375 68695.73203125
510 3903.01015625 72598.7421875
520 3952.18203125 76550.92421875
530 3945.525 80496.44921875
540 4172.86171875 84669.3109375
550 4174.01015625 88843.32109375
560 4291.23359375 93134.5546875
570 4715.38359375 97849.93828125
580 5198.7015625 103048.63984375
590 4952.98125 108001.62109375
600 5061.7125 113063.33359375
610 5421.55703125 118484.890625
620 5604.065625 124088.95625
630 5607.26875 129696.225
640 5626.43359375 135322.65859375
650 5845.08359375 141167.7421875
660 5844.32890625 147012.07109375
670 6150.81796875 153162.8890625
680 5866.23203125 159029.12109375
690 6397.80859375 165426.9296875
700 6271.99453125 171698.92421875
710 6139.79921875 177838.7234375
720 5686.225 183524.9484375
730 4687.071875 188212.0203125
740 4094.6171875 192306.6375
750 3658.8453125 195965.4828125
760 3325.078125 199290.5609375
770 2994.54375 202285.1046875
780 2767.1703125 205052.275
790 2406.490625 207458.765625
800 1805.94453125 209264.71015625
810 1688.49375 210953.20390625
820 1180.578125 212133.78203125
830 756.07734375 212889.859375
840 452.03359375 213341.89296875
850 223.7375 213565.63046875
860 103.6265625 213669.25703125
870 47.3828125 213716.63984375
880 25.6703125 213742.31015625
890 7.3828125 213749.69296875
892 0 213749.69296875
