0 13 13
10 20 21
20 25 25
30 38 38
40 55 55
50 53 56
60 61 63
70 71 72
80 74 76
90 78 79
100 82 84
110 86 88
120 103 104
130 109 111
140 118 118
150 134 135
160 133 138
170 133 138
180 150 151
190 175 175
200 194 198
210 212 212
220 214 216
230 237 239
240 268 271
250 272 272
260 278 280
270 306 308
280 330 330
290 364 365
300 428 428
310 478 478
320 499 504
330 549 549
340 578 579
350 616 617
360 692 692
370 810 810
380 923 923
390 995 997
400 1065 1065
410 1120 1133
420 1216 1216
430 1293 1294
440 1363 1364
450 1425 1425
460 1483 1486
470 1515 1532
480 1598 1601
490 1643 1643
500 1702 1708
510 1796 1797
520 1845 1850
530 1860 1863
540 1980 1987
550 2104 2105
560 2222 2222
570 2385 2386
580 2482 2484
590 2528 2528
600 2660 2661
610 2765 2765
620 2867 2872
630 2966 2970
640 3030 3031
650 3066 3069
660 3208 3209
670 3338 3341
680 3370 3371
690 3400 3400
700 3427 3452
710 3491 3493
720 3104 3496
730 2696 3496
740 2294 3496
750 1884 3496
760 1501 3496
770 1188 3496
780 964 3496
790 751 3496
800 557 3496
810 390 3496
820 252 3496
830 152 3496
840 78 3496
850 40 3496
860 14 3496
870 9 3496
880 3 3496
890 0 3496
892 0 3496
