0 1.3 13
10 0.8 21
20 0.6 27
30 1.3 40
40 1.8 58
50 0.2 60
60 1.5 75
70 1.6 91
80 1.3 104
90 1.3 117
100 1.5 132
110 1.6 148
120 2.6 174
130 1.9 193
140 1.8 211
150 2.5 236
160 1.6 252
170 1.7 269
180 3.7 306
190 4.1 347
200 3.9 386
210 4 426
220 3.1 457
230 4.4 501
240 5.8 559
250 4.3 602
260 5.3 655
270 5.8 713
280 7.1 784
290 7.8 862
300 10 962
310 9.9 1061
320 6.9 1130
330 9.9 1229
340 8.5 1314
350 9.9 1413
360 15.9 1572
370 17.5 1747
380 17.9 1926
390 15.3 2079
400 15.9 2238
410 14.6 2384
420 17.2 2556
430 18.7 2743
440 18.6 2929
450 19.9 3128
460 20.1 3329
470 19.9 3528
480 24.8 3776
490 19.5 3971
500 23.7 4208
510 26.2 4470
520 23.1 4701
530 21.6 4917
540 33 5247
550 33.6 5583
560 34.6 5929
570 36.2 6291
580 34 6631
590 34.1 6972
600 42.1 7393
610 38.8 7781
620 44 8221
630 44 8661
640 39.5 9056
650 40.8 9464
660 52.6 9990
670 49.7 10487
680 49 10977
690 46.2 11439
700 49.6 11935
710 50.4 12439
720 4.9 12488
730 0 12488
740 0 12488
750 0 12488
760 0 12488
770 0 12488
780 0 12488
790 0 12488
800 0 12488
810 0 12488
820 0 12488
830 0 12488
840 0 12488
850 0 12488
860 0 12488
870 0 12488
880 0 12488
890 0 12488
892 0 12488
