0 1.3 13
10 6.1 74
20 10.5 179
30 14.8 327
40 14.7 474
50 20.7 681
60 31.4 995
70 43.6 1431
80 38.8 1819
90 47 2289
100 51.8 2807
110 47.5 3282
120 53.1 3813
130 50.8 4321
140 53.8 4859
150 64.8 5507
160 66 6167
170 55.6 6723
180 57.7 7300
190 72.6 8026
200 84.2 8868
210 96.7 9835
220 108.3 10918
230 106.8 11986
240 115.4 13140
250 132.5 14465
260 152.2 15987
270 172.6 17713
280 190 19613
290 180.5 21418
300 192.5 23343
310 225.1 25594
320 234.8 27942
330 264.3 30585
340 263.2 33217
350 289.9 36116
360 284.7 38963
370 334.6 42309
380 348.9 45798
390 366.8 49466
400 390.2 53368
410 327.5 56643
420 403.2 60675
430 397.6 64651
440 398.6 68637
450 400.5 72642
460 395.7 76599
470 449.8 81097
480 380.9 84906
490 443.5 89341
500 426.1 93602
510 418.9 97791
520 450.9 102300
530 393.6 106236
540 403.8 110274
550 425.7 114531
560 414.6 118677
570 428.6 122963
580 379.4 126757
590 428.9 131046
600 359.1 134637
610 423.3 138870
620 429 143160
630 403.2 147192
640 422.9 151421
650 389.7 155318
660 427.7 159595
670 389.4 163489
680 382.8 167317
690 428.9 171606
700 377.1 175377
710 423.4 179611
720 365.7 183268
730 411.6 187384
740 365.5 191039
750 385.1 194890
760 358.1 198471
770 295.6 201427
780 284.8 204275
790 229.2 206567
800 226.5 208832
810 193.6 210768
820 193.9 212707
830 178.7 214494
840 154.8 216042
850 110.8 217150
860 63.7 217787
870 32.4 218111
880 12.2 218233
890 2.6 218259
900 1 218269
908 0.3 218272
