0 0.1 1
10 0.8 9
20 1.3 22
30 2 42
40 2.2 64
50 3.3 97
60 5.1 148
70 6 208
80 5.6 264
90 7.5 339
100 7.2 411
110 7.5 486
120 8.5 571
130 8.7 658
140 8.7 745
150 10.2 847
160 9.6 943
170 9.1 1034
180 7.8 1112
190 9.3 1205
200 9.5 1300
210 13.3 1433
220 12.3 1556
230 13.2 1688
240 15.5 1843
250 17.2 2015
260 19.2 2207
270 21.1 2418
280 23.9 2657
290 24.9 2906
300 25.4 3160
310 26.3 3423
320 30.1 3724
330 32.8 4052
340 31.7 4369
350 34.2 4711
360 27.7 4988
370 39.2 5380
380 36.5 5745
390 40.4 6149
400 39.5 6544
410 33.3 6877
420 40.7 7284
430 42.3 7707
440 40.8 8115
450 42.5 8540
460 40.3 8943
470 45.3 9396
480 36.1 9757
490 42 10177
500 40.4 10581
510 39.6 10977
520 41.8 11395
530 34.6 11741
540 33.6 12077
550 33.7 12414
560 33.6 12750
570 30.2 13052
580 25.4 13306
590 30.3 13609
600 25.8 13867
610 27.2 14139
620 22.8 14367
630 25.3 14620
640 27.4 14894
650 20.8 15102
660 27.8 15380
670 21.7 15597
680 17.8 15775
690 22 15995
700 19 16185
710 19.6 16381
720 19.4 16575
730 25.6 16831
740 27.5 17106
750 42.5 17531
760 47.1 18002
770 52.1 18523
780 55.1 19074
790 44.4 19518
800 54.3 20061
810 50.8 20569
820 48.3 21052
830 47.8 21530
840 39.6 21926
850 25.3 22179
860 14.2 22321
870 5.6 22377
880 2.5 22402
890 0.4 22406
900 0.3 22409
908 0 22409
