0 0.8 8
10 0.6 14
20 1.4 28
30 1.7 45
40 1.6 61
50 2 81
60 3.2 113
70 2.6 139
80 2.6 165
90 2.1 186
100 3 216
110 3 246
120 4.2 288
130 2.8 316
140 3.3 349
150 3.5 384
160 2.8 412
170 3 442
180 5.6 498
190 6.4 562
200 4.7 609
210 8.2 691
220 6.4 755
230 6.8 823
240 8.4 907
250 11.2 1019
260 10.7 1126
270 12.6 1252
280 10.3 1355
290 11.6 1471
300 13.1 1602
310 14 1742
320 18 1922
330 17.2 2094
340 17.6 2270
350 17.4 2444
360 16.7 2611
370 25.4 2865
380 22 3085
390 22.4 3309
400 25.8 3567
410 19.6 3763
420 26.1 4024
430 24.1 4265
440 29.9 4564
450 27.3 4837
460 27.5 5112
470 30.3 5415
480 26 5675
490 29.2 5967
500 30.9 6276
510 27.5 6551
520 30.4 6855
530 29.5 7150
540 32.2 7472
550 33.8 7810
560 34.9 8159
570 35.9 8518
580 34.6 8864
590 38.6 9250
600 31.1 9561
610 42 9981
620 37.1 10352
630 43.6 10788
640 44.3 11231
650 38.9 11620
660 40.6 12026
670 40 12426
680 41.1 12837
690 49.1 13328
700 43.3 13761
710 42.2 14183
720 35.9 14542
730 19.9 14741
740 14.3 14884
750 11.3 14997
760 6.4 15061
770 1.3 15074
780 0.4 15078
790 0 15078
800 0 15078
810 0 15078
820 0 15078
830 0 15078
840 0 15078
850 0 15078
860 0 15078
870 0 15078
880 0 15078
890 0 15078
900 0 15078
908 0 15078
