20 0.2 2
30 0.2 4
40 0 4
50 0 4
60 0.1 5
70 0.6 11
80 0.4 15
90 0.6 21
100 0.4 25
110 0.5 30
120 0.6 36
130 0.3 39
140 0.2 41
150 0.3 44
160 1 54
170 0.3 57
180 0 57
190 0.4 61
200 0.8 69
210 0.6 75
220 0.9 84
230 1.4 98
240 0.5 103
250 1.2 115
260 0.7 122
270 1.4 136
280 1.4 150
290 1.5 165
300 1.7 182
310 1.3 195
320 1.8 213
330 2 233
340 1.8 251
350 2.2 273
360 2.4 297
370 3 327
380 2.3 350
390 2.8 378
400 2.4 402
410 3.1 433
420 3.6 469
430 4.8 517
440 4.1 558
450 2.9 587
460 4.9 636
470 4.5 681
480 4.3 724
490 5.4 778
500 5.9 837
510 4.6 883
520 5.3 936
530 4.8 984
540 6.1 1045
550 7.7 1122
560 5.8 1180
570 7.7 1257
580 7.6 1333
590 7.8 1411
600 9.5 1506
610 8.5 1591
620 9.1 1682
630 10.5 1787
640 9.7 1884
650 9.3 1977
660 11.2 2089
670 10.1 2190
680 10.4 2294
690 10.9 2403
700 12 2523
710 12.4 2647
720 13.3 2780
730 10.7 2887
740 9.9 2986
750 8.2 3068
760 4.4 3112
770 1.5 3127
780 0.8 3135
790 0.1 3136
800 0 3136
810 0 3136
820 0 3136
830 0 3136
840 0 3136
850 0 3136
860 0 3136
870 0 3136
880 0 3136
890 0 3136
900 0 3136
908 0 3136
