410 0.1 1
420 0.3 4
430 1.4 18
440 2.5 43
450 4.1 84
460 3.7 121
470 4.9 170
480 5.3 223
490 7.7 300
500 8.6 386
510 8.9 475
520 9.8 573
530 9 663
540 9.1 754
550 10.3 857
560 11.9 976
570 13.5 1111
580 11.7 1228
590 13.2 1360
600 13.4 1494
610 15.7 1651
620 14.8 1799
630 14.3 1942
640 16.2 2104
650 13.2 2236
660 18.8 2424
670 15.6 2580
680 13.5 2715
690 15.9 2874
700 12.5 2999
710 17.3 3172
720 15.1 3323
730 19.7 3520
740 21.1 3731
750 28.6 4017
760 31.5 4332
770 34.8 4680
780 35.9 5039
790 28.6 5325
800 33.4 5659
810 32.4 5983
820 31.5 6298
830 30 6598
840 26.7 6865
850 14.9 7014
860 8.6 7100
870 2.8 7128
880 1.8 7146
890 0.2 7148
900 0.3 7151
908 0 7151
