390 0.2 2
400 0.2 4
410 0.4 8
420 2.1 29
430 2.8 57
440 5.6 113
450 6.2 175
460 9.2 267
470 12.2 389
480 12 509
490 15 659
500 16.3 822
510 19 1012
520 23.7 1249
530 21.8 1467
540 23.4 1701
550 25.4 1955
560 29.5 2250
570 33.1 2581
580 32.6 2907
590 43.3 3340
600 36.6 3706
610 48.1 4187
620 56.1 4748
630 55.5 5303
640 58.8 5891
650 61 6501
660 66.6 7167
670 64.4 7811
680 61.1 8422
690 74.9 9171
700 64.7 9818
710 68 10498
720 73.7 11235
730 76.1 11996
740 63.5 12631
750 67.5 13306
760 53 13836
770 28.4 14120
780 17.3 14293
790 10 14393
800 4 14433
810 1.8 14451
820 0.7 14458
830 0.2 14460
840 0.1 14461
850 0.1 14462
860 0 14462
870 0 14462
880 0 14462
890 0 14462
900 0 14462
908 0 14462
