370 2.2 22
380 0 22
390 5.5 77
400 0.3 80
410 69.6 776
420 44 1216
430 81 2026
440 85.4 2880
450 100.1 3881
460 143.2 5313
470 102.2 6335
480 181.3 8148
490 159.8 9746
500 190.8 11654
510 188.4 13538
520 196.7 15505
530 258.9 18094
540 281.1 20905
550 305 23955
560 312.3 27078
570 385.3 30931
580 414.5 35076
590 408.3 39159
600 484 43999
610 448 48479
620 474.6 53225
630 560.7 58832
640 508 63912
650 544.8 69360
660 536.8 74728
670 618.3 80911
680 583.5 86746
690 649.7 93243
700 702.2 100265
710 663.7 106902
720 646 113362
730 375.4 117116
740 276.6 119882
750 65.8 120540
760 0.1 120541
770 17.2 120713
780 0 120713
790 2.1 120734
800 0 120734
810 0 120734
820 0 120734
830 0 120734
840 0 120734
850 0 120734
860 0 120734
870 0 120734
880 0 120734
890 0 120734
900 0 120734
908 0 120734
