0 0.6 22.793416341145832 47.307906054274746 128.573974609375 1.251953125 0 0
10 0.6 2.9320068359375 3.1908542174294885 128.573974609375 1.218994140625 22.793416341145832 6
20 0.8 1.472381591796875 0.3681406562609741 128.573974609375 1.166015625 12.862711588541666 12
30 1.2 1.53955078125 0.3624808268025691 128.573974609375 1.139892578125 8.30657958984375 20
40 0.9 1.5362141927083333 0.3871916374619723 128.573974609375 1.139892578125 5.768943786621094 32
50 1.2 1.5375773111979167 0.3930396340087211 128.573974609375 1.13916015625 4.839808022103658 41
60 1.6 5.277099609375 13.925065372358963 128.573974609375 1.13916015625 4.0921331441627355 53
70 1.7 1.5532370174632353 0.47984950138495924 128.573974609375 1.117919921875 4.366907976675725 69
80 1.5 1.4591959635416667 0.3487447990597849 128.573974609375 1.0771484375 3.8107172056686047 86
90 1.1 1.5331365411931819 0.4214787030338934 128.573974609375 1.06201171875 3.4614813776299505 101
100 1.7 1.6243537454044117 0.44243738444835384 128.573974609375 1.06201171875 3.272090366908482 112
110 1.4 1.4885428292410714 0.39517709904589055 128.573974609375 1.06201171875 3.054946781128876 129
120 2.5 1.9436816406249997 1.7668756383106008 128.573974609375 1.06201171875 2.901592548076923 143
130 1.8 1.4496392144097223 0.37211472725893296 128.573974609375 1.06201171875 2.7590462820870534 168
140 1.9 1.4629548725328947 0.3665624413161425 128.573974609375 1.06201171875 2.632329469086021 186
150 1.5 1.4937662760416666 0.4054944163590136 128.573974609375 1.01806640625 2.523948408917683 205
160 1.7 1.4820197610294117 0.37396503137106646 128.573974609375 1.01806640625 2.4537087180397728 220
170 1.7 1.8993709788602942 1.542449780353428 128.573974609375 1.01806640625 2.3840095101529535 237
180 3.2 1.7590179443359373 1.5160490430132088 128.573974609375 1.01806640625 2.351573073019193 254
190 4.1 1.4799745141006098 0.4230288119297981 128.573974609375 1.0 2.2852731984812062 286
200 3.2 1.4781341552734375 0.39965747578018174 128.573974609375 1.0 2.184303027045107 327
210 4.6 1.686067000679348 1.268697220094715 128.573974609375 0.91015625 2.1213576122910864 359
220 3.3 1.8561271898674243 1.4807452581434515 128.573974609375 0.91015625 2.0719171971450616 405
230 4.1 1.536424590320122 0.4140966999713501 128.573974609375 0.91015625 2.055659045911815 438
240 4.4 2.349587180397727 1.9693830827859475 128.573974609375 0.91015625 2.011215178105428 479
250 7.2 1.6224093967013888 0.5957325531068408 128.573974609375 0.91015625 2.039682421128107 523
260 5.8 1.8543406519396544 1.8097478868377215 128.573974609375 0.7109375 1.9891888786764707 595
270 6.8 1.6136366900275736 0.43255767683202356 128.573974609375 0.7109375 1.9772115476646248 653
280 5.7 1.5542077850877194 0.44494518880944744 128.573974609375 0.7109375 1.9429215472217407 721
290 5.4 1.6466109664351851 0.6434863571894048 128.573974609375 0.7109375 1.914442518376446 778
300 9.2 2.1464896824048902 3.0862076388596122 128.573974609375 0.7109375 1.8970592205341046 832
310 9.4 1.6253532247340425 0.7788789730383648 128.573974609375 0.7109375 1.9218942881662608 924
320 10.6 1.4765717128537736 0.3897888431740577 128.573974609375 0.7109375 1.8945123039200638 1018
330 10.3 1.5803886339502426 0.6550221733057882 128.573974609375 0.7109375 1.8550979777163035 1124
340 9.3 1.564988659274194 0.6390494627006604 128.573974609375 0.7109375 1.8320376171556643 1227
350 9.6 1.5727742513020837 0.5320184092559992 128.573974609375 0.7109375 1.813222804214015 1320
360 14.1 2.5736923758865244 6.457664681449388 128.573974609375 0.7109375 1.7969212074064265 1416
370 16.2 1.8075991030092593 3.29563090037621 128.573974609375 0.7109375 1.8672646465558767 1557
380 15.2 1.5764160156249998 0.6000081754794614 128.573974609375 0.7109375 1.8616417157504364 1719
390 16.2 1.6238245081018514 1.06622115331323 128.573974609375 0.7109375 1.8384699859700695 1871
400 15 1.502184244791667 0.6911033825000956 128.573974609375 0.7109375 1.8213659193617806 2033
410 15.5 1.6915165070564515 1.795458667412985 128.573974609375 0.7109375 1.799434058992785 2183
420 18.3 2.758232742059428 3.570575510921921 128.573974609375 0.7109375 1.792279559185201 2338
430 20.1 2.3446245335820888 1.8338865358937773 128.573974609375 0.7109375 1.862398334459292 2521
440 18.2 2.2209164126888723 2.364392542103791 128.573974609375 0.7109375 1.8980072492365447 2722
450 20.2 2.2141222056776 3.2000478301070934 128.573974609375 0.7109375 1.9182446692600723 2904
460 20.4 2.042067583869487 2.015401439003323 128.573974609375 0.7109375 1.9374871877263764 3106
470 20.5 2.1802353277439037 2.8838086264616782 128.573974609375 0.7109375 1.9439326260385197 3310
480 19.6 3.8257919622927283 8.127593449691165 128.573974609375 0.7109375 1.9577141491820769 3515
490 26.1 2.4088438772150385 2.996523694291259 128.573974609375 0.7109375 2.0563784583628064 3711
500 27.3 3.4623549464858057 5.851065411441489 128.573974609375 0.7109375 2.0795389503870845 3972
510 23 2.253739597486414 2.7123535224387814 128.573974609375 0.7109375 2.1684691663906066 4245
520 26 2.8328932542067307 4.788018004052103 128.573974609375 0.7109375 2.172851780726257 4475
530 26.1 2.036317087224617 2.1870717992619753 128.573974609375 0.7109375 2.2090948183408132 4735
540 32.8 2.3332899140148635 2.995143509243543 128.573974609375 0.7109375 2.200068599801716 4996
550 35.6 2.656137530723317 4.038709613324184 128.573974609375 0.7109375 2.208276073705156 5324
560 33.1 2.381951000755287 2.831986999976006 128.573974609375 0.7109375 2.2363462636168574 5680
570 34.4 2.857952738917151 3.257123061181577 128.573974609375 0.7109375 2.2443640922631425 6011
580 33.8 2.481200449565458 2.933337434721629 128.573974609375 0.7109375 2.27757801743214 6355
590 31 3.0142373361895163 4.368162416201969 128.573974609375 0.7109375 2.2878610567360487 6693
600 41.8 3.318639727870812 4.177415909025024 128.573974609375 0.7109375 2.320015368692435 7003
610 43 3.2104111782340126 4.571486512188749 128.573974609375 0.7109375 2.3762645240807334 7421
620 39.2 3.269660794005103 3.777858514806268 128.573974609375 0.7109375 2.4219508138891537 7851
630 45.5 3.386853429773353 4.0200457679407755 128.573974609375 0.7109375 2.4622640872368975 8243
640 39 3.6595377604166677 4.368842304572263 128.573974609375 0.7109375 2.5106301657439207 8698
650 41.3 3.4064161102073243 4.137888717926745 128.573974609375 0.7109375 2.559934078807562 9088
660 44.6 5.199035918231503 6.7324176701413325 128.573974609375 0.7109375 2.596729898086385 9501
670 49.8 4.276002447289157 4.80121625340241 128.573974609375 0.7109375 2.7134111572584696 9947
680 46.4 4.100118702855599 4.125633169485894 128.573974609375 0.7109375 2.787912876974629 10445
690 49.7 6.216958489216547 7.300909377109539 128.573974609375 0.7109375 2.843725829876707 10909
700 48.1 4.7484153699974 5.953362388063255 128.573974609375 0.7109375 2.990709578052395 11406
710 46.8 5.520474425747863 5.990026925747512 128.573974609375 0.7109375 3.0618340405682147 11887
720 15.4 5.435732358461852 6.038298204879786 128.573974609375 0.7109375 3.154965865761584 12355
730 0 0 0 128.573974609375 0.7109375 3.183044692196618 12509
740 0 0 0 128.573974609375 0.7109375 3.183044692196618 12509
750 0 0 0 128.573974609375 0.7109375 3.183044692196618 12509
760 0 0 0 128.573974609375 0.7109375 3.183044692196618 12509
770 0 0 0 128.573974609375 0.7109375 3.183044692196618 12509
780 0 0 0 128.573974609375 0.7109375 3.183044692196618 12509
790 0 0 0 128.573974609375 0.7109375 3.183044692196618 12509
800 0 0 0 128.573974609375 0.7109375 3.183044692196618 12509
810 0 0 0 128.573974609375 0.7109375 3.183044692196618 12509
820 0 0 0 128.573974609375 0.7109375 3.183044692196618 12509
830 0 0 0 128.573974609375 0.7109375 3.183044692196618 12509
840 0 0 0 128.573974609375 0.7109375 3.183044692196618 12509
850 0 0 0 128.573974609375 0.7109375 3.183044692196618 12509
860 0 0 0 128.573974609375 0.7109375 3.183044692196618 12509
870 0 0 0 128.573974609375 0.7109375 3.183044692196618 12509
880 0 0 0 128.573974609375 0.7109375 3.183044692196618 12509
890 0 0 0 128.573974609375 0.7109375 3.183044692196618 12509
900 0 0 0 128.573974609375 0.7109375 3.183044692196618 12509
908 0 0 0 128.573974609375 0.7109375 3.183044692196618 12509
