0 6 6
10 12 6
20 18 6
30 27 9
40 36 9
50 48 12
60 62 14
70 69 7
80 77 8
90 79 2
100 83 4
110 83 0
120 95 12
130 101 6
140 109 8
150 114 5
160 109 -5
170 110 1
180 126 16
190 152 26
200 167 15
210 197 30
220 207 10
230 223 16
240 242 19
250 287 45
260 309 22
270 343 34
280 371 28
290 389 18
300 431 42
310 466 35
320 518 52
330 565 47
340 594 29
350 629 35
360 710 81
370 799 89
380 879 80
390 959 80
400 1035 76
410 1097 62
420 1189 92
430 1259 70
440 1332 73
450 1428 96
460 1491 63
470 1565 74
480 1625 60
490 1710 85
500 1788 78
510 1833 45
520 1914 81
530 1967 53
540 2089 122
550 2227 138
560 2313 86
570 2416 103
580 2492 76
590 2519 27
600 2633 114
610 2765 132
620 2828 63
630 2919 91
640 2982 63
650 3053 71
660 3064 11
670 3182 118
680 3281 99
690 3370 89
700 3388 18
710 3408 20
720 3096 -312
730 2673 -423
740 2255 -418
750 1876 -379
760 1539 -337
770 1294 -245
780 1074 -220
790 886 -188
800 727 -159
810 611 -116
820 495 -116
830 384 -111
840 264 -120
850 165 -99
860 86 -79
870 36 -50
880 8 -28
890 4 -4
900 1 -3
908 0 -1
