0 0.1 9.934879170388468 0 9.934879170388468 9.934879170388468 0 0
10 0.1 2.2549019607843137 0.0 9.934879170388468 2.2549019607843137 9.934879170388468 1
20 0.1 1.8700787401574805 0.0 9.934879170388468 1.8700787401574805 6.094890565586391 2
30 0.1 2.6548672566371683 0.0 9.934879170388468 1.8700787401574805 4.686619957110088 3
40 0.1 2.8543307086614176 0.0 9.934879170388468 1.8700787401574805 4.178681781991858 4
50 0.1 2.848722986247544 0.0 9.934879170388468 1.8700787401574805 3.9138115673257703 5
60 0.1 3.155818540433925 0.0 9.934879170388468 1.8700787401574805 3.7362968038127327 6
70 0.1 5.185909980430528 0.0 9.934879170388468 1.8700787401574805 3.65337133761576 7
80 0.1 5.588235294117648 0.0 9.934879170388468 1.8700787401574805 3.8449386679676065 8
90 0.1 4.841897233201581 0.0 9.934879170388468 1.8700787401574805 4.038638293095389 9
100 0.1 5.968688845401174 0.0 9.934879170388468 1.8700787401574805 4.118964187106007 10
110 0.1 7.02439024390244 0.0 9.934879170388468 1.8700787401574805 4.28712097422375 11
120 0.1 5.604719764011799 0.0 9.934879170388468 1.8700787401574805 4.515226746696974 12
130 0.1 7.065750736015702 0.0 9.934879170388468 1.8700787401574805 4.599033901875037 13
140 0.1 6.8359375 0.0 9.934879170388468 1.8700787401574805 4.775227961456514 14
150 0.1 6.8359375 0.0 9.934879170388468 1.8700787401574805 4.912608597359412 15
160 0.1 8.527131782945736 0.0 9.934879170388468 1.8700787401574805 5.032816653774449 16
170 0.1 8.0 0.0 9.934879170388468 1.8700787401574805 5.238364602549231 17
180 0.1 6.360078277886497 0.0 9.934879170388468 1.8700787401574805 5.391788791296495 18
190 0.1 7.745098039215686 0.0 9.934879170388468 1.8700787401574805 5.442751395853864 19
200 0.1 8.25147347740668 0.0 9.934879170388468 1.8700787401574805 5.557868728021956 20
210 0.1 10.567514677103718 0.0 10.567514677103718 1.8700787401574805 5.686135620849799 21
220 0.1 11.273080660835763 0.0 11.273080660835763 1.8700787401574805 5.9080164870431595 22
230 0.1 12.475633528265107 0.0 12.475633528265107 1.8700787401574805 6.141280146773274 23
240 0.1 12.70611057225994 0.0 12.70611057225994 1.8700787401574805 6.405211537668767 24
250 0.1 13.698630136986301 0.0 13.698630136986301 1.8700787401574805 6.657247499052414 25
260 0.1 16.28352490421456 0.0 16.28352490421456 1.8700787401574805 6.928069908203718 26
270 0.1 17.374517374517374 0.0 17.374517374517374 1.8700787401574805 7.274568241389305 27
280 0.1 18.900675024108004 0.0 18.900675024108004 1.8700787401574805 7.635280710429593 28
290 0.1 20.593869731800766 0.0 20.593869731800766 1.8700787401574805 8.023742583315057 29
300 0.1 19.615384615384617 0.0 20.593869731800766 1.8700787401574805 8.442746821597915 30
310 0.1 22.636103151862464 0.0 22.636103151862464 1.8700787401574805 8.803154492365229 31
320 0.1 24.193548387096776 0.0 24.193548387096776 1.8700787401574805 9.235434137974517 32
330 0.1 25.98870056497175 0.0 25.98870056497175 1.8700787401574805 9.688710327341857 33
340 0.1 26.06589147286822 0.0 26.06589147286822 1.8700787401574805 10.168121804919208 34
350 0.1 27.281460134486068 0.0 27.281460134486068 1.8700787401574805 10.622343795432036 35
360 0.1 28.746465598491987 0.0 28.746465598491987 1.8700787401574805 11.085097027072425 36
370 0.1 30.279652844744454 0.0 30.279652844744454 1.8700787401574805 11.562431312786467 37
380 0.1 33.33333333333333 0.0 33.33333333333333 1.8700787401574805 12.054989774153782 38
390 0.1 34.12322274881517 0.0 34.12322274881517 1.8700787401574805 12.600588326953256 39
400 0.1 37.34713076199436 0.0 37.34713076199436 1.8700787401574805 13.138654187499805 40
410 0.1 38.18350324374421 0.0 38.18350324374421 1.8700787401574805 13.729104835658207 41
420 0.1 35.17417162276975 0.0 38.18350324374421 1.8700787401574805 14.311352416803112 42
430 0.1 37.87128712871287 0.0 38.18350324374421 1.8700787401574805 14.796534258802337 43
440 0.1 38.03191489361702 0.0 38.18350324374421 1.8700787401574805 15.320960460391213 44
450 0.1 39.23728813559322 0.0 39.23728813559322 1.8700787401574805 15.82564833668512 45
460 0.1 43.738656987295826 0.0 43.738656987295826 1.8700787401574805 16.33459702796573 46
470 0.1 42.0726306465899 0.0 43.738656987295826 1.8700787401574805 16.917662133483393 47
480 0.1 45.017182130584196 0.0 45.017182130584196 1.8700787401574805 17.441723977506445 48
490 0.1 46.70280036133695 0.0 46.70280036133695 1.8700787401574805 18.004488429610074 49
500 0.1 45.527015057573074 0.0 46.70280036133695 1.8700787401574805 18.57845466824461 50
510 0.1 46.383363471971066 0.0 46.70280036133695 1.8700787401574805 19.106857813133402 51
520 0.1 47.335701598579035 0.0 47.335701598579035 1.8700787401574805 19.63140599888028 52
530 0.1 48.5513608428446 0.0 48.5513608428446 1.8700787401574805 20.154128557365162 53
540 0.1 48.440207972270365 0.0 48.5513608428446 1.8700787401574805 20.680003229318483 54
550 0.1 47.58620689655172 0.0 48.5513608428446 1.8700787401574805 21.18473422464488 55
570 0.1 48.16709292412617 0.0 48.5513608428446 1.8700787401574805 21.656189093786075 56
580 0.1 49.07094594594595 0.0 49.07094594594595 1.8700787401574805 22.12129266975695 57
590 0.1 48.7986743993372 0.0 49.07094594594595 1.8700787401574805 22.585941864174007 58
600 0.1 49.835796387520524 0.0 49.835796387520524 1.8700787401574805 23.030225466464906 59
610 0.1 49.95904995904996 0.0 49.95904995904996 1.8700787401574805 23.476984981815836 60
620 0.1 49.84126984126984 0.0 49.95904995904996 1.8700787401574805 23.911117194557377 61
630 0.1 50.11914217633042 0.0 50.11914217633042 1.8700787401574805 24.32934546305274 62
640 0.1 51.38339920948617 0.0 51.38339920948617 1.8700787401574805 24.738707315644447 63
650 0.1 50.85669781931465 0.0 51.38339920948617 1.8700787401574805 25.155030626485726 64
660 0.1 51.54884829229547 0.0 51.54884829229547 1.8700787401574805 25.550440890990785 65
670 0.1 51.33228840125392 0.0 51.54884829229547 1.8700787401574805 25.944356154646915 66
680 0.1 54.31906614785992 0.0 54.31906614785992 1.8700787401574805 26.32328051653657 67
690 0.1 53.63840960240061 0.0 54.31906614785992 1.8700787401574805 26.734983246408973 68
700 0.1 54.80916030534351 0.0 54.80916030534351 1.8700787401574805 27.124887976205954 69
710 0.1 55.63063063063063 0.0 55.63063063063063 1.8700787401574805 27.52037758090792 70
720 0.1 53.12259059367772 0.0 55.63063063063063 1.8700787401574805 27.916296637946267 71
730 0.1 48.70229007633588 0.0 55.63063063063063 1.8700787401574805 28.26638405399809 72
740 0.1 43.706563706563706 0.0 55.63063063063063 1.8700787401574805 28.546327972112305 73
750 0.1 36.01823708206687 0.0 55.63063063063063 1.8700787401574805 28.751196022577865 74
760 0.1 33.02397525135344 0.0 55.63063063063063 1.8700787401574805 28.84808990337105 75
770 0.1 27.336999214454043 0.0 55.63063063063063 1.8700787401574805 28.903035763212923 76
780 0.1 25.998433829287393 0.0 55.63063063063063 1.8700787401574805 28.882697626216054 77
790 0.1 21.52 0.0 55.63063063063063 1.8700787401574805 28.84571988522979 78
800 0.1 19.549477071600965 0.0 55.63063063063063 1.8700787401574805 28.752989253771187 79
810 0.1 18.27613727055068 0.0 55.63063063063063 1.8700787401574805 28.637945351494057 80
820 0.1 17.37357259380098 0.0 55.63063063063063 1.8700787401574805 28.510021794939203 81
830 0.1 17.0316301703163 0.0 55.63063063063063 1.8700787401574805 28.37421143882776 82
840 0.1 16.129032258064516 0.0 55.63063063063063 1.8700787401574805 28.237553833183046 83
850 0.1 13.043478260869565 0.0 55.63063063063063 1.8700787401574805 28.093404766812586 84
860 0.1 9.765258215962442 0.0 55.63063063063063 1.8700787401574805 27.916346807919137 85
870 0.1 5.93385214007782 0.0 55.63063063063063 1.8700787401574805 27.705287638245224 86
880 0.1 2.75049115913556 0.0 55.63063063063063 1.8700787401574805 27.455041253208815 87
890 0.1 1.5794669299111548 0.0 55.63063063063063 1.5794669299111548 27.17430772941253 88
900 0.1 1.3793103448275863 0.0 55.63063063063063 1.3793103448275863 26.886725248519255 89
908 0.1 1.2807881773399015 0.0 55.63063063063063 1.2807881773399015 26.603309527367124 90
