0 0 0
10 0 0
20 0 0
30 0.5 5
40 0 5
50 0 5
60 0.2 7
70 0.8 15
80 1 25
90 0.5 30
100 1.4 44
110 1.5 59
120 1.3 72
130 1.2 84
140 1.2 96
150 1 106
160 2.2 128
170 1.5 143
180 1.7 160
190 1.4 174
200 1.6 190
210 1.6 206
220 2.2 228
230 2.8 256
240 2.4 280
250 2.7 307
260 3.5 342
270 3.1 373
280 3.3 406
290 3.8 444
300 4.6 490
310 6 550
320 5.3 603
330 5.4 657
340 6.6 723
350 6 783
360 5.9 842
370 7.2 914
380 7.2 986
390 8.7 1073
400 7 1143
410 9.1 1234
420 9.3 1327
430 12.8 1455
440 11 1565
450 11.9 1684
460 13.2 1816
470 13.3 1949
480 12.7 2076
490 18 2256
500 19.3 2449
510 19.2 2641
520 17.4 2815
530 20.2 3017
540 20.3 3220
550 21.8 3438
560 25.2 3690
570 23.8 3928
580 27.4 4202
590 28.8 4490
600 29.4 4784
610 29.9 5083
620 31.8 5401
630 35.9 5760
640 33.3 6093
650 34.4 6437
660 42.5 6862
670 38.2 7244
680 39 7634
690 39.9 8033
700 44.7 8480
710 45.3 8933
720 46.2 9395
730 42.3 9818
740 42.7 10245
750 37.8 10623
760 34.3 10966
770 24.7 11213
780 22.2 11435
790 19.4 11629
800 15.7 11786
810 12.4 11910
820 11.2 12022
830 10.4 12126
840 12.2 12248
850 10 12348
860 7.7 12425
870 4.8 12473
880 2.9 12502
890 0.3 12505
900 0.3 12508
908 0.1 12509
