0 0.1 3159.765625 0 3159.765625 3159.765625 0 0
10 0.1 3160.3046875 0.0 3160.3046875 3159.765625 3159.765625 1
20 0.1 3157.77734375 0.0 3160.3046875 3157.77734375 3160.03515625 2
30 0.1 3155.5 0.0 3160.3046875 3155.5 3159.2825520833335 3
40 0.1 3153.34765625 0.0 3160.3046875 3153.34765625 3158.3369140625 4
50 0.1 3150.6796875 0.0 3160.3046875 3150.6796875 3157.3390625 5
60 0.1 3147.8203125 0.0 3160.3046875 3147.8203125 3156.2291666666665 6
70 0.1 3141.42578125 0.0 3160.3046875 3141.42578125 3155.027901785714 7
80 0.1 3138.55859375 0.0 3160.3046875 3138.55859375 3153.32763671875 8
90 0.1 3136.3984375 0.0 3160.3046875 3136.3984375 3151.6866319444443 9
100 0.1 3133.7578125 0.0 3160.3046875 3133.7578125 3150.1578125 10
110 0.1 3134.39453125 0.0 3160.3046875 3133.7578125 3148.666903409091 11
120 0.1 3132.984375 0.0 3160.3046875 3132.984375 3147.4775390625 12
130 0.1 3132.03125 0.0 3160.3046875 3132.03125 3146.3626802884614 13
140 0.1 3131.703125 0.0 3160.3046875 3131.703125 3145.3390066964284 14
150 0.1 3126.63671875 0.0 3160.3046875 3126.63671875 3144.4299479166666 15
160 0.1 3124.25 0.0 3160.3046875 3124.25 3143.31787109375 16
170 0.1 3124.16796875 0.0 3160.3046875 3124.16796875 3142.196231617647 17
180 0.1 3123.34765625 0.0 3160.3046875 3123.34765625 3141.1946614583335 18
190 0.1 3122.640625 0.0 3160.3046875 3122.640625 3140.2553453947367 19
200 0.1 3119.15625 0.0 3160.3046875 3119.15625 3139.374609375 20
210 0.1 3113.75 0.0 3160.3046875 3113.75 3138.4118303571427 21
220 0.1 3108.99609375 0.0 3160.3046875 3108.99609375 3137.290838068182 22
230 0.1 3098.54296875 0.0 3160.3046875 3098.54296875 3136.0606317934785 23
240 0.1 3094.4140625 0.0 3160.3046875 3094.4140625 3134.4973958333335 24
250 0.1 3089.3515625 0.0 3160.3046875 3089.3515625 3132.8940625 25
260 0.1 3076.82421875 0.0 3160.3046875 3076.82421875 3131.2193509615386 26
270 0.1 3069.8359375 0.0 3160.3046875 3069.8359375 3129.204716435185 27
280 0.1 3055.03515625 0.0 3160.3046875 3055.03515625 3127.084402901786 28
290 0.1 3051.1171875 0.0 3160.3046875 3051.1171875 3124.5999461206898 29
300 0.1 3043.17578125 0.0 3160.3046875 3043.17578125 3122.1505208333333 30
310 0.1 3038.31640625 0.0 3160.3046875 3038.31640625 3119.6029485887098 31
320 0.1 3030.82421875 0.0 3160.3046875 3030.82421875 3117.062744140625 32
330 0.1 3019.8515625 0.0 3160.3046875 3019.8515625 3114.449455492424 33
340 0.1 3009.23046875 0.0 3160.3046875 3009.23046875 3111.667164522059 34
350 0.1 2993.94921875 0.0 3160.3046875 2993.94921875 3108.7404017857143 35
360 0.1 2977.2890625 0.0 3160.3046875 2977.2890625 3105.5517578125 36
370 0.1 2970.2421875 0.0 3160.3046875 2970.2421875 3102.0851984797296 37
380 0.1 2947.0625 0.0 3160.3046875 2947.0625 3098.6156455592104 38
390 0.1 2919.1171875 0.0 3160.3046875 2919.1171875 3094.7296674679487 39
400 0.1 2895.29296875 0.0 3160.3046875 2895.29296875 3090.33935546875 40
410 0.1 2882.03125 0.0 3160.3046875 2882.03125 3085.5821265243903 41
420 0.1 2851.4609375 0.0 3160.3046875 2851.4609375 3080.7356770833335 42
430 0.1 2822.6171875 0.0 3160.3046875 2822.6171875 3075.4037063953488 43
440 0.1 2820.046875 0.0 3160.3046875 2820.046875 3069.6585582386365 44
450 0.1 2799.0078125 0.0 3160.3046875 2799.0078125 3064.1116319444445 45
460 0.1 2789.015625 0.0 3160.3046875 2789.015625 3058.3485054347825 46
470 0.1 2764.234375 0.0 3160.3046875 2764.234375 3052.6180186170213 47
480 0.1 2729.390625 0.0 3160.3046875 2729.390625 3046.6100260416665 48
490 0.1 2729.22265625 0.0 3160.3046875 2729.22265625 3040.136160714286 49
500 0.1 2713.32421875 0.0 3160.3046875 2713.32421875 3033.917890625 50
510 0.1 2719.015625 0.0 3160.3046875 2713.32421875 3027.631740196078 51
520 0.1 2698.8359375 0.0 3160.3046875 2698.8359375 3021.696814903846 52
530 0.1 2691.07421875 0.0 3160.3046875 2691.07421875 3015.605100235849 53
540 0.1 2692.55078125 0.0 3160.3046875 2691.07421875 3009.595269097222 54
550 0.1 2666.9609375 0.0 3160.3046875 2666.9609375 3003.8308238636364 55
570 0.1 2634.22265625 0.0 3160.3046875 2634.22265625 2997.8152901785716 56
580 0.1 2609.91015625 0.0 3160.3046875 2609.91015625 2991.4364720394738 57
590 0.1 2598.6640625 0.0 3160.3046875 2598.6640625 2984.858432112069 58
600 0.1 2593.04296875 0.0 3160.3046875 2593.04296875 2978.3127648305085 59
610 0.1 2593.546875 0.0 3160.3046875 2593.04296875 2971.8916015625 60
620 0.1 2561.58203125 0.0 3160.3046875 2561.58203125 2965.6892289959014 61
630 0.1 2541.9375 0.0 3160.3046875 2541.9375 2959.171370967742 62
640 0.1 2533.4609375 0.0 3160.3046875 2533.4609375 2952.5486111111113 63
650 0.1 2517.4296875 0.0 3160.3046875 2517.4296875 2946.0003662109375 64
660 0.1 2507.5859375 0.0 3160.3046875 2507.5859375 2939.4069711538464 65
670 0.1 2503.140625 0.0 3160.3046875 2503.140625 2932.864228219697 66
680 0.1 2477.75 0.0 3160.3046875 2477.75 2926.450443097015 67
690 0.1 2458.37109375 0.0 3160.3046875 2458.37109375 2919.8519071691176 68
700 0.1 2443.73828125 0.0 3160.3046875 2443.73828125 2913.163779438406 69
710 0.1 2443.25390625 0.0 3160.3046875 2443.25390625 2906.4577008928572 70
720 0.1 2430.55859375 0.0 3160.3046875 2430.55859375 2899.9337037852115 71
730 0.1 2441.1875 0.0 3160.3046875 2430.55859375 2893.4146050347226 72
740 0.1 2445.34375 0.0 3160.3046875 2430.55859375 2887.219713184932 73
750 0.1 2458.546875 0.0 3160.3046875 2430.55859375 2881.2484163851354 74
760 0.1 2472.171875 0.0 3160.3046875 2430.55859375 2875.6123958333337 75
770 0.1 2480.6796875 0.0 3160.3046875 2430.55859375 2870.303967927632 76
780 0.1 2492.6171875 0.0 3160.3046875 2430.55859375 2865.2439123376626 77
790 0.1 2510.109375 0.0 3160.3046875 2430.55859375 2860.4666466346157 78
800 0.1 2524.4453125 0.0 3160.3046875 2430.55859375 2856.0317444620255 79
810 0.1 2527.3828125 0.0 3160.3046875 2430.55859375 2851.8869140625 80
820 0.1 2547.30078125 0.0 3160.3046875 2430.55859375 2847.88069058642 81
830 0.1 2571.20703125 0.0 3160.3046875 2430.55859375 2844.215081935976 82
840 0.1 2573.80078125 0.0 3160.3046875 2430.55859375 2840.9258283132535 83
850 0.1 2594.38671875 0.0 3160.3046875 2430.55859375 2837.745768229167 84
860 0.1 2646.92578125 0.0 3160.3046875 2430.55859375 2834.8827205882358 85
870 0.1 2776.703125 0.0 3160.3046875 2430.55859375 2832.697174781977 86
880 0.1 2831.46875 0.0 3160.3046875 2430.55859375 2832.0535650143684 87
890 0.1 2900.1796875 0.0 3160.3046875 2430.55859375 2832.0469193892054 88
900 0.1 2910.328125 0.0 3160.3046875 2430.55859375 2832.8124561095515 89
908 0.1 2920.48828125 0.0 3160.3046875 2430.55859375 2833.6737413194455 90
