0 0.1 0.0 0 0.0 0.0 0 0
10 0.1 0.0 0.0 0.0 0.0 0.0 1
20 0.1 0.0 0.0 0.0 0.0 0.0 2
30 0.1 0.0 0.0 0.0 0.0 0.0 3
40 0.1 0.0 0.0 0.0 0.0 0.0 4
50 0.1 0.0 0.0 0.0 0.0 0.0 5
60 0.1 0.078125 0.0 0.078125 0.0 0.0 6
70 0.1 0.0703125 0.0 0.078125 0.0 0.011160714285714286 7
80 0.1 0.2109375 0.0 0.2109375 0.0 0.0185546875 8
90 0.1 0.25 0.0 0.25 0.0 0.03993055555555555 9
100 0.1 0.2109375 0.0 0.25 0.0 0.0609375 10
110 0.1 0.1796875 0.0 0.25 0.0 0.07457386363636363 11
120 0.1 0.23046875 0.0 0.25 0.0 0.08333333333333333 12
130 0.1 0.19921875 0.0 0.25 0.0 0.0946514423076923 13
140 0.1 0.171875 0.0 0.25 0.0 0.10212053571428571 14
150 0.1 0.21875 0.0 0.25 0.0 0.10677083333333333 15
160 0.1 0.19140625 0.0 0.25 0.0 0.11376953125 16
170 0.1 0.23828125 0.0 0.25 0.0 0.11833639705882353 17
180 0.1 0.19921875 0.0 0.25 0.0 0.125 18
190 0.1 0.25 0.0 0.25 0.0 0.12890625 19
200 0.1 0.2109375 0.0 0.25 0.0 0.1349609375 20
210 0.1 0.1796875 0.0 0.25 0.0 0.13857886904761904 21
220 0.1 0.1484375 0.0 0.25 0.0 0.14044744318181818 22
230 0.1 0.19921875 0.0 0.25 0.0 0.14079483695652173 23
240 0.1 0.171875 0.0 0.25 0.0 0.14322916666666666 24
250 0.1 0.140625 0.0 0.25 0.0 0.144375 25
260 0.1 0.19921875 0.0 0.25 0.0 0.14423076923076922 26
270 0.1 0.171875 0.0 0.25 0.0 0.1462673611111111 27
280 0.1 0.140625 0.0 0.25 0.0 0.14718191964285715 28
290 0.1 0.19921875 0.0 0.25 0.0 0.14695581896551724 29
300 0.1 0.171875 0.0 0.25 0.0 0.14869791666666668 30
310 0.1 0.140625 0.0 0.25 0.0 0.14944556451612903 31
320 0.1 0.12109375 0.0 0.25 0.0 0.149169921875 32
330 0.1 0.1015625 0.0 0.25 0.0 0.14831912878787878 33
340 0.1 0.08984375 0.0 0.25 0.0 0.1469439338235294 34
350 0.1 0.1484375 0.0 0.25 0.0 0.1453125 35
360 0.1 0.2109375 0.0 0.25 0.0 0.14539930555555555 36
370 0.1 0.26171875 0.0 0.26171875 0.0 0.14717060810810811 37
380 0.1 0.21875 0.0 0.26171875 0.0 0.15018503289473684 38
390 0.1 0.26953125 0.0 0.26953125 0.0 0.15194310897435898 39
400 0.1 0.21875 0.0 0.26953125 0.0 0.1548828125 40
410 0.1 0.26953125 0.0 0.26953125 0.0 0.1564405487804878 41
420 0.1 0.37109375 0.0 0.37109375 0.0 0.15913318452380953 42
430 0.1 0.30859375 0.0 0.37109375 0.0 0.1640625 43
440 0.1 0.3515625 0.0 0.37109375 0.0 0.16734730113636365 44
450 0.1 0.44921875 0.0 0.44921875 0.0 0.1714409722222222 45
460 0.1 0.4609375 0.0 0.4609375 0.0 0.17747961956521738 46
470 0.1 0.46875 0.0 0.46875 0.0 0.18351063829787234 47
480 0.1 0.55078125 0.0 0.55078125 0.0 0.189453125 48
490 0.1 0.62109375 0.0 0.62109375 0.0 0.19682716836734693 49
500 0.1 0.6796875 0.0 0.6796875 0.0 0.2053125 50
510 0.1 0.6484375 0.0 0.6796875 0.0 0.21461397058823528 51
520 0.1 0.62890625 0.0 0.6796875 0.0 0.22295673076923078 52
530 0.1 0.69140625 0.0 0.69140625 0.0 0.23061615566037735 53
540 0.1 0.73828125 0.0 0.73828125 0.0 0.23914930555555555 54
550 0.1 0.69921875 0.0 0.73828125 0.0 0.24822443181818182 55
570 0.1 0.58984375 0.0 0.73828125 0.0 0.2562779017857143 56
580 0.1 0.578125 0.0 0.73828125 0.0 0.2621299342105263 57
590 0.1 0.5703125 0.0 0.73828125 0.0 0.267578125 58
600 0.1 0.55859375 0.0 0.73828125 0.0 0.2727092161016949 59
610 0.1 0.5390625 0.0 0.73828125 0.0 0.2774739583333333 60
620 0.1 0.73046875 0.0 0.73828125 0.0 0.2817622950819672 61
630 0.1 0.76953125 0.0 0.76953125 0.0 0.28899949596774194 62
640 0.1 0.80078125 0.0 0.80078125 0.0 0.29662698412698413 63
650 0.1 0.828125 0.0 0.828125 0.0 0.30450439453125 64
660 0.1 0.78125 0.0 0.828125 0.0 0.31256009615384617 65
670 0.1 0.80859375 0.0 0.828125 0.0 0.3196614583333333 66
680 0.1 0.83984375 0.0 0.83984375 0.0 0.3269589552238806 67
690 0.1 0.87109375 0.0 0.87109375 0.0 0.33450137867647056 68
700 0.1 0.80859375 0.0 0.87109375 0.0 0.3422780797101449 69
710 0.1 0.83984375 0.0 0.87109375 0.0 0.3489397321428571 70
720 0.1 0.859375 0.0 0.87109375 0.0 0.3558538732394366 71
730 0.1 0.80078125 0.0 0.87109375 0.0 0.3628472222222222 72
740 0.1 0.828125 0.0 0.87109375 0.0 0.3688463184931507 73
750 0.1 0.7890625 0.0 0.87109375 0.0 0.37505278716216217 74
760 0.1 0.66015625 0.0 0.87109375 0.0 0.38057291666666665 75
770 0.1 0.55859375 0.0 0.87109375 0.0 0.3842516447368421 76
780 0.1 0.62890625 0.0 0.87109375 0.0 0.38651582792207795 77
790 0.1 0.69140625 0.0 0.87109375 0.0 0.38962339743589747 78
800 0.1 0.73046875 0.0 0.87109375 0.0 0.39344343354430383 79
810 0.1 0.62109375 0.0 0.87109375 0.0 0.39765625000000004 80
820 0.1 0.62890625 0.0 0.87109375 0.0 0.400414737654321 81
830 0.1 0.53125 0.0 0.87109375 0.0 0.4032012195121951 82
840 0.1 0.44921875 0.0 0.87109375 0.0 0.40474397590361444 83
850 0.1 0.37890625 0.0 0.87109375 0.0 0.4052734375 84
860 0.1 0.3203125 0.0 0.87109375 0.0 0.40496323529411765 85
870 0.1 0.26953125 0.0 0.87109375 0.0 0.40397892441860467 86
880 0.1 0.23046875 0.0 0.87109375 0.0 0.4024335488505747 87
890 0.1 0.19921875 0.0 0.87109375 0.0 0.4004794034090909 88
900 0.1 0.171875 0.0 0.87109375 0.0 0.398218047752809 89
908 0.1 0.140625 0.0 0.87109375 0.0 0.395703125 90
