20 0.5 5
30 0.5 10
40 0.1 11
50 0.1 12
60 0.9 21
70 1.5 36
80 1 46
90 0.9 55
100 1.7 72
110 1.7 89
120 1.2 101
130 0.7 108
140 1.2 120
150 1.6 136
160 2.1 157
170 1.2 169
180 1.6 185
190 1.4 199
200 2.6 225
210 3.2 257
220 4 297
230 3.5 332
240 3.4 366
250 4.2 408
260 4.6 454
270 5.3 507
280 6.2 569
290 5.6 625
300 5.9 684
310 7.5 759
320 7 829
330 9 919
340 9.5 1014
350 10 1114
360 9.9 1213
370 11 1323
380 11.9 1442
390 13.6 1578
400 14.1 1719
410 15 1869
420 18.6 2055
430 19.3 2248
440 20.2 2450
450 20.3 2653
460 21.2 2865
470 21.4 3079
480 24.8 3327
490 25.7 3584
500 27 3854
510 29.4 4148
520 29.4 4442
530 32.5 4767
540 32.2 5089
550 36.3 5452
560 35 5802
570 43.1 6233
580 40.1 6634
590 48.4 7118
600 43.3 7551
610 46.1 8012
620 52.2 8534
630 57.3 9107
640 52.8 9635
650 57.2 10207
660 59.8 10805
670 60.5 11410
680 55.1 11961
690 66.2 12623
700 65.7 13280
710 69.3 13973
720 71.4 14687
730 66.2 15349
740 59.5 15944
750 44.9 16393
760 36 16753
770 25.2 17005
780 20 17205
790 17.3 17378
800 12.7 17505
810 7.4 17579
820 6.6 17645
830 3.8 17683
840 2.3 17706
850 0.6 17712
860 0.3 17715
870 0 17715
880 0 17715
890 0 17715
900 0 17715
908 0 17715
