0 2.1 68.30355980282737 84.44432358858204 405.267822265625 8.385986328125 0 0
10 6.1 53.56019066982582 76.43447806919319 407.43310546875 5.673828125 68.30355980282737 21
20 11.9 43.26408219537816 66.81047281219466 561.139892578125 0.763916015625 57.33593154535061 82
30 17.4 32.57250275008979 51.37313962018515 567.656005859375 0.65185546875 49.00483665656095 201
40 16.2 46.84598494164739 113.30602152724214 1011.0458984375 0.65185546875 41.38023372395833 375
50 23.4 27.70769481169872 40.40654207230361 1011.0458984375 0.65185546875 43.0291195661662 537
60 35.9 100.66051940067891 229.61329164208385 1355.678955078125 0.65185546875 38.37903734496595 771
70 49.7 26.761909346705217 29.22652442939406 1355.678955078125 0.65185546875 58.16580907771015 1130
80 43.6 32.389397577408246 70.35853223100017 1355.678955078125 0.64990234375 48.572853843346635 1627
90 52.5 25.072627883184516 30.170467519679704 1355.678955078125 0.64990234375 45.15259842310954 2063
100 57.5 45.175385529891294 114.5948354577548 1355.678955078125 0.64990234375 41.07918863429167 2588
110 54.8 25.999732247234252 36.00315388706293 1355.678955078125 0.64794921875 41.8238339757301 3163
120 62.9 43.46236275337836 123.03289301089266 1359.351806640625 0.64794921875 39.4871032435243 3711
130 58.5 22.600239132612153 30.43690892748732 1359.351806640625 0.64794921875 40.06324108492942 4340
140 60.2 28.44308684593023 63.49302419226253 1359.351806640625 0.64794921875 37.988955573841984 4925
150 73.9 26.371091767802763 60.100794267328574 1446.1279296875 0.64794921875 36.94922100279027 5527
160 74.1 40.330910377656835 103.26894206100746 1446.1279296875 0.596923828125 35.701656766490274 6266
170 63.6 25.512995114116535 62.95054092046254 1462.97216796875 0.596923828125 36.19120677731865 7007
180 65.6 32.906367976491055 82.38900772519644 1462.97216796875 0.596923828125 35.302636501537336 7643
190 80.2 27.2026942531367 30.390222901438754 1462.97216796875 0.596923828125 35.11322185490155 8299
200 91.1 29.6526538166335 54.68731371178822 1462.97216796875 0.596923828125 34.41612888307259 9101
210 106.1 36.92424944590891 76.80046339393398 1462.97216796875 0.596923828125 33.98269642347151 10012
220 114 31.88580129523022 36.70391194318122 1462.97216796875 0.596923828125 34.264552086508274 11073
230 118.2 41.144550252485175 91.26887767655248 1462.97216796875 0.593017578125 34.0425119733455 12213
240 127 27.547143170214074 30.773548396505277 1462.97216796875 0.593017578125 34.66920919215424 13395
250 148.4 41.384116941385166 102.22310016056522 1583.68505859375 0.593017578125 34.052432932497645 14665
260 164.4 29.505015129590554 33.91638636096557 1583.68505859375 0.593017578125 34.72617242529528 16149
270 187.2 46.39309196798207 110.94582721124802 2143.654052734375 0.593017578125 34.24375897089532 17793
280 206.1 32.48470407455421 63.44882569147424 2143.654052734375 0.593017578125 35.400308748192366 19665
290 202.9 79.89139917485525 203.13784141753712 2143.654052734375 0.593017578125 35.12372487484392 21726
300 215.3 30.24486624314189 57.724727790385415 2143.654052734375 0.593017578125 38.94749297228543 23755
310 242.2 35.13032079392673 56.69985329008639 2143.654052734375 0.574951171875 38.224289508187624 25908
320 260.4 66.54234583513343 148.95367076929588 2143.654052734375 0.574951171875 37.959778663643334 28330
330 286.7 41.953051766328095 71.28755585184555 2219.16796875 0.553955078125 40.36583688160933 30934
340 284.4 165.35884190812882 368.2738928648748 2219.16796875 0.548095703125 40.50046440962593 33801
350 313.4 38.74146185548117 67.3851762132923 2219.16796875 0.548095703125 50.19066022367265 36645
360 303.3 48.47524013198562 65.64174579906185 2219.16796875 0.548095703125 49.28863182462008 39779
370 368.9 264.7107473628306 378.8184849127468 2487.886962890625 0.548095703125 49.2310073968017 42812
380 370.8 252.8888869136412 243.9159440459453 2953.4140625 0.548095703125 66.32536581349555 46501
390 396.8 363.07611779243695 360.39059512869164 2953.4140625 0.528076171875 80.10332467026106 50209
400 412.3 320.23504157555544 295.2624887251897 2953.4140625 0.52490234375 100.82865171141864 54177
410 408.8 522.3967778454097 632.4568632693939 3462.7119140625 0.52490234375 116.34516192428033 58300
420 470.2 448.88415132731075 432.6875323185273 3462.7119140625 0.52490234375 142.95186523077479 62388
430 499.5 428.11157407407387 483.81881064689605 3462.7119140625 0.52490234375 164.39311741777604 67090
440 510 437.8921769205725 487.6113551211177 3462.7119140625 0.52490234375 182.66701200053538 72085
450 526.1 400.87434140966536 454.7365412693729 3462.7119140625 0.52490234375 199.53101849262828 77185
460 566.8 423.3409049519356 477.62514305255127 3462.7119140625 0.52490234375 212.37903078996874 82446
470 582.9 395.2047097570469 405.1151038792916 3462.7119140625 0.52490234375 225.94931363662224 88114
480 587.8 391.70495264884624 454.5852741094287 3462.7119140625 0.52490234375 236.45131702150408 93943
490 642.5 436.1019844357981 465.6396700801873 3462.7119140625 0.52490234375 245.59349021369326 99821
500 652.4 410.7330151621651 427.13974965237793 3746.767822265625 0.52490234375 257.1140846396201 106246
510 639.9 463.9428187097719 448.6974432500755 3746.767822265625 0.52490234375 266.0012878206885 112770
520 682.1 429.65952089737806 389.00017967239364 3746.767822265625 0.515869140625 276.63012465039463 119169
530 680.7 505.8295588912953 474.8706215838359 3746.767822265625 0.515869140625 284.9150164021263 125990
540 712.6 533.7630057472769 460.8982683146366 3746.767822265625 0.515869140625 296.2388060263179 132797
550 757.5 536.4226601498042 462.3194468824393 3746.767822265625 0.51416015625 308.3354409413179 139923
560 747.5 542.3755836512358 501.12562801965237 3746.767822265625 0.51416015625 320.0492315385076 147498
570 824.3 508.9752352315493 488.5161310861279 3746.767822265625 0.51416015625 330.7729671701509 154973
580 805 494.28959299786493 516.73508343633 3746.767822265625 0.51416015625 339.7728280638752 163216
590 860.5 486.5825285535301 451.5429170916817 3746.767822265625 0.51416015625 347.03556531305844 171266
600 860.3 487.99272995589274 617.9303090164342 3746.767822265625 0.51416015625 353.71146981508633 179871
610 897.4 474.6277798405464 467.6854288377177 3746.767822265625 0.51416015625 359.8408122230119 188474
620 919.9 451.44015667145356 445.5358493840424 3746.767822265625 0.51416015625 365.05787315753514 197448
630 983.4 438.13099909672474 485.02499434539385 3746.767822265625 0.51416015625 368.9032259864876 206647
640 962 439.465203717841 447.1586716326644 3746.767822265625 0.51416015625 372.0480096892886 216481
650 959.2 439.7516107121735 508.1068808037275 3746.767822265625 0.51416015625 374.91643312197874 226101
660 1006.8 422.1162963673184 425.9972508257684 3746.767822265625 0.51416015625 377.5550308887565 235693
670 1028.9 414.7111484447129 504.0164846016173 3746.767822265625 0.51416015625 379.38055577202994 245761
680 978.2 411.458223026629 458.4399835090283 3746.767822265625 0.51318359375 380.8002646882933 256050
690 1101.3 392.84382989492445 428.36630874215456 3746.767822265625 0.51318359375 381.9284063283728 265832
700 1084.3 394.01113209649225 494.48770862920117 3746.767822265625 0.51318359375 382.36262605326726 276845
710 1099.6 390.63901372960265 435.20221963145696 3746.767822265625 0.51318359375 382.80165983648624 287688
720 1033.4 410.1792236469877 513.602657063721 4175.89794921875 0.51318359375 383.0901906697706 298684
730 851.5 494.3157241185135 472.73083999937546 4175.89794921875 0.51318359375 383.9960863353518 309018
740 743.1 538.5420967628793 449.5374691477114 4175.89794921875 0.51318359375 386.9544299271158 317533
750 599 681.5332016577088 328.46649335717797 4175.89794921875 0.51318359375 390.4208075943545 324964
760 499.4 632.3173227795232 146.48381952863198 4175.89794921875 0.51318359375 395.68970671761485 330954
770 430.9 751.0666032509172 297.6736404604479 4175.89794921875 0.51318359375 399.207269895884 335948
780 394.3 634.9403560056982 210.8614488822054 4175.89794921875 0.51318359375 403.6632013460138 340257
790 314.4 821.7166372206979 365.08584123316194 4175.89794921875 0.51318359375 406.3126081467783 344200
800 318.2 760.2301577814412 266.5100100508733 4175.89794921875 0.51318359375 410.07265659272355 347344
810 278.6 657.5033868596627 319.5848952727426 4175.89794921875 0.51318359375 413.2513114393897 350526
820 274.4 660.0526174650955 363.9166250353722 4175.89794921875 0.51318359375 415.17733229948186 353312
830 256.7 408.25465312819586 270.46879993653306 4175.89794921875 0.51318359375 417.0645011226289 356056
840 221.2 198.4902052370597 245.37978031688536 4175.89794921875 0.51318359375 417.00144080635886 358623
850 151.1 31.450083340658043 26.16651751270602 4175.89794921875 0.51318359375 415.6619176085557 360835
860 86.5 28.959294278359828 59.47558158966501 4175.89794921875 0.51318359375 414.0597360429284 362346
870 40.8 21.8625135234758 15.595896199111957 4175.89794921875 0.51318359375 413.14260555369117 363211
880 16.5 20.963069661458345 12.460978988331497 4175.89794921875 0.51318359375 412.7035683264057 363619
890 3.2 29.846405029296875 32.51542335807879 4175.89794921875 0.51318359375 412.52588821326236 363784
900 1.6 18.738510131835938 1.210584008916568 4175.89794921875 0.51318359375 412.4922290463706 363816
908 0.3 17.321695963541668 0.4624885425924075 4175.89794921875 0.51318359375 412.47491319866447 363832
