10 0.1 137 0 137 137 0 0
20 0.1 376.0 0.0 376 137 137.0 1
30 0.1 715.0 0.0 715 137 256.5 2
40 0.1 805.0 0.0 805 137 409.3333333333333 3
50 0.1 729.0 0.0 805 137 508.25 4
60 0.1 1045.0 0.0 1045 137 552.4 5
70 0.1 1957.0 0.0 1957 137 634.5 6
80 0.1 2166.0 0.0 2166 137 823.4285714285714 7
90 0.1 2062.0 0.0 2166 137 991.25 8
100 0.1 2348.0 0.0 2348 137 1110.2222222222222 9
110 0.1 2763.0 0.0 2763 137 1234.0 10
120 0.1 2279.0 0.0 2763 137 1373.0 11
130 0.1 3009.0 0.0 3009 137 1448.5 12
140 0.1 2412.0 0.0 3009 137 1568.5384615384614 13
150 0.1 2443.0 0.0 3009 137 1628.7857142857142 14
160 0.1 3253.0 0.0 3253 137 1683.0666666666666 15
170 0.1 3430.0 0.0 3430 137 1781.1875 16
180 0.1 2530.0 0.0 3430 137 1878.1764705882354 17
190 0.1 3045.0 0.0 3430 137 1914.388888888889 18
200 0.1 3766.0 0.0 3766 137 1973.8947368421052 19
210 0.1 4846.0 0.0 4846 137 2063.5 20
220 0.1 5237.0 0.0 5237 137 2196.0 21
230 0.1 5969.0 0.0 5969 137 2334.2272727272725 22
240 0.1 5759.0 0.0 5969 137 2492.260869565217 23
250 0.1 6920.0 0.0 6920 137 2628.3749999999995 24
260 0.1 7350.0 0.0 7350 137 2800.0399999999995 25
270 0.1 8966.0 0.0 8966 137 2975.038461538461 26
280 0.1 9321.0 0.0 9321 137 3196.925925925925 27
290 0.1 10203.0 0.0 10203 137 3415.6428571428564 28
300 0.1 10005.0 0.0 10203 137 3649.6896551724135 29
310 0.1 11179.0 0.0 11179 137 3861.533333333333 30
320 0.1 12895.0 0.0 12895 137 4097.58064516129 31
330 0.1 13835.0 0.0 13835 137 4372.5 32
340 0.1 14599.0 0.0 14599 137 4659.242424242424 33
350 0.1 15848.0 0.0 15848 137 4951.588235294118 34
360 0.1 17446.0 0.0 17446 137 5262.914285714286 35
370 0.1 18579.0 0.0 18579 137 5601.333333333333 36
380 0.1 21892.0 0.0 21892 137 5952.081081081081 37
390 0.1 21929.0 0.0 21929 137 6371.5526315789475 38
400 0.1 23932.0 0.0 23932 137 6770.461538461538 39
410 0.1 24006.0 0.0 24006 137 7199.5 40
420 0.1 23974.0 0.0 24006 137 7609.414634146341 41
430 0.1 27083.0 0.0 27083 137 7999.047619047619 42
440 0.1 26852.0 0.0 27083 137 8442.860465116279 43
450 0.1 28563.0 0.0 28563 137 8861.25 44
460 0.1 28904.0 0.0 28904 137 9299.066666666668 45
470 0.1 30909.0 0.0 30909 137 9725.260869565218 46
480 0.1 28941.0 0.0 30909 137 10175.978723404256 47
490 0.1 29713.0 0.0 30909 137 10566.916666666668 48
500 0.1 31557.0 0.0 31557 137 10957.65306122449 49
510 0.1 30846.0 0.0 31557 137 11369.64 50
520 0.1 32747.0 0.0 32747 137 11751.529411764706 51
530 0.1 30487.0 0.0 32747 137 12155.288461538461 52
540 0.1 32643.0 0.0 32747 137 12501.169811320755 53
550 0.1 33131.0 0.0 33131 137 12874.166666666666 54
570 0.1 32650.0 0.0 33131 137 13242.472727272727 55
580 0.1 34701.0 0.0 34701 137 13589.035714285714 56
590 0.1 33810.0 0.0 34701 137 13959.421052631578 57
600 0.1 35735.0 0.0 35735 137 14301.672413793103 58
610 0.1 31672.0 0.0 35735 137 14664.949152542373 59
620 0.1 35983.0 0.0 35983 137 14948.4 60
630 0.1 36164.0 0.0 36164 137 15293.22950819672 61
640 0.1 37635.0 0.0 37635 137 15629.854838709678 62
650 0.1 37733.0 0.0 37733 137 15979.142857142857 63
660 0.1 35455.0 0.0 37733 137 16319.046875 64
670 0.1 38212.0 0.0 38212 137 16613.446153846155 65
680 0.1 36078.0 0.0 38212 137 16940.696969696968 66
690 0.1 38214.0 0.0 38214 137 17226.328358208953 67
700 0.1 38638.0 0.0 38638 137 17534.97058823529 68
710 0.1 38850.0 0.0 38850 137 17840.811594202896 69
720 0.1 39210.0 0.0 39210 137 18140.942857142854 70
730 0.1 33082.0 0.0 39210 137 18437.69014084507 71
740 0.1 32007.0 0.0 39210 137 18641.08333333333 72
750 0.1 27248.0 0.0 39210 137 18824.178082191775 73
760 0.1 24155.0 0.0 39210 137 18938.013513513506 74
770 0.1 18710.0 0.0 39210 137 19007.573333333326 75
780 0.1 16328.0 0.0 39210 137 19003.657894736836 76
790 0.1 13529.0 0.0 39210 137 18968.909090909085 77
800 0.1 12907.0 0.0 39210 137 18899.16666666666 78
810 0.1 10924.0 0.0 39210 137 18823.316455696196 79
820 0.1 9750.0 0.0 39210 137 18724.574999999993 80
830 0.1 9379.0 0.0 39210 137 18613.777777777774 81
840 0.1 7787.0 0.0 39210 137 18501.158536585364 82
850 0.1 4853.0 0.0 39210 137 18372.072289156622 83
860 0.1 2777.0 0.0 39210 137 18211.130952380947 84
870 0.1 1394.0 0.0 39210 137 18029.552941176466 85
880 0.1 431.0 0.0 39210 137 17836.116279069764 86
890 0.1 82.0 0.0 39210 82 17636.057471264365 87
900 0.1 25.0 0.0 39210 25 17436.579545454544 88
908 0.1 9.0 0.0 39210 9 17240.94382022472 89
