0 2.2 65.19384765625001 82.92161026519385 405.267822265625 8.385986328125 0 0
10 7.4 44.137104756123314 68.89489617664972 407.43310546875 5.673828125 65.19384765625001 22
20 13.5 38.128466796875 61.6705381297292 549.42578125 0.763916015625 48.96260833740235 96
30 18.7 30.30298896014372 47.841972225207044 553.58203125 0.65185546875 42.630967177353895 231
40 18.5 41.01289194467907 105.49011168868516 1011.0458984375 0.65185546875 37.11581902754934 418
50 26 24.93062368539664 36.367309281712956 1011.0458984375 0.65185546875 38.311438413401746 603
60 39.8 90.78993171423518 217.87086190186514 1340.386962890625 0.65185546875 34.280138495346904 863
70 52.8 25.187133789062493 26.926898616921108 1340.386962890625 0.65185546875 52.11590193794606 1261
80 47.4 29.78796695757515 66.89494025410322 1340.386962890625 0.64990234375 44.16822749266349 1789
90 57.2 23.008076701130886 26.826821333038204 1340.386962890625 0.64990234375 41.156188829989226 2263
100 62.4 41.623316838191094 109.79711002260166 1340.386962890625 0.64990234375 37.49455915178571 2835
110 58.5 24.35148946647969 33.159462790332064 1340.386962890625 0.64794921875 38.23938274135407 3459
120 66.4 41.168123911662256 119.65631866261506 1359.351806640625 0.64794921875 36.23037740856438 4044
130 62.6 21.256052425494193 27.811248740855284 1359.351806640625 0.64794921875 36.92678005895881 4708
140 66 25.80526492956914 59.69967337109334 1359.351806640625 0.64794921875 35.08765829320163 5334
150 78.8 24.72752047311231 57.48580543396653 1446.1279296875 0.64794921875 34.065572937846696 5994
160 79.4 37.63523976208281 99.45853242755868 1446.1279296875 0.596923828125 32.98058542056408 6782
170 68 23.858609188304232 60.10092341030851 1462.97216796875 0.596923828125 33.46841482224912 7576
180 71.1 30.475955067136944 78.58931766991302 1462.97216796875 0.596923828125 32.67690951325173 8256
190 88.7 24.592957024644175 26.436977409123433 1462.97216796875 0.596923828125 32.50239422260964 8967
200 99.2 27.256852426836566 51.42777849744313 1462.97216796875 0.596923828125 31.79043250202963 9854
210 118.8 32.872147993607896 71.54178741706124 1462.97216796875 0.596923828125 31.375780885342234 10846
220 127.9 28.480322723746568 32.463520888900106 1462.97216796875 0.596923828125 31.52350268396444 12034
230 128.2 37.93517495094336 85.70423543077425 1462.97216796875 0.593017578125 31.231139792871623 13313
240 139.7 24.97325987327755 26.616833803350946 1462.97216796875 0.593017578125 31.820010849579262 14595
250 162.2 37.8578564212295 97.06297024614668 1583.68505859375 0.593017578125 31.221904851962112 15992
260 182.8 26.580251747982786 29.690869960887955 1583.68505859375 0.593017578125 31.832982031782233 17614
270 207.7 41.80383788592324 104.70197517601564 2143.654052734375 0.593017578125 31.33910326628561 19442
280 225.6 29.634593341367477 59.21540223927129 2143.654052734375 0.593017578125 32.34915270190005 21519
290 218.5 74.18338972218248 191.13884768700078 2143.654052734375 0.593017578125 32.091569277405355 23775
300 232.7 28.01958790489363 54.26369216996932 2143.654052734375 0.593017578125 35.63435154519573 25960
310 266.7 31.8631075961696 52.02990551258771 2143.654052734375 0.574951171875 35.00793110502947 28287
320 284.7 60.8572468518121 136.6577341372179 2143.654052734375 0.574951171875 34.73697277014127 30954
330 316.3 38.021121984790035 65.4229005900143 2219.16796875 0.553955078125 36.937038457858115 33801
340 314.3 149.6519668583952 337.6077264633528 2219.16796875 0.548095703125 37.02980320722739 36964
350 343.7 35.29382377493549 62.2984426081225 2219.16796875 0.548095703125 45.85548102794747 40107
360 331.5 44.89486155790441 61.648298258081944 2219.16796875 0.548095703125 45.02183193786383 43544
370 404.4 241.70177142014003 339.9675385252817 2487.886962890625 0.548095703125 45.012849526596725 46859
380 409.7 229.8527523950452 205.36266614871002 2953.4140625 0.548095703125 60.63884406793003 50903
390 438.1 328.32515385150333 298.1743165028242 2953.4140625 0.528076171875 73.2437419300426 55000
400 458.3 288.5283466816048 238.74718300960035 2953.4140625 0.52490234375 92.06308929077953 59381
410 453.7 473.05180306757296 554.3696157753293 3462.7119140625 0.52490234375 106.13976170998647 63964
420 520 404.6495819091797 355.7704121483901 3462.7119140625 0.52490234375 130.44130375520288 68501
430 554 387.4191030784636 402.61836612908667 3462.7119140625 0.52490234375 149.78816535003443 73701
440 566.9 392.8558845082629 403.863283887869 3462.7119140625 0.52490234375 166.4017289725972 79241
450 583.6 360.8466992656036 382.0699437890548 3462.7119140625 0.52490234375 181.52089759504082 84910
460 624.5 385.71234116199173 409.68173050198016 3462.7119140625 0.52490234375 193.05358640280537 90746
470 649.1 354.34579587662216 340.89094598302734 3462.7119140625 0.52490234375 205.45838605917677 96991
480 646 356.63377840496776 392.64137140626 3462.7119140625 0.52490234375 214.79748055991155 103482
490 702.5 396.9693794831513 402.89885805365 3462.7119140625 0.52490234375 223.13153382507923 109942
500 718.9 372.582898222599 368.9699428222716 3746.767822265625 0.52490234375 233.57217832949462 116967
510 707.1 420.80856050047066 386.51795010369756 3746.767822265625 0.52490234375 241.62131059303024 124156
520 758.6 386.7776220046586 323.74698401502 3746.767822265625 0.515869140625 251.2765876632636 131227
530 752.2 456.83852294986764 409.56087590506144 3746.767822265625 0.515869140625 258.6815918524521 138813
540 789.3 484.26564529092235 391.044641443913 3746.767822265625 0.515869140625 268.867374035216 146335
550 841.6 481.8448054092466 387.7278271299493 3746.767822265625 0.51416015625 279.8909142161254 154228
560 842.6 481.51946724493945 420.2643313886842 3746.767822265625 0.51416015625 290.341001205386 162644
570 934.3 449.3191144784611 404.3888289148934 3746.767822265625 0.51416015625 299.75743748789773 171070
580 905.7 437.8539671652015 440.9537441765772 3746.767822265625 0.51416015625 307.50274823669537 180413
590 970.4 432.1395706466077 381.08710600218245 3746.767822265625 0.51416015625 313.733766286178 189470
600 959.6 438.41940339419614 547.5851753227327 3746.767822265625 0.51416015625 319.5026413678333 199174
610 1012.8 419.4597684067747 391.60588936554853 3746.767822265625 0.51416015625 324.9685859403532 208770
620 1043.5 397.75845554792244 375.95757008929814 3746.767822265625 0.51416015625 329.3405157707761 218898
630 1113 387.5744644919074 417.59518597170177 3746.767822265625 0.51416015625 332.4536360002003 229333
640 1087.4 388.4908922345217 379.6086378014874 3746.767822265625 0.51416015625 335.00494252599714 240463
650 1077.7 391.5750226221421 441.52990099220165 3746.767822265625 0.51416015625 337.31899185868787 251337
660 1129.5 376.20699370486983 370.54934412125647 3746.767822265625 0.51416015625 339.5497664206638 262114
670 1159.5 368.1005898959694 436.06717689601896 3746.767822265625 0.51416015625 341.0641400593337 273409
680 1110.1 362.14904385989144 399.7666276368471 3746.767822265625 0.51318359375 342.1640812386006 285004
690 1251.2 345.6095677446526 373.77905900968653 3746.767822265625 0.51318359375 342.9133190767288 296105
700 1230.9 346.5897403338628 432.32198985654384 3746.767822265625 0.51318359375 343.02263082343444 308617
710 1246.8 344.74537548546095 377.22570483190736 3746.767822265625 0.51318359375 343.15944601124676 320926
720 1169.1 362.99981836154524 448.8713971247786 4175.89794921875 0.51318359375 343.21875532300555 333394
730 938.9 446.22277003840907 411.58972674592115 4175.89794921875 0.51318359375 343.8889102355157 345085
740 778.5 513.705872075957 410.90087900546865 4175.89794921875 0.51318359375 346.59944079541395 354474
750 609 668.9798144611434 306.11074091549835 4175.89794921875 0.51318359375 350.1905829548055 362259
760 500.6 630.178923036496 140.8358811405748 4175.89794921875 0.51318359375 355.46119973365813 368349
770 430.9 751.0666032509172 297.6736404604479 4175.89794921875 0.51318359375 359.14465629069906 373355
780 394.3 634.9403560056982 210.8614488822054 4175.89794921875 0.51318359375 363.6163339445172 377664
790 314.4 821.7166372206979 365.08584123316194 4175.89794921875 0.51318359375 366.4198218757848 381607
800 318.2 760.2301577814412 266.5100100508733 4175.89794921875 0.51318359375 370.1402883266697 384751
810 278.6 657.5033868596627 319.5848952727426 4175.89794921875 0.51318359375 373.33997993476976 387933
820 274.4 660.0526174650955 363.9166250353722 4175.89794921875 0.51318359375 375.3661912316167 390719
830 256.7 408.25465312819586 270.46879993653306 4175.89794921875 0.51318359375 377.35158643671775 393463
840 221.2 198.4902052370597 245.37978031688536 4175.89794921875 0.51318359375 377.55189492899615 396030
850 151.1 31.450083340658043 26.16651751270602 4175.89794921875 0.51318359375 376.55731259564465 398242
860 86.5 28.959294278359828 59.47558158966501 4175.89794921875 0.51318359375 375.2528645404599 399753
870 40.8 21.8625135234758 15.595896199111957 4175.89794921875 0.51318359375 374.50515989844 400618
880 16.5 20.963069661458345 12.460978988331497 4175.89794921875 0.51318359375 374.1463846576302 401026
890 3.2 29.846405029296875 32.51542335807879 4175.89794921875 0.51318359375 374.0011290387994 401191
900 1.6 18.738510131835938 1.210584008916568 4175.89794921875 0.51318359375 373.97368058452753 401223
908 0.3 17.321695963541668 0.4624885425924075 4175.89794921875 0.51318359375 373.9595150554358 401239
