10 0.1 124 0 124 124 0 0
20 0.1 306.0 0.0 306 124 124.0 1
30 0.1 564.0 0.0 564 124 215.0 2
40 0.1 679.0 0.0 679 124 331.3333333333333 3
50 0.1 632.0 0.0 679 124 418.25 4
60 0.1 931.0 0.0 931 124 461.0 5
70 0.1 1588.0 0.0 1588 124 539.3333333333334 6
80 0.1 1802.0 0.0 1802 124 689.1428571428571 7
90 0.1 1744.0 0.0 1802 124 828.25 8
100 0.1 1912.0 0.0 1912 124 930.0 9
110 0.1 2278.0 0.0 2278 124 1028.2 10
120 0.1 1945.0 0.0 2278 124 1141.8181818181818 11
130 0.1 2531.0 0.0 2531 124 1208.75 12
140 0.1 2134.0 0.0 2531 124 1310.4615384615386 13
150 0.1 2170.0 0.0 2531 124 1369.2857142857142 14
160 0.1 2757.0 0.0 2757 124 1422.6666666666667 15
170 0.1 2804.0 0.0 2804 124 1506.0625 16
180 0.1 2257.0 0.0 2804 124 1582.4117647058824 17
190 0.1 2794.0 0.0 2804 124 1619.888888888889 18
200 0.1 3.3e3 0.0 3300 124 1681.6842105263158 19
210 0.1 4035.0 0.0 4035 124 1762.6 20
220 0.1 4357.0 0.0 4357 124 1870.8095238095239 21
230 0.1 4816.0 0.0 4816 124 1983.8181818181818 22
240 0.1 4923.0 0.0 4923 124 2106.9565217391305 23
250 0.1 5615.0 0.0 5615 124 2224.2916666666665 24
260 0.1 6204.0 0.0 6204 124 2359.92 25
270 0.1 7259.0 0.0 7259 124 2507.769230769231 26
280 0.1 7718.0 0.0 7718 124 2683.740740740741 27
290 0.1 8187.0 0.0 8187 124 2863.535714285714 28
300 0.1 8147.0 0.0 8187 124 3047.103448275862 29
310 0.1 9507.0 0.0 9507 124 3217.1 30
320 0.1 10576.0 0.0 10576 124 3420.0 31
330 0.1 11320.0 0.0 11320 124 3643.625 32
340 0.1 11801.0 0.0 11801 124 3876.242424242424 33
350 0.1 12584.0 0.0 12584 124 4109.323529411765 34
360 0.1 13809.0 0.0 13809 124 4351.457142857143 35
370 0.1 14743.0 0.0 14743 124 4614.166666666667 36
380 0.1 16560.0 0.0 16560 124 4887.918918918919 37
390 0.1 16688.0 0.0 16688 124 5195.078947368421 38
400 0.1 18274.0 0.0 18274 124 5489.7692307692305 39
410 0.1 18494.0 0.0 18494 124 5809.375 40
420 0.1 17410.0 0.0 18494 124 6118.756097560976 41
430 0.1 19040.0 0.0 19040 124 6387.5952380952385 42
440 0.1 20144.0 0.0 20144 124 6681.837209302325 43
450 0.1 21304.0 0.0 21304 124 6987.795454545455 44
460 0.1 21963.0 0.0 21963 124 7305.933333333333 45
470 0.1 23062.0 0.0 23062 124 7624.565217391304 46
480 0.1 21790.0 0.0 23062 124 7953.021276595745 47
490 0.1 23538.0 0.0 23538 124 8241.291666666666 48
500 0.1 23656.0 0.0 23656 124 8553.469387755102 49
510 0.1 23782.0 0.0 23782 124 8855.52 50
520 0.1 24866.0 0.0 24866 124 9148.196078431372 51
530 0.1 24240.0 0.0 24866 124 9450.461538461539 52
540 0.1 25837.0 0.0 25837 124 9729.509433962265 53
550 0.1 26309.0 0.0 26309 124 10027.796296296296 54
570 0.1 25876.0 0.0 26309 124 10323.818181818182 55
580 0.1 27340.0 0.0 27340 124 10601.535714285714 56
590 0.1 27393.0 0.0 27393 124 10895.192982456141 57
600 0.1 28290.0 0.0 28290 124 11179.637931034482 58
610 0.1 26741.0 0.0 28290 124 11469.64406779661 59
620 0.1 28661.0 0.0 28661 124 11724.166666666666 60
630 0.1 29062.0 0.0 29062 124 12001.819672131147 61
640 0.1 30071.0 0.0 30071 124 12276.983870967742 62
650 0.1 30381.0 0.0 30381 124 12559.42857142857 63
660 0.1 29366.0 0.0 30381 124 12837.890625 64
670 0.1 30887.0 0.0 30887 124 13092.16923076923 65
680 0.1 30422.0 0.0 30887 124 13361.787878787878 66
690 0.1 31690.0 0.0 31690 124 13616.41791044776 67
700 0.1 32376.0 0.0 32376 124 13882.20588235294 68
710 0.1 31620.0 0.0 32376 124 14150.231884057972 69
720 0.1 32203.0 0.0 32376 124 14399.800000000001 70
730 0.1 27220.0 0.0 32376 124 14650.54929577465 71
740 0.1 24257.0 0.0 32376 124 14825.125 72
750 0.1 20114.0 0.0 32376 124 14954.328767123288 73
760 0.1 17932.0 0.0 32376 124 15024.054054054053 74
770 0.1 13925.0 0.0 32376 124 15062.826666666666 75
780 0.1 12450.0 0.0 32376 124 15047.855263157895 76
790 0.1 10486.0 0.0 32376 124 15014.116883116883 77
800 0.1 9513.0 0.0 32376 124 14956.064102564103 78
810 0.1 8180.0 0.0 32376 124 14887.164556962025 79
820 0.1 7211.0 0.0 32376 124 14803.325 80
830 0.1 6938.0 0.0 32376 124 14709.592592592593 81
840 0.1 5974.0 0.0 32376 124 14614.817073170732 82
850 0.1 4414.0 0.0 32376 124 14510.710843373494 83
860 0.1 2791.0 0.0 32376 124 14390.511904761905 84
870 0.1 1427.0 0.0 32376 124 14254.04705882353 85
880 0.1 514.0 0.0 32376 124 14104.89534883721 86
890 0.1 105.0 0.0 32376 105 13948.67816091954 87
900 0.1 45.0 0.0 32376 45 13791.363636363636 88
908 0.1 16.0 0.0 32376 16 13636.91011235955 89
