30 0.5 27643.603662109374 4495.054479021276 32969.4130859375 19623.989013671875 0 0
40 0 0 0 32969.4130859375 19623.989013671875 27643.603662109374 5
50 0 0 0 32969.4130859375 19623.989013671875 27643.603662109374 5
60 0.2 39912.33544921875 11663.41943359375 51575.7548828125 19623.989013671875 27643.603662109374 5
70 0.8 47450.90625 16259.363792083494 69450.20703125 19623.989013671875 31148.955601283484 7
80 1 39790.71469726563 16719.970467730593 70598.43090820313 19623.989013671875 39843.329280598955 15
90 0.5 59701.95395507813 23853.534455748035 92965.8701171875 19623.989013671875 39822.283447265625 25
100 1.4 56808.09957449777 20016.599425790107 92965.8701171875 19623.989013671875 43135.56186523438 30
110 1.5 49350.54521484375 23805.295951527045 97049.59106445313 19481.85595703125 47485.91477272727 44
120 1.3 54962.31167367788 26365.025331195237 99612.71899414063 19481.85595703125 47959.97335970604 59
130 1.2 65475.588887532555 22871.757061385706 100793.21899414063 15224.93896484375 49224.28444417318 72
140 1.2 60913.765197753906 28669.115249557246 117782.126953125 15224.93896484375 51545.89936465309 84
150 1 61237.40808105469 24714.831605504725 117782.126953125 15224.93896484375 52716.88259379069 96
160 2.2 51251.969671075996 24854.827309961376 117782.126953125 15224.93896484375 53520.70575296654 106
170 1.5 62781.79729817708 25171.959348693636 117782.126953125 15224.93896484375 53130.7667388916 128
180 1.7 76882.66733685661 16581.328641401757 117782.126953125 15224.93896484375 54143.11260175372 143
190 1.4 56964.587123325895 17045.019596515813 117782.126953125 15224.93896484375 56559.1902923584 160
200 1.6 58261.31072998047 34149.95836181086 134469.76196289063 15224.93896484375 56591.80842818337 174
210 1.6 62553.404205322266 29568.59432375089 134469.76196289063 12197.947998046875 56732.39809570312 190
220 2.2 68945.5223610618 32001.809336454015 139246.76416015625 12197.947998046875 57184.51507509102 206
230 2.8 50021.77309744699 28205.335027476758 139246.76416015625 12197.947998046875 58319.34911145662 228
240 2.4 65379.0632425944 22784.453545410277 139246.76416015625 12197.947998046875 57411.80173492432 256
250 2.7 52226.691569010414 28634.92850305589 139246.76416015625 12197.947998046875 58094.70986415318 280
260 3.5 65129.55660574779 24384.597956027737 139246.76416015625 12197.947998046875 57578.63007923835 307
270 3.1 58001.59816028226 24964.143490716644 139246.76416015625 12197.947998046875 58351.38571791621 342
280 3.3 51582.45069839015 27134.157343247367 139246.76416015625 12197.947998046875 58322.3149021343 373
290 3.8 58329.62061831826 27934.08983773766 139246.76416015625 12197.947998046875 57774.493427445734 406
300 4.6 69639.96630328636 34978.32552252516 159514.93896484375 12197.947998046875 57822.00431315104 444
310 6 67975.02045491534 28543.55768238648 159514.93896484375 12197.947998046875 58931.445642837214 490
320 5.3 61773.70503666716 27048.167276656404 159514.93896484375 12005.906982421875 59918.017440518466 550
330 5.4 63152.40979456018 32561.651950554282 159514.93896484375 12005.906982421875 60081.12099374546 603
340 6.6 70425.11925159798 32880.119729155595 159514.93896484375 12005.906982421875 60333.55568970284 657
350 6 64362.08265787762 30521.528158552832 159514.93896484375 12005.906982421875 61254.77725966837 723
360 5.9 60402.77085954052 27161.926913887575 159514.93896484375 12005.906982421875 61492.88495301774 783
370 7.2 62259.12660725912 34419.98831241068 159514.93896484375 7141.760009765625 61416.499286135135 842
380 7.2 68030.69228786892 28998.19546955395 159514.93896484375 7141.760009765625 61482.87693068757 914
390 8.7 70798.11458894574 35330.53162163452 176592.17919921875 7141.760009765625 61961.01354906186 986
400 7 70210.59641462054 30658.47089770133 176592.17919921875 7141.760009765625 62677.5352549984 1073
410 9.1 68355.46262233861 34828.18515433793 176592.17919921875 7141.760009765625 63138.87758323422 1143
420 9.3 69287.189468876 34653.683317086034 176592.17919921875 7141.760009765625 63523.56902452961 1234
430 12.8 71668.05510139468 37162.203044447 176592.17919921875 6234.464111328125 63927.50022371892 1327
440 11 67716.68649014564 31315.27644451625 176592.17919921875 6234.464111328125 64608.456254194854 1455
450 11.9 76167.46034253546 34143.68475145471 176592.17919921875 6234.464111328125 64826.926111034845 1565
460 13.2 71303.34745094994 38172.40985501623 183391.53198242188 4441.3798828125 65628.3059053036 1684
470 13.3 80208.65708338226 40294.16207154686 183391.53198242188 4441.3798828125 66040.80892514133 1816
480 12.7 76454.69656011627 37222.679227023065 183391.53198242188 4441.3798828125 67007.62462808953 1949
490 18 78405.51678195526 38437.568454542205 202415.73510742188 4441.3798828125 67585.55243896013 2076
500 19.3 78335.49704754293 38188.13200492087 202415.73510742188 4441.3798828125 68448.84746632677 2256
510 19.2 82752.56975809738 40434.02346577928 206234.05493164063 4441.3798828125 69227.99134920743 2449
520 17.4 81514.74088822283 40622.74435033785 206234.05493164063 4441.3798828125 70211.2246148291 2641
530 20.2 83174.27617139151 38603.755481137196 206234.05493164063 4441.3798828125 70909.91443066233 2815
540 20.3 79861.61388137893 37783.58554433329 206234.05493164063 4441.3798828125 71731.06162046257 3017
550 21.8 76891.3777684203 41089.81251091907 209573.19702148438 4441.3798828125 72243.63991517252 3220
560 25.2 80736.57144794762 42355.640572343014 223353.30102539063 4441.3798828125 72538.34813274321 3438
570 23.8 76001.57363814667 41346.05516386711 223353.30102539063 4441.3798828125 73098.2267981718 3690
580 27.4 78585.87053240469 42407.15260504506 223353.30102539063 4441.3798828125 73274.14241627618 3928
590 28.8 76221.61100514726 39136.35097092624 223353.30102539063 3575.116943359375 73620.5045066663 4202
600 29.4 75525.85442658504 40310.12850914891 223353.30102539063 3575.116943359375 73787.34608162455 4490
610 29.9 76696.09597829354 38814.806193602184 223353.30102539063 3575.116943359375 73894.18585031568 4784
620 31.8 78615.3851479585 40084.9132546487 223353.30102539063 3575.116943359375 74059.0040931379 5083
630 35.9 76170.01268035127 40268.38479871451 223353.30102539063 3575.116943359375 74327.27463108143 5401
640 33.3 72858.20954523861 38092.74292765026 223353.30102539063 3575.116943359375 74442.12583936057 5760
650 34.4 74954.59520703695 38804.6462618547 223353.30102539063 3575.116943359375 74355.56025164637 6093
660 42.5 76826.98813304216 37546.8956508515 223353.30102539063 3575.116943359375 74387.57330503371 6437
670 38.2 74221.8398124335 38204.314545185596 223353.30102539063 3270.18896484375 74538.65918406367 6862
680 39 73161.48701046674 38760.045292974646 223353.30102539063 3270.18896484375 74521.95225419583 7244
690 39.9 74532.78541262817 37842.687900206125 223353.30102539063 3270.18896484375 74452.44983802417 7634
700 44.7 74099.38011712207 37654.6727067112 223353.30102539063 3270.18896484375 74456.44011491539 8033
710 45.3 72889.69033483377 35770.22836056565 223353.30102539063 3270.18896484375 74437.61867399396 8480
720 46.2 71607.85435796299 36100.61028264326 223353.30102539063 3270.18896484375 74359.1219161702 8933
730 42.3 74401.69522938822 38050.03418178707 248331.42993164063 3270.18896484375 74223.82807775703 9395
740 42.7 75774.90129514602 38574.519190781684 248331.42993164063 3270.18896484375 74231.49132945188 9818
750 37.8 80356.91195953211 35702.14185178613 248331.42993164063 3270.18896484375 74295.8189092812 10245
760 34.3 83508.02647893703 32089.915576118743 248331.42993164063 3270.18896484375 74511.491805167 10623
770 24.7 92751.00422847606 33586.615520885265 248331.42993164063 3270.18896484375 74792.88988952803 10966
780 22.2 100829.53873148053 30944.980212214465 248331.42993164063 3270.18896484375 75188.47128984197 11213
790 19.4 104914.02135223705 23696.670302062845 248331.42993164063 3270.18896484375 75686.26901367614 11435
800 15.7 111861.93096107434 27989.70818896897 248331.42993164063 3270.18896484375 76173.85900023395 11629
810 12.4 121549.299320344 26546.05504536427 248331.42993164063 3270.18896484375 76649.25585224922 11786
820 11.2 134343.53415134974 27585.795617921252 248331.42993164063 3270.18896484375 77116.72901682048 11910
830 10.4 142832.9526954064 21649.671094067784 248331.42993164063 3270.18896484375 77649.86844246241 12022
840 12.2 155232.47346271435 24485.027218172494 248331.42993164063 3270.18896484375 78208.91848058761 12126
850 10 157215.97664306642 17015.57961440638 248331.42993164063 3270.18896484375 78976.1354717551 12248
860 7.7 165869.8709225345 16974.090514588708 248331.42993164063 3270.18896484375 79609.75906400738 12348
870 4.8 167900.4103749593 13008.186838142243 248331.42993164063 3270.18896484375 80144.32877129965 12425
880 2.9 177570.08131566542 19026.332166281605 248331.42993164063 3270.18896484375 80482.04158433386 12473
890 0.3 185829.9344075521 8441.64575023857 248331.42993164063 3270.18896484375 80707.24980319552 12502
900 0.3 193110.51538085938 11912.06225836252 248331.42993164063 3270.18896484375 80732.46915975794 12505
908 0.1 196631.57885742188 0.0 248331.42993164063 3270.18896484375 80759.42264062325 12508
