0 10.4078125 10.4078125
10 42.29296875 52.70078125
20 73.38828125 126.0890625
30 101.11796875 227.20703125
40 104.88828125 332.0953125
50 146.91171875 479.00703125
60 224.2109375 703.21796875
70 292.84609375 996.0640625
80 265.95078125 1262.01484375
90 322.69296875 1584.7078125
100 350.7890625 1935.496875
110 328.7296875 2264.2265625
120 368.73828125 2632.96484375
130 351.60625 2984.57109375
140 372.14296875 3356.7140625
150 446.0734375 3802.7875
160 443.3953125 4246.1828125
170 383.2265625 4629.409375
180 398.40625 5027.815625
190 494.64609375 5522.46171875
200 564.4359375 6086.89765625
210 654.61640625 6741.5140625
220 718.1953125 7459.709375
230 711.91015625 8171.61953125
240 785.54921875 8957.16875
250 902.21015625 9859.37890625
260 1028.71171875 10888.090625
270 1163.95625 12052.046875
280 1266.1046875 13318.1515625
290 1222.2296875 14540.38125
300 1292.50546875 15832.88671875
310 1486.8984375 17319.78515625
320 1587.68359375 18907.46875
330 1766.05078125 20673.51953125
340 1762.821875 22436.34140625
350 1921.77734375 24358.11875
360 1957.01796875 26315.13671875
370 2137.2890625 28452.42578125
380 2312.146875 30764.57265625
390 2417.07734375 33181.65
400 2598.27109375 35779.92109375
410 2518.8 38298.72109375
420 2873.8421875 41172.56328125
430 3039.940625 44212.50390625
440 3128.6078125 47341.11171875
450 3215.4484375 50556.56015625
460 3425.06015625 53981.6203125
470 3545.21875 57526.8390625
480 3590.125 61116.9640625
490 3721.621875 64838.5859375
500 3867.60546875 68706.19140625
510 3799.12109375 72505.3125
520 4100.48125 76605.79375
530 4035.7703125 80641.5640625
540 4183.07265625 84824.63671875
550 4414.20390625 89238.840625
560 4472.32734375 93711.16796875
570 4941.9171875 98653.08515625
580 4779.290625 103432.37578125
590 5123.99296875 108556.36875
600 4972.38984375 113528.75859375
610 5240.86953125 118769.628125
620 5439.9265625 124209.5546875
630 5745.3484375 129954.903125
640 5650.44453125 135605.34765625
650 5525.96875 141131.31640625
660 5797.721875 146929.03828125
670 5937.31953125 152866.3578125
680 5678.603125 158544.9609375
690 6428.309375 164973.2703125
700 6290.75703125 171264.02734375
710 6372.17890625 177636.20625
720 6088.89296875 183725.09921875
730 4922.81875 188647.91796875
740 4064.4109375 192712.32890625
750 3098.45625 195810.78515625
760 2614.5828125 198425.36796875
770 2281.98125 200707.34921875
780 2119.03125 202826.38046875
790 1732.43125 204558.81171875
800 1756.4484375 206315.26015625
810 1577.5609375 207892.82109375
820 1473.265625 209366.08671875
830 1428.63046875 210794.7171875
840 1223.90546875 212018.62265625
850 855.19609375 212873.81875
860 490.20703125 213364.02578125
870 233.56796875 213597.59375
880 92.7390625 213690.3328125
890 18.2078125 213708.540625
900 9.08046875 213717.62109375
908 1.69921875 213719.3203125
