0 74.80390625 74.80390625
10 275.48515625 350.2890625
20 571.27890625 921.56796875
30 719.140625 1640.70859375
40 582.8640625 2223.57265625
50 833.74296875 3057.315625
60 1467.39453125 4524.71015625
70 2023.0921875 6547.80234375
80 1745.58046875 8293.3828125
90 2087.38203125 10380.76484375
100 2298.315625 12679.08046875
110 2191.1953125 14870.27578125
120 2508.8046875 17379.08046875
130 2087.84765625 19466.928125
140 2230.8421875 21697.7703125
150 2829.0671875 24526.8375
160 3024.10859375 27550.94609375
170 2400.4046875 29951.35078125
180 2488.79375 32440.14453125
190 3300.87578125 35741.0203125
200 3927.84453125 39668.86484375
210 4447.85625 44116.72109375
220 5099.9625 49216.68359375
230 5038.0890625 54254.77265625
240 5306.9640625 59561.73671875
250 6508.178125 66069.91484375
260 6900.4390625 72970.35390625
270 8057.15546875 81027.509375
280 8861.965625 89889.475
290 8549.3234375 98438.7984375
300 8930.271875 107369.0703125
310 10592.35859375 117961.42890625
320 10976.7546875 128938.18359375
330 12586.5703125 141524.75390625
340 12474.11328125 153998.8671875
350 13522.3484375 167521.215625
360 13952.553125 181473.76875
370 16594.27734375 198068.04609375
380 17288.11328125 215356.159375
390 17945.74609375 233301.90546875
400 19249.565625 252551.47109375
410 16455.62890625 269007.1
420 20970.63984375 289977.73984375
430 20542.42578125 310520.165625
440 20132.0640625 330652.2296875
450 20722.88984375 351375.11953125
460 20896.9359375 372272.05546875
470 22788.1265625 395060.18203125
480 19490.0609375 414550.24296875
490 22333.56640625 436883.809375
500 21965.8390625 458849.6484375
510 21262.83828125 480112.48671875
520 22997.53828125 503110.025
530 20309.75546875 523419.78046875
540 20881.51875 544301.29921875
550 22422.28046875 566723.5796875
560 21167.10546875 587890.68515625
570 22161.48359375 610052.16875
580 19710.759375 629762.928125
590 22315.4953125 652078.4234375
600 19063.53984375 671141.96328125
610 22269.25625 693411.21953125
620 22269.84765625 715681.0671875
630 22107.28046875 737788.34765625
640 22546.3765625 760334.72421875
650 20666.60625 781001.33046875
660 22697.11953125 803698.45
670 20820.09609375 824518.54609375
680 20367.46953125 844886.015625
690 22994.54921875 867880.56484375
700 21029.8828125 888910.44765625
710 22973.62890625 911884.0765625
720 20861.51875 932745.5953125
730 21375.92890625 954121.52421875
740 19209.76953125 973331.29375
750 18542.1078125 991873.4015625
760 15611.37421875 1007484.77578125
770 11804.01328125 1019288.7890625
780 10543.83125 1029832.6203125
790 8421.115625 1038253.7359375
800 8166.334375 1046420.0703125
810 6570.5359375 1052990.60625
820 6347.2125 1059337.81875
830 5852.615625 1065190.434375
840 4468.80625 1069659.240625
850 3558.2375 1073217.478125
860 2050.79609375 1075268.27421875
870 891.771875 1076160.04609375
880 297.11015625 1076457.15625
890 48.015625 1076505.171875
900 13.01640625 1076518.18828125
908 2.04375 1076520.23203125
