0 6 6
10 12 12
20 21 21
30 27 28
40 36 36
50 48 48
60 62 62
70 72 72
80 77 78
90 82 84
100 85 85
110 84 88
120 98 99
130 102 104
140 109 110
150 114 115
160 109 117
170 111 117
180 127 127
190 153 153
200 169 170
210 199 199
220 210 210
230 226 227
240 251 251
250 291 293
260 316 316
270 353 353
280 374 378
290 389 396
300 438 439
310 472 472
320 524 524
330 573 573
340 599 601
350 634 634
360 717 717
370 810 810
380 887 887
390 962 962
400 1043 1043
410 1108 1108
420 1195 1195
430 1268 1270
440 1339 1340
450 1429 1436
460 1509 1509
470 1579 1579
480 1644 1644
490 1721 1722
500 1799 1803
510 1836 1839
520 1931 1931
530 1983 1985
540 2108 2110
550 2245 2250
560 2322 2329
570 2427 2430
580 2514 2514
590 2531 2538
600 2655 2656
610 2782 2783
620 2852 2855
630 2945 2947
640 3001 3002
650 3067 3080
660 3088 3097
670 3202 3204
680 3302 3303
690 3392 3403
700 3415 3420
710 3437 3446
720 3114 3455
730 2691 3455
740 2264 3455
750 1886 3455
760 1543 3455
770 1296 3455
780 1074 3455
790 880 3455
800 723 3455
810 599 3455
820 487 3455
830 383 3455
840 261 3455
850 161 3455
860 84 3455
870 36 3455
880 7 3455
890 4 3455
900 1 3455
908 0 3455
