0 0.6 6
10 0.6 12
20 0.9 21
30 1.1 32
40 0.9 41
50 1.2 53
60 1.6 69
70 1.8 87
80 1.5 102
90 1 112
100 1.7 129
110 1.4 143
120 2.7 170
130 1.6 186
140 1.9 205
150 1.5 220
160 1.7 237
170 1.7 254
180 3.3 287
190 4 327
200 3.2 359
210 4.6 405
220 3.3 438
230 4.4 482
240 4.9 531
250 6.7 598
260 6 658
270 6.8 726
280 5.4 780
290 5.3 833
300 9.5 928
310 9.4 1022
320 10.5 1127
330 10.3 1230
340 9.2 1322
350 9.5 1417
360 14.2 1559
370 16.5 1724
380 14.9 1873
390 16.2 2035
400 15.1 2186
410 15.6 2342
420 18 2522
430 20.1 2723
440 18.1 2904
450 20.9 3113
460 21.2 3325
470 20.3 3528
480 19.2 3720
490 25.7 3977
500 27.1 4248
510 22.9 4477
520 26.9 4746
530 25.4 5000
540 32.8 5328
550 35.5 5683
560 32.9 6012
570 34.3 6355
580 36.1 6716
590 30.5 7021
600 41.8 7439
610 42.6 7865
620 38.8 8253
630 45.2 8705
640 38.9 9094
650 41 9504
660 44.6 9950
670 49.6 10446
680 49 10936
690 48.9 11425
700 47 11895
710 47.5 12370
720 13.9 12509
730 0 12509
740 0 12509
750 0 12509
760 0 12509
770 0 12509
780 0 12509
790 0 12509
800 0 12509
810 0 12509
820 0 12509
830 0 12509
840 0 12509
850 0 12509
860 0 12509
870 0 12509
880 0 12509
890 0 12509
900 0 12509
908 0 12509
