0 2.5 25
10 8.3 108
20 13.7 245
30 26.8 513
40 27.1 784
50 24.1 1025
60 28.5 1310
70 30.1 1611
80 33.1 1942
90 36.3 2305
100 45 2755
110 49.7 3252
120 55 3802
130 61.6 4418
140 55.3 4971
150 60.6 5577
160 69 6267
170 64.1 6908
180 71.4 7622
190 76.1 8383
200 85.9 9242
210 86.7 10109
220 96.7 11076
230 91.1 11987
240 98.1 12968
250 116.6 14134
260 122.3 15357
270 119.9 16556
280 120.8 17764
290 115.4 18918
300 120.3 20121
310 117 21291
320 104.8 22339
330 106.8 23407
340 104.8 24455
350 103.6 25491
360 109.1 26582
370 98.5 27567
380 91.5 28482
390 104.4 29526
400 96.3 30489
410 93.6 31425
420 97.3 32398
430 95.6 33354
440 103.2 34386
450 104.8 35434
460 100.8 36442
470 100.7 37449
480 112.1 38570
490 87 39440
500 106.3 40503
510 105.3 41556
520 101.3 42569
530 109 43659
540 129.5 44954
550 157.8 46532
560 154.4 48076
570 146.8 49544
580 116 50704
590 92.7 51631
600 67.7 52308
610 54 52848
620 34.5 53193
630 26.2 53455
640 16.7 53622
650 10.9 53731
660 5.5 53786
670 2.4 53810
680 0.9 53819
690 0.7 53826
700 0.6 53832
710 0.3 53835
712 0.1 53836
