40 0.7 7
50 1.1 18
60 2.1 39
70 2.7 66
80 2.3 89
90 2.3 112
100 3 142
110 3.3 175
120 3.6 211
130 3.8 249
140 2.4 273
150 2.7 300
160 2.9 329
170 3.1 360
180 3 390
190 2.4 414
200 2.5 439
210 3.4 473
220 3.3 506
230 2.7 533
240 3.2 565
250 2.8 593
260 3.3 626
270 2.5 651
280 3 681
290 1.9 700
300 2.4 724
310 1.3 737
320 1.1 748
330 1 758
340 0.9 767
350 0.5 772
360 0.2 774
370 0.3 777
380 0 777
390 0 777
400 0 777
410 0 777
420 0 777
430 0 777
440 0 777
450 0 777
460 0 777
470 0 777
480 0 777
490 0 777
500 0 777
510 0 777
520 0 777
530 0 777
540 0 777
550 0 777
560 0 777
570 0 777
580 0 777
590 0 777
600 0 777
610 0 777
620 0 777
630 0 777
640 0 777
650 0 777
660 0 777
670 0 777
680 0 777
690 0 777
700 0 777
710 0 777
712 0 777
