0 0.5 5
10 1.2 17
20 1.2 29
30 3.1 60
40 2.6 86
50 2.5 111
60 2.9 140
70 3.1 171
80 2 191
90 3.1 222
100 3.5 257
110 4 297
120 4 337
130 4.4 381
140 5.4 435
150 5.6 491
160 6.3 554
170 5.1 605
180 5.2 657
190 7.5 732
200 7.6 808
210 7.6 884
220 10.3 987
230 7.6 1063
240 9.4 1157
250 9.1 1248
260 12.6 1374
270 9.6 1470
280 11.5 1585
290 11.5 1700
300 11.6 1816
310 12 1936
320 15.6 2092
330 14 2232
340 14.6 2378
350 16.6 2544
360 15.8 2702
370 19.5 2897
380 16.7 3064
390 16.6 3230
400 15.4 3384
410 17.1 3555
420 16.3 3718
430 16.9 3887
440 17 4057
450 16.4 4221
460 15.6 4377
470 17.5 4552
480 16.7 4719
490 18.1 4900
500 14 5040
510 17.1 5211
520 17.3 5384
530 15.8 5542
540 13 5672
550 15.7 5829
560 13.6 5965
570 8.7 6052
580 6.1 6113
590 5.1 6164
600 1.5 6179
610 0.9 6188
620 0.1 6189
630 0 6189
640 0 6189
650 0 6189
660 0 6189
670 0 6189
680 0 6189
690 0 6189
700 0 6189
710 0 6189
712 0 6189
