30 0.3 3
40 0.2 5
50 0 5
60 0 5
70 0 5
80 0 5
90 0 5
100 0 5
110 0 5
120 0 5
130 0 5
140 0 5
150 0 5
160 0 5
170 0 5
180 0 5
190 0 5
200 0 5
210 0 5
220 0 5
230 0 5
240 0 5
250 0 5
260 0 5
270 0 5
280 0 5
290 0 5
300 0.1 6
310 0.3 9
320 0.4 13
330 0.8 21
340 0.9 30
350 0.9 39
360 1.6 55
370 1.9 74
380 1.7 91
390 1.3 104
400 2.4 128
410 1.2 140
420 2.8 168
430 1.3 181
440 1.6 197
450 1.1 208
460 1.3 221
470 1.5 236
480 1.3 249
490 1.9 268
500 2.3 291
510 2.1 312
520 1.5 327
530 1.2 339
540 0.7 346
550 0.2 348
560 0 348
570 0 348
580 0 348
590 0 348
600 0 348
610 0 348
620 0 348
630 0 348
640 0 348
650 0 348
660 0 348
670 0 348
680 0 348
690 0 348
700 0 348
710 0 348
712 0 348
