280 3.9 39
290 14.6 185
300 31.4 499
310 46.4 963
320 97 1933
330 122.5 3158
340 132.6 4484
350 152.3 6007
360 172.1 7728
370 196.8 9696
380 240 12096
390 213.3 14229
400 221.2 16441
410 202 18461
420 221.1 20672
430 209.3 22765
440 193.5 24700
450 196.3 26663
460 163.1 28294
470 209.5 30389
480 186.7 32256
490 250.4 34760
500 223.1 36991
510 213.7 39128
520 200.2 41130
530 128.2 42412
540 78.2 43194
550 9.2 43286
560 1 43296
570 0 43296
580 0 43296
590 0 43296
600 0 43296
610 0 43296
620 0 43296
630 0 43296
640 0 43296
650 0 43296
660 0 43296
670 0 43296
680 0 43296
690 0 43296
700 0 43296
710 0 43296
712 0 43296
