0 5 5
10 23 18
20 29 6
30 43 14
40 54 11
50 54 0
60 62 8
70 75 13
80 83 8
90 93 10
100 103 10
110 120 17
120 133 13
130 144 11
140 152 8
150 160 8
160 179 19
170 181 2
180 194 13
190 221 27
200 231 10
210 240 9
220 256 16
230 268 12
240 295 27
250 331 36
260 372 41
270 409 37
280 435 26
290 448 13
300 497 49
310 557 60
320 602 45
330 660 58
340 698 38
350 740 42
360 813 73
370 890 77
380 946 56
390 1031 85
400 1023 -8
410 1033 10
420 1028 -5
430 1029 1
440 1031 2
450 1032 1
460 1025 -7
470 1022 -3
480 1030 8
490 1030 0
500 1022 -8
510 948 -74
520 884 -64
530 810 -74
540 746 -64
550 692 -54
560 631 -61
570 560 -71
580 465 -95
590 389 -76
600 307 -82
610 235 -72
620 162 -73
630 107 -55
640 70 -37
650 37 -33
660 22 -15
670 10 -12
680 7 -3
690 3 -4
700 2 -1
710 1 -1
712 0 -1
