0 0.5 48.7595703125 58.4898087238873 124.154052734375 1.00390625 0 0
10 1.8 1.9086778428819444 2.0194501870354404 124.154052734375 0.953857421875 48.7595703125 5
20 0.6 2.6898193359375 3.457730689117371 124.154052734375 0.912109375 12.093654466711957 23
30 1.7 0.904296875 0.09128378464765584 124.154052734375 0.633056640625 10.148033405172415 29
40 1.3 1.2648362379807692 1.0467161290330933 124.154052734375 0.633056640625 6.731869904891305 46
50 0.1 0.935791015625 0.0 124.154052734375 0.633056640625 5.527269266419491 59
60 0.8 1.09478759765625 0.2610676694887407 124.154052734375 0.633056640625 5.45074462890625 60
70 1.4 1.1953125 1.0158397573263998 124.154052734375 0.633056640625 4.9382790958180145 68
80 1.1 1.113525390625 0.3465619892385837 124.154052734375 0.633056640625 4.2992360184832314 82
90 1.5 1.9698079427083341 2.213518606626782 124.154052734375 0.633056640625 3.9224315356182795 93
100 1.3 1.8685772235576923 2.179892391011482 124.154052734375 0.633056640625 3.651233814380787 108
110 2.5 0.980634765625 0.19403981983872393 124.154052734375 0.633056640625 3.459708726110537 121
120 1.7 1.0867848115808822 0.33887869404720145 124.154052734375 0.633056640625 3.0352097602739727 146
130 2.3 1.2806343410326086 0.846374257278086 124.154052734375 0.633056640625 2.8319997962998467 163
140 2.1 1.3263578869047619 1.2776036560514077 124.154052734375 0.633056640625 2.640164283014113 186
150 2.1 1.250395275297619 1.1654572060053456 124.154052734375 0.633056640625 2.5068795761624396 207
160 2.7 1.3235134548611114 1.4779220985626893 124.154052734375 0.618896484375 2.391150758977522 228
170 1.4 1.5032610212053572 1.3760116082484017 124.154052734375 0.618896484375 2.278106809129902 255
180 3.1 1.3623755670362898 1.6807040792780776 124.154052734375 0.618896484375 2.2377802625464684 269
190 4.3 1.038653706395349 0.6455461136910039 124.154052734375 0.618896484375 2.14732177734375 300
200 2.7 1.3511827256944444 1.615033162029542 124.154052734375 0.618896484375 2.008334234921647 343
210 3.2 0.9889526367187504 0.694730978933758 124.154052734375 0.618896484375 1.960379935599662 370
220 3.5 1.7746442522321428 2.1993061054657703 124.154052734375 0.618896484375 1.883052389420087 402
230 3.3 1.0350748697916672 0.7576028942536476 124.154052734375 0.618896484375 1.8743698155034325 437
240 4.9 2.4506038743622436 7.137353730532115 124.154052734375 0.618896484375 1.8154405959109043 470
250 5.6 1.3597499302455358 2.178188162310384 124.154052734375 0.596923828125 1.8754078418533235 519
260 6.8 1.233197380514706 0.9187947668214522 124.154052734375 0.596923828125 1.8251872452445652 575
270 5.8 1.3933400121228448 1.6016222064886196 124.154052734375 0.596923828125 1.7625817852109253 643
280 5.4 1.0253906250000002 0.7814058360337471 124.154052734375 0.596923828125 1.7320311106900856 701
290 5.2 1.2273277869591346 1.0885206310194089 124.154052734375 0.596923828125 1.6814899368791392 755
300 7.8 1.0662904397035255 1.213049923456784 124.154052734375 0.596923828125 1.652225461295694 807
310 10.1 1.2690840617264858 2.634758106538276 124.154052734375 0.596923828125 1.600583730579096 885
320 9.5 1.0725406044407895 0.8003851076904716 124.154052734375 0.596923828125 1.566626867948149 986
330 10.4 1.2670828012319713 1.4163198033894726 124.154052734375 0.596923828125 1.5232057809609159 1081
340 10.5 1.1152250744047623 0.8692636002940407 124.154052734375 0.596923828125 1.5007274772547468 1185
350 10.6 1.8369278817806607 1.625441970997103 124.154052734375 0.596923828125 1.46934937469719 1290
360 15.5 1.9923292590725803 4.107649382093451 124.154052734375 0.596923828125 1.497260063630462 1396
370 15.8 1.2381035527096524 0.8678863192998707 124.154052734375 0.452880859375 1.546735063819713 1551
380 22.6 1.3374682401133844 2.1245169808326416 124.154052734375 0.43994140625 1.5182015478715623 1709
390 20 1.2603295898437503 2.598941211930848 124.154052734375 0.43994140625 1.4970926447432171 1935
400 16.2 384.0469684365354 1297.876744412002 7012.779052734375 0.43994140625 1.4749134358533373 2135
410 15.4 514.5179078733768 1990.9294625792393 15028.804931640625 0.43994140625 28.456486317921467 2297
420 15.4 514.2197725370331 1071.6014911174846 15028.804931640625 0.43994140625 58.99645323735847 2451
430 14.6 927.0491943359373 2954.7399057800994 15034.698974609375 0.43994140625 85.9079277756118 2605
440 14.4 953.8063134087453 3935.9138059590127 31082.739013671875 0.43994140625 130.54864930153238 2751
450 13 2806.0307579627397 7100.15188114199 31082.739013671875 0.43994140625 171.4982533193005 2895
460 15.6 4443.852681477865 9147.257724193436 63102.72900390625 0.43994140625 284.71783203124994 3025
470 13.6 5003.918900433709 13615.119198030827 63168.903076171875 0.43994140625 488.6867212213386 3181
480 32.2 7917.381265012368 13233.20404826684 63168.903076171875 0.43994140625 673.8153242882311 3317
490 13.6 24760.61347692153 24685.32372390767 63168.903076171875 0.43994140625 1314.7683973613755 3639
500 14.1 40568.33074994458 26361.681514323525 63175.691162109375 0.43994140625 2159.4399022144034 3775
510 11.5 40792.513610309106 27879.636198511507 63175.691162109375 0.43994140625 3542.395369407957 3916
520 8.8 40877.64094959606 29779.110100575796 63179.802001953125 0.43994140625 4605.100305578543 4031
530 2.7 53772.643174913195 22424.278435464716 63179.802001953125 0.43994140625 5380.041693457528 4119
540 2.5 5053.014589843751 17131.277928331885 63179.802001953125 0.43994140625 5695.188881108108 4146
550 3.9 1.0600898938301282 0.19010138913531405 63179.802001953125 0.43994140625 5691.339838364975 4171
560 2.7 1.1180103443287037 0.21223482099985636 63179.802001953125 0.43994140625 5638.6270330941015 4210
570 0.6 1.0194905598958333 0.060675112647278706 63179.802001953125 0.43994140625 5602.702382724915 4237
580 0 0 0 63179.802001953125 0.43994140625 5594.781077668825 4243
590 0 0 0 63179.802001953125 0.43994140625 5594.781077668825 4243
600 0 0 0 63179.802001953125 0.43994140625 5594.781077668825 4243
610 0 0 0 63179.802001953125 0.43994140625 5594.781077668825 4243
620 0 0 0 63179.802001953125 0.43994140625 5594.781077668825 4243
630 0 0 0 63179.802001953125 0.43994140625 5594.781077668825 4243
640 0 0 0 63179.802001953125 0.43994140625 5594.781077668825 4243
650 0 0 0 63179.802001953125 0.43994140625 5594.781077668825 4243
660 0 0 0 63179.802001953125 0.43994140625 5594.781077668825 4243
670 0 0 0 63179.802001953125 0.43994140625 5594.781077668825 4243
680 0 0 0 63179.802001953125 0.43994140625 5594.781077668825 4243
690 0 0 0 63179.802001953125 0.43994140625 5594.781077668825 4243
700 0 0 0 63179.802001953125 0.43994140625 5594.781077668825 4243
710 0 0 0 63179.802001953125 0.43994140625 5594.781077668825 4243
712 0 0 0 63179.802001953125 0.43994140625 5594.781077668825 4243
