0 0.1 3.9106432171036807 0 3.9106432171036807 3.9106432171036807 0 0
10 0.1 2.549019607843137 0.0 3.9106432171036807 2.549019607843137 3.9106432171036807 1
20 0.1 1.7769002961500493 0.0 3.9106432171036807 1.7769002961500493 3.229831412473409 2
30 0.1 2.1739130434782608 0.0 3.9106432171036807 1.7769002961500493 2.7455210403656225 3
40 0.1 3.3398821218074657 0.0 3.9106432171036807 1.7769002961500493 2.6026190411437824 4
50 0.1 3.732809430255403 0.0 3.9106432171036807 1.7769002961500493 2.750071657276519 5
60 0.1 3.536345776031434 0.0 3.9106432171036807 1.7769002961500493 2.9138612861063335 6
70 0.1 3.812316715542522 0.0 3.9106432171036807 1.7769002961500493 3.0027876418099195 7
80 0.1 4.207436399217221 0.0 4.207436399217221 1.7769002961500493 3.1039787760264947 8
90 0.1 4.035433070866142 0.0 4.207436399217221 1.7769002961500493 3.226585178603242 9
100 0.1 4.682926829268292 0.0 4.682926829268292 1.7769002961500493 3.307469967829532 10
110 0.1 5.647517039922103 0.0 5.647517039922103 1.7769002961500493 3.4325115006876006 11
120 0.1 5.22167487684729 0.0 5.647517039922103 1.7769002961500493 3.617095295623809 12
130 0.1 6.432748538011696 0.0 6.432748538011696 1.7769002961500493 3.740524494179461 13
140 0.1 6.51750972762646 0.0 6.51750972762646 1.7769002961500493 3.932826211596049 14
150 0.1 6.997084548104956 0.0 6.997084548104956 1.7769002961500493 4.105138445998077 15
160 0.1 6.360078277886497 0.0 6.997084548104956 1.7769002961500493 4.285885077379756 16
170 0.1 6.660137120470128 0.0 6.997084548104956 1.7769002961500493 4.407896442115447 17
180 0.1 7.183908045977011 0.0 7.183908045977011 1.7769002961500493 4.533020924246262 18
190 0.1 8.155339805825243 0.0 8.155339805825243 1.7769002961500493 4.6725412990741955 19
200 0.1 8.891013384321225 0.0 8.891013384321225 1.7769002961500493 4.846681224411748 20
210 0.1 8.695652173913043 0.0 8.891013384321225 1.7769002961500493 5.039268470121723 21
220 0.1 9.903846153846153 0.0 9.903846153846153 1.7769002961500493 5.2054677293849645 22
230 0.1 9.942084942084941 0.0 9.942084942084941 1.7769002961500493 5.409745052187624 23
240 0.1 10.748560460652591 0.0 10.748560460652591 1.7769002961500493 5.5985925476000125 24
250 0.1 10.521235521235521 0.0 10.748560460652591 1.7769002961500493 5.804591264122115 25
260 0.1 12.022900763358779 0.0 12.022900763358779 1.7769002961500493 5.986000658626477 26
270 0.1 12.881679389312978 0.0 12.881679389312978 1.7769002961500493 6.20958955139434 27
280 0.1 12.295869356388089 0.0 12.881679389312978 1.7769002961500493 6.447878474177149 28
290 0.1 12.332695984703633 0.0 12.881679389312978 1.7769002961500493 6.649533332184423 29
300 0.1 12.739463601532567 0.0 12.881679389312978 1.7769002961500493 6.838972087268397 30
310 0.1 15.114068441064637 0.0 15.114068441064637 1.7769002961500493 7.029310523212403 31
320 0.1 15.7644824311491 0.0 15.7644824311491 1.7769002961500493 7.281959208145285 32
330 0.1 15.62198649951784 0.0 15.7644824311491 1.7769002961500493 7.539005366418127 33
340 0.1 15.856031128404668 0.0 15.856031128404668 1.7769002961500493 7.776740105626942 34
350 0.1 17.15919923736892 0.0 17.15919923736892 1.7769002961500493 8.00757699199202 35
360 0.1 19.165085388994306 0.0 19.165085388994306 1.7769002961500493 8.261788721030266 36
370 0.1 20.72936660268714 0.0 20.72936660268714 1.7769002961500493 8.556472414759025 37
380 0.1 20.981713185755535 0.0 20.981713185755535 1.7769002961500493 8.876811735493975 38
390 0.1 22.2011385199241 0.0 22.2011385199241 1.7769002961500493 9.187193823962222 39
400 0.1 21.764141898370088 0.0 22.2011385199241 1.7769002961500493 9.512542441361267 40
410 0.1 20.722433460076044 0.0 22.2011385199241 1.7769002961500493 9.811361940312702 41
420 0.1 21.86616399622997 0.0 22.2011385199241 1.7769002961500493 10.071149357449926 42
430 0.1 22.20095693779904 0.0 22.2011385199241 1.7769002961500493 10.345452023468066 43
440 0.1 22.57142857142857 0.0 22.57142857142857 1.7769002961500493 10.61489531697559 44
450 0.1 21.53846153846154 0.0 22.57142857142857 1.7769002961500493 10.880596055963434 45
460 0.1 22.306238185255197 0.0 22.57142857142857 1.7769002961500493 11.112288783843827 46
470 0.1 20.626151012891345 0.0 22.57142857142857 1.7769002961500493 11.350457920044068 47
480 0.1 21.904761904761905 0.0 22.57142857142857 1.7769002961500493 11.543701526145052 48
490 0.1 19.943019943019944 0.0 22.57142857142857 1.7769002961500493 11.75515173795356 49
500 0.1 20.777988614800762 0.0 22.57142857142857 1.7769002961500493 11.918909102054888 50
510 0.1 19.54022988505747 0.0 22.57142857142857 1.7769002961500493 12.092616543481277 51
520 0.1 19.98078770413064 0.0 22.57142857142857 1.7769002961500493 12.235839876973127 52
530 0.1 17.029328287606432 0.0 22.57142857142857 1.7769002961500493 12.38197096805157 53
540 0.1 16.365366317792578 0.0 22.57142857142857 1.7769002961500493 12.468033140635919 54
550 0.1 17.758784425451093 0.0 22.57142857142857 1.7769002961500493 12.53889374385695 55
560 0.1 17.345971563981042 0.0 22.57142857142857 1.7769002961500493 12.632106077456843 56
570 0.1 15.704824976348156 0.0 22.57142857142857 1.7769002961500493 12.714805471957268 57
580 0.1 13.371537726838586 0.0 22.57142857142857 1.7769002961500493 12.7663575323778 58
590 0.1 11.207729468599034 0.0 22.57142857142857 1.7769002961500493 12.77661482380934 59
600 0.1 8.949416342412452 0.0 22.57142857142857 1.7769002961500493 12.750466734555834 60
610 0.1 6.758080313418217 0.0 22.57142857142857 1.7769002961500493 12.688154433045286 61
620 0.1 4.818092428711897 0.0 22.57142857142857 1.7769002961500493 12.592508076277108 62
630 0.1 3.645320197044335 0.0 22.57142857142857 1.7769002961500493 12.469104653299881 63
640 0.1 2.949852507374631 0.0 22.57142857142857 1.7769002961500493 12.33123302117089 64
650 0.1 2.3645320197044337 0.0 22.57142857142857 1.7769002961500493 12.18690409018941 65
660 0.1 1.7733990147783252 0.0 22.57142857142857 1.7733990147783252 12.038080270939638 66
670 0.1 1.3820335636722607 0.0 22.57142857142857 1.3820335636722607 11.884876073086483 67
680 0.1 1.1811023622047243 0.0 22.57142857142857 1.1811023622047243 11.730422506771568 68
700 0.1 1.1822660098522169 0.0 22.57142857142857 1.1811023622047243 11.57753380902422 69
710 0.1 0.9861932938856016 0.0 22.57142857142857 0.9861932938856016 11.429029983321763 70
712 0.1 1.083743842364532 0.0 22.57142857142857 0.9861932938856016 11.281947776428295 71
