0 0 0
10 0 0
20 0 0
30 0.3 3
40 0.2 5
50 0.1 6
60 0 6
70 0.1 7
80 0.3 10
90 0.5 15
100 0.3 18
110 0.8 26
120 0.4 30
130 1.2 42
140 1.3 55
150 1.3 68
160 0.8 76
170 1.2 88
180 1.8 106
190 1.6 122
200 1.7 139
210 2.3 162
220 2 182
230 2.2 204
240 2.2 226
250 1.8 244
260 2.7 271
270 2.2 293
280 2.7 320
290 4 360
300 2.8 388
310 4.1 429
320 5.1 480
330 4.4 524
340 7.2 596
350 6 656
360 8 736
370 8.1 817
380 9 907
390 8.5 992
400 12.8 1120
410 11.6 1236
420 12.1 1357
430 11.5 1472
440 11 1582
450 10.5 1687
460 13.4 1821
470 10.9 1930
480 11.3 2043
490 10.5 2148
500 12.3 2271
510 15.7 2428
520 12.9 2557
530 9.9 2656
540 8.7 2743
550 9.9 2842
560 8.5 2927
570 7.9 3006
580 9.4 3100
590 7.5 3175
600 8.2 3257
610 7.4 3331
620 7.3 3404
630 5.3 3457
640 3.7 3494
650 3.3 3527
660 1.5 3542
670 1.2 3554
680 0.3 3557
690 0.4 3561
700 0.1 3562
710 0.1 3563
712 0.1 3564
