0 0.1 3160.71484375 0 3160.71484375 3160.71484375 0 0
10 0.1 3159.0234375 0.0 3160.71484375 3159.0234375 3160.71484375 1
20 0.1 3154.4375 0.0 3160.71484375 3154.4375 3159.869140625 2
30 0.1 3149.01171875 0.0 3160.71484375 3149.01171875 3158.05859375 3
40 0.1 3142.734375 0.0 3160.71484375 3142.734375 3155.796875 4
50 0.1 3138.546875 0.0 3160.71484375 3138.546875 3153.184375 5
60 0.1 3135.64453125 0.0 3160.71484375 3135.64453125 3150.7447916666665 6
70 0.1 3134.6015625 0.0 3160.71484375 3134.6015625 3148.5876116071427 7
80 0.1 3132.21875 0.0 3160.71484375 3132.21875 3146.83935546875 8
90 0.1 3128.01171875 0.0 3160.71484375 3128.01171875 3145.21484375 9
100 0.1 3125.765625 0.0 3160.71484375 3125.765625 3143.49453125 10
110 0.1 3122.05859375 0.0 3160.71484375 3122.05859375 3141.8828125 11
120 0.1 3116.66015625 0.0 3160.71484375 3116.66015625 3140.2307942708335 12
130 0.1 3110.6015625 0.0 3160.71484375 3110.6015625 3138.417668269231 13
140 0.1 3108.015625 0.0 3160.71484375 3108.015625 3136.4308035714284 14
150 0.1 3103.0703125 0.0 3160.71484375 3103.0703125 3134.5364583333335 15
160 0.1 3100.5625 0.0 3160.71484375 3100.5625 3132.56982421875 16
170 0.1 3097.421875 0.0 3160.71484375 3097.421875 3130.6870404411766 17
180 0.1 3095.5703125 0.0 3160.71484375 3095.5703125 3128.8389756944443 18
190 0.1 3096.51953125 0.0 3160.71484375 3095.5703125 3127.0879934210525 19
200 0.1 3089.30078125 0.0 3160.71484375 3089.30078125 3125.5595703125 20
210 0.1 3088.25390625 0.0 3160.71484375 3088.25390625 3123.832961309524 21
220 0.1 3082.703125 0.0 3160.71484375 3082.703125 3122.215731534091 22
230 0.1 3078.8515625 0.0 3160.71484375 3078.8515625 3120.497792119565 23
240 0.1 3074.671875 0.0 3160.71484375 3074.671875 3118.7625325520835 24
250 0.1 3065.51171875 0.0 3160.71484375 3065.51171875 3116.99890625 25
260 0.1 3053.390625 0.0 3160.71484375 3053.390625 3115.0186298076924 26
270 0.1 3036.8984375 0.0 3160.71484375 3036.8984375 3112.7361111111113 27
280 0.1 3027.41015625 0.0 3160.71484375 3027.41015625 3110.0276227678573 28
290 0.1 3017.65234375 0.0 3160.71484375 3017.65234375 3107.178744612069 29
300 0.1 3011.06640625 0.0 3160.71484375 3011.06640625 3104.19453125 30
310 0.1 3007.62109375 0.0 3160.71484375 3007.62109375 3101.190398185484 31
320 0.1 2995.05859375 0.0 3160.71484375 2995.05859375 3098.266357421875 32
330 0.1 2992.6484375 0.0 3160.71484375 2992.6484375 3095.138849431818 33
340 0.1 2993.33203125 0.0 3160.71484375 2992.6484375 3092.1244255514707 34
350 0.1 2985.5703125 0.0 3160.71484375 2985.5703125 3089.301785714286 35
360 0.1 2982.66015625 0.0 3160.71484375 2982.66015625 3086.420355902778 36
370 0.1 2979.39453125 0.0 3160.71484375 2979.39453125 3083.6160261824325 37
380 0.1 2976.4140625 0.0 3160.71484375 2976.4140625 3080.873355263158 38
390 0.1 2970.4140625 0.0 3160.71484375 2970.4140625 3078.194911858974 39
400 0.1 2966.87890625 0.0 3160.71484375 2966.87890625 3075.5003906249995 40
410 0.1 2966.40625 0.0 3160.71484375 2966.40625 3072.851086128048 41
420 0.1 2968.8984375 0.0 3160.71484375 2966.40625 3070.316685267856 42
430 0.1 2967.98828125 0.0 3160.71484375 2966.40625 3067.9581213662777 43
440 0.1 2970.87109375 0.0 3160.71484375 2966.40625 3065.686079545453 44
450 0.1 2973.03125 0.0 3160.71484375 2966.40625 3063.5790798611097 45
460 0.1 2972.41015625 0.0 3160.71484375 2966.40625 3061.6106487771726 46
470 0.1 2970.71875 0.0 3160.71484375 2966.40625 3059.7127659574458 47
480 0.1 2960.32421875 0.0 3160.71484375 2960.32421875 3057.858723958332 48
490 0.1 2956.8828125 0.0 3160.71484375 2956.8828125 3055.8682238520396 49
500 0.1 2956.984375 0.0 3160.71484375 2956.8828125 3053.888515624999 50
510 0.1 2955.12890625 0.0 3160.71484375 2955.12890625 3051.9884344362736 51
520 0.1 2952.9453125 0.0 3160.71484375 2952.9453125 3050.125751201922 52
530 0.1 2951.64453125 0.0 3160.71484375 2951.64453125 3048.2921580188668 53
540 0.1 2944.96875 0.0 3160.71484375 2944.96875 3046.502387152777 54
550 0.1 2942.87890625 0.0 3160.71484375 2942.87890625 3044.6563210227264 55
560 0.1 2945.9375 0.0 3160.71484375 2942.87890625 3042.838867187499 56
570 0.1 2951.5234375 0.0 3160.71484375 2942.87890625 3041.1388432017534 57
580 0.1 2951.01953125 0.0 3160.71484375 2942.87890625 3039.593749999999 58
590 0.1 2955.8515625 0.0 3160.71484375 2942.87890625 3038.0924920550838 59
600 0.1 2971.66796875 0.0 3160.71484375 2942.87890625 3036.7218098958324 60
610 0.1 2986.96484375 0.0 3160.71484375 2942.87890625 3035.6553534836057 61
620 0.1 3011.4140625 0.0 3160.71484375 2942.87890625 3034.870022681451 62
630 0.1 3014.34765625 0.0 3160.71484375 2942.87890625 3034.4977058531736 63
640 0.1 3023.25 0.0 3160.71484375 2942.87890625 3034.182861328124 64
650 0.1 3024.40625 0.0 3160.71484375 2942.87890625 3034.0146634615376 65
660 0.1 3024.76171875 0.0 3160.71484375 2942.87890625 3033.869081439393 66
670 0.1 3025.02734375 0.0 3160.71484375 2942.87890625 3033.733150652984 67
680 0.1 3037.828125 0.0 3160.71484375 2942.87890625 3033.6051240808815 68
700 0.1 3048.98828125 0.0 3160.71484375 2942.87890625 3033.6663269927526 69
710 0.1 3052.8359375 0.0 3160.71484375 2942.87890625 3033.8852120535707 70
712 0.1 3053.11328125 0.0 3160.71484375 2942.87890625 3034.1521236795766 71
