0 0.1 0.078125 0 0.078125 0.078125 0 0
10 0.1 0.0703125 0.0 0.078125 0.0703125 0.078125 1
20 0.1 0.05859375 0.0 0.078125 0.05859375 0.07421875 2
30 0.1 0.05078125 0.0 0.078125 0.05078125 0.06901041666666667 3
40 0.1 0.0390625 0.0 0.078125 0.0390625 0.064453125 4
50 0.1 0.109375 0.0 0.109375 0.0390625 0.059375 5
60 0.1 0.08984375 0.0 0.109375 0.0390625 0.06770833333333333 6
70 0.1 0.1484375 0.0 0.1484375 0.0390625 0.07087053571428571 7
80 0.1 0.12890625 0.0 0.1484375 0.0390625 0.08056640625 8
90 0.1 0.1796875 0.0 0.1796875 0.0390625 0.0859375 9
100 0.1 0.1484375 0.0 0.1796875 0.0390625 0.0953125 10
110 0.1 0.12890625 0.0 0.1796875 0.0390625 0.10014204545454546 11
120 0.1 0.109375 0.0 0.1796875 0.0390625 0.1025390625 12
130 0.1 0.08984375 0.0 0.1796875 0.0390625 0.10306490384615384 13
140 0.1 0.078125 0.0 0.1796875 0.0390625 0.10212053571428571 14
150 0.1 0.0703125 0.0 0.1796875 0.0390625 0.10052083333333334 15
160 0.1 0.05859375 0.0 0.1796875 0.0390625 0.0986328125 16
170 0.1 0.12109375 0.0 0.1796875 0.0390625 0.09627757352941177 17
180 0.1 0.1015625 0.0 0.1796875 0.0390625 0.09765625 18
190 0.1 0.08984375 0.0 0.1796875 0.0390625 0.09786184210526316 19
200 0.1 0.0703125 0.0 0.1796875 0.0390625 0.0974609375 20
210 0.1 0.05859375 0.0 0.1796875 0.0390625 0.09616815476190477 21
220 0.1 0.12890625 0.0 0.1796875 0.0390625 0.09446022727272728 22
230 0.1 0.19140625 0.0 0.19140625 0.0390625 0.09595788043478261 23
240 0.1 0.16015625 0.0 0.19140625 0.0390625 0.09993489583333333 24
250 0.1 0.140625 0.0 0.19140625 0.0390625 0.10234375 25
260 0.1 0.12109375 0.0 0.19140625 0.0390625 0.10381610576923077 26
270 0.1 0.1015625 0.0 0.19140625 0.0390625 0.10445601851851852 27
280 0.1 0.078125 0.0 0.19140625 0.0390625 0.10435267857142858 28
290 0.1 0.0703125 0.0 0.19140625 0.0390625 0.10344827586206896 29
300 0.1 0.05859375 0.0 0.19140625 0.0390625 0.10234375 30
310 0.1 0.12890625 0.0 0.19140625 0.0390625 0.10093245967741936 31
320 0.1 0.109375 0.0 0.19140625 0.0390625 0.101806640625 32
330 0.1 0.08984375 0.0 0.19140625 0.0390625 0.10203598484848485 33
340 0.1 0.078125 0.0 0.19140625 0.0390625 0.10167738970588236 34
350 0.1 0.140625 0.0 0.19140625 0.0390625 0.10100446428571429 35
360 0.1 0.19921875 0.0 0.19921875 0.0390625 0.10210503472222222 36
370 0.1 0.171875 0.0 0.19921875 0.0390625 0.10472972972972973 37
380 0.1 0.2890625 0.0 0.2890625 0.0390625 0.10649671052631579 38
390 0.1 0.25 0.0 0.2890625 0.0390625 0.11117788461538461 39
400 0.1 0.2109375 0.0 0.2890625 0.0390625 0.1146484375 40
410 0.1 0.1796875 0.0 0.2890625 0.0390625 0.1169969512195122 41
420 0.1 0.23046875 0.0 0.2890625 0.0390625 0.11848958333333333 42
430 0.1 0.26953125 0.0 0.2890625 0.0390625 0.12109375 43
440 0.1 0.23046875 0.0 0.2890625 0.0390625 0.12446732954545454 44
450 0.1 0.19140625 0.0 0.2890625 0.0390625 0.12682291666666667 45
460 0.1 0.16015625 0.0 0.2890625 0.0390625 0.12822690217391305 46
470 0.1 0.140625 0.0 0.2890625 0.0390625 0.12890625000000003 47
480 0.1 0.19140625 0.0 0.2890625 0.0390625 0.12915039062500003 48
490 0.1 0.23828125 0.0 0.2890625 0.0390625 0.13042091836734698 49
500 0.1 0.28125 0.0 0.2890625 0.0390625 0.13257812500000005 50
510 0.1 0.23046875 0.0 0.2890625 0.0390625 0.13549325980392163 51
520 0.1 0.19921875 0.0 0.2890625 0.0390625 0.1373197115384616 52
530 0.1 0.23828125 0.0 0.2890625 0.0390625 0.13848761792452835 53
540 0.1 0.19921875 0.0 0.2890625 0.0390625 0.1403356481481482 54
550 0.1 0.171875 0.0 0.2890625 0.0390625 0.14140625000000004 55
560 0.1 0.1484375 0.0 0.2890625 0.0390625 0.1419503348214286 56
570 0.1 0.19921875 0.0 0.2890625 0.0390625 0.14206414473684215 57
580 0.1 0.171875 0.0 0.2890625 0.0390625 0.14304956896551727 58
590 0.1 0.140625 0.0 0.2890625 0.0390625 0.14353813559322037 59
600 0.1 0.12109375 0.0 0.2890625 0.0390625 0.14348958333333336 60
610 0.1 0.1015625 0.0 0.2890625 0.0390625 0.1431224385245902 61
620 0.1 0.08984375 0.0 0.2890625 0.0390625 0.1424521169354839 62
630 0.1 0.0703125 0.0 0.2890625 0.0390625 0.14161706349206352 63
640 0.1 0.05859375 0.0 0.2890625 0.0390625 0.14050292968750003 64
650 0.1 0.05078125 0.0 0.2890625 0.0390625 0.13924278846153848 65
660 0.1 0.12109375 0.0 0.2890625 0.0390625 0.13790246212121215 66
670 0.1 0.1015625 0.0 0.2890625 0.0390625 0.13765158582089554 67
680 0.1 0.08984375 0.0 0.2890625 0.0390625 0.13712086397058826 68
700 0.1 0.0703125 0.0 0.2890625 0.0390625 0.13643568840579712 69
710 0.1 0.05859375 0.0 0.2890625 0.0390625 0.13549107142857145 70
712 0.1 0.05078125 0.0 0.2890625 0.0390625 0.1344080105633803 71
