10 0.1 1
20 0.3 4
30 2.1 25
40 1.1 36
50 1.3 49
60 1.3 62
70 0.7 69
80 1 79
90 1.7 96
100 0.9 105
110 2.5 130
120 1.6 146
130 2.9 175
140 2.5 200
150 3.3 233
160 2.6 259
170 2.5 284
180 4.5 329
190 3 359
200 4.4 403
210 6.1 464
220 5 514
230 5 564
240 5.2 616
250 5.7 673
260 6.1 734
270 5.5 789
280 7.5 864
290 8.1 945
300 8.1 1026
310 8.6 1112
320 11.6 1228
330 11.8 1346
340 14.5 1491
350 15.8 1649
360 17.4 1823
370 16.3 1986
380 19.8 2184
390 21.6 2400
400 24.1 2641
410 18 2821
420 20.8 3029
430 21.6 3245
440 20 3445
450 21 3655
460 20.5 3860
470 20.1 4061
480 20 4261
490 22.6 4487
500 26.9 4756
510 23.3 4989
520 20.5 5194
530 17.6 5370
540 17.7 5547
550 14.6 5693
560 12.6 5819
570 11.4 5933
580 12.9 6062
590 9.2 6154
600 8.3 6237
610 7.3 6310
620 7.3 6383
630 5.5 6438
640 3.7 6475
650 3.3 6508
660 1.5 6523
670 1.2 6535
680 0.3 6538
690 0.4 6542
700 0.1 6543
710 0.1 6544
712 0.1 6545
