0 2 63.88111572265625 49.14687191903063 168.111083984375 5.77783203125 0 0
10 6.6 58.37856963186552 73.74065818453745 488.8369140625 5.4091796875 63.88111572265625 20
20 8.6 75.42315815770347 58.91053509377714 490.4951171875 5.4091796875 59.658231513444754 86
30 22.5 42.24352973090277 48.614862078297435 490.4951171875 0.3779296875 67.5406948355741 172
40 22.6 42.90035389587942 52.34705985373693 563.2509765625 0.3779296875 53.20351058229689 397
50 20.8 39.21938500037562 39.810673835823934 563.2509765625 0.3779296875 49.465928862986544 623
60 28.2 25.71854308649158 32.008786591720686 563.2509765625 0.3779296875 46.90121030291065 831
70 31.1 22.121974540293422 28.733408130109652 563.2509765625 0.3779296875 41.534173326243824 1113
80 30.6 27.516899956597218 34.921369887739225 563.2509765625 0.3779296875 37.29457092285157 1424
90 34.9 26.05006421807844 33.49924357090026 563.2509765625 0.3779296875 35.56511004673953 1730
100 42.2 29.428281666543228 36.07333752601353 563.2509765625 0.3779296875 33.96782722124519 2079
110 47.1 31.89493607766061 48.81990601396571 647.10986328125 0.3779296875 33.20185831917233 2501
120 50.5 33.94703163675742 41.576421252571336 647.10986328125 0.3779296875 32.99473840808484 2972
130 56.2 33.421808969083635 39.849046184399576 647.10986328125 0.3779296875 33.13304961903671 3477
140 51.4 31.094887581316872 37.6186050468725 647.10986328125 0.3779296875 33.17322856301452 4039
150 54 35.754585774739596 40.29728941009705 647.10986328125 0.3779296875 32.938599249464644 4553
160 64 33.0136203765869 40.29537304007042 647.10986328125 0.3779296875 33.23717233480697 5093
170 59.1 35.94342216582065 45.13043211453136 647.10986328125 0.3779296875 33.212216246674956 5733
180 65.7 33.21258479892024 40.967161525733154 647.10986328125 0.3779296875 33.46745702754389 6324
190 68.2 38.95605719334219 44.55617006915505 647.10986328125 0.3779296875 33.44347034165279 6981
200 73.9 56.611674018415926 64.40317764473163 647.10986328125 0.3779296875 33.934085535813324 7663
210 77.2 45.5885588492754 52.647882581020276 647.10986328125 0.3779296875 35.928698471857516 8402
220 87.4 61.814546144254145 68.66968292788926 647.10986328125 0.3779296875 36.74158404100582 9174
230 81.2 46.62712570716593 54.76655258277737 647.10986328125 0.3779296875 38.92249256790063 10048
240 88.5 49.49013202904309 57.293131495797844 647.10986328125 0.3779296875 39.49856642693226 10860
250 98.3 143.16463075406924 122.84298884917379 647.10986328125 0.3779296875 40.25144301764048 11745
260 108.7 253.4945893765813 187.030909859325 897.238037109375 0.3779296875 48.19956240363274 12728
270 100 713.3112312011735 310.1500513699698 1482.284912109375 0.3779296875 64.35270712455892 13815
280 108 810.9047724971073 382.280366505259 1652.772216796875 0.3779296875 108.15685994782011 14815
290 110.2 868.9003254912942 474.2547079362108 1887.638916015625 0.3779296875 155.905695780046 15895
300 127.6 808.4544905420368 530.3570923202597 1887.638916015625 0.348876953125 202.13268183298447 16997
310 136.2 743.5575205709082 559.3324597139468 1998.22802734375 0.348876953125 244.47201461428753 18273
320 165.3 622.4245819627178 640.2183858106266 2088.52099609375 0.348876953125 279.0915439808736 19635
330 184 576.893501878821 646.0782484363621 2088.52099609375 0.348876953125 305.7511414904559 21288
340 191.6 538.8436265280455 637.4146606710802 2088.52099609375 0.33203125 327.3224811270259 23128
350 204.6 514.2851550567427 627.2852656160651 2088.52099609375 0.33203125 343.5049805116431 25044
360 233.1 467.4063774642392 599.5098508643165 2088.52099609375 0.33203125 356.4033281350936 27090
370 241.4 430.9250882708929 616.8667296193995 2088.52099609375 0.33203125 365.19800227894456 29421
380 262.6 426.11700044328336 664.3061773192733 2440.510986328125 0.33203125 370.1819880048614 31835
390 260.9 608.8302166179566 1031.8572166639647 6276.843017578125 0.33203125 374.44435249408974 34461
400 272.9 825.8641272880681 1752.160312046278 9265.491943359375 0.33203125 390.9405143365275 37070
410 253.5 918.1437055057322 2086.4777376816533 15637.93798828125 0.33203125 420.7630360015129 39799
420 262.9 922.342203992725 2165.987574907694 23529.19189453125 0.320068359375 450.5466613899287 42334
430 253.8 933.6106800653504 2143.7038450772784 23529.19189453125 0.320068359375 478.132687266822 44963
440 254.6 965.4993862922238 2366.4730187959503 24171.725830078125 0.320068359375 502.46908325264684 47501
450 253.4 983.3495421255319 2575.0905710646543 41074.14501953125 0.320068359375 526.0244442440901 50047
460 225.7 1275.6971318182004 3584.8832131254944 41307.724853515625 0.320068359375 548.0639984182513 52581
470 262.1 1130.7723806440192 3788.958312837688 71090.5869140625 0.320068359375 578.011625649071 54838
480 262.8 1832.3996899748506 5838.3476979254965 73020.78588867188 0.320068359375 603.2258817071604 57459
490 265.2 1178.337622272844 4835.928348956387 73598.81005859375 0.320068359375 656.9857427108299 60087
500 274.7 2223.0553581534964 9618.476538502766 73598.81005859375 0.319091796875 679.0234733823175 62739
510 275.1 3797.2003838092965 14193.746413856647 73598.81005859375 0.2919921875 743.7923642516091 65486
520 253.5 2678.7335928832294 11698.256960127403 73598.81005859375 0.2919921875 866.891642675385 68237
530 199.9 1259.531207864674 6731.782784064588 73598.81005859375 0.2919921875 931.7904634488108 70772
540 185.8 667.1345351499416 2582.632073389632 73598.81005859375 0.2919921875 940.7934144607153 72771
550 161.8 578.2150838165833 279.83096831705836 73598.81005859375 0.2919921875 933.9802694666861 74629
560 148.5 450.49043215356636 253.01397824596734 73598.81005859375 0.2919921875 926.4307518413124 76247
570 136.2 98.84159808501975 122.59897016923215 73598.81005859375 0.2919921875 917.3383397750295 77732
580 111.6 22.766392424115143 30.582660958235444 73598.81005859375 0.2919921875 903.243812223233 79094
590 93.9 13.575265772680382 17.312312273083958 73598.81005859375 0.2919921875 890.9933097859332 80210
600 68.3 9.835705870241569 11.113711057391214 73598.81005859375 0.2919921875 880.8404361420381 81149
610 54.7 8.791000896223718 5.760365727984869 73598.81005859375 0.2919921875 873.5707099863089 81832
620 34.7 8.432017037779177 2.1756368190946582 73598.81005859375 0.2919921875 867.8285366062936 82379
630 26.2 7.921554448950383 1.1869763233030488 73598.81005859375 0.2919921875 864.2237377245602 82726
640 16.7 7.866430225486527 1.0172118936274563 73598.81005859375 0.2919921875 861.5203207001928 82988
650 10.9 8.07616963517775 1.009171735262743 73598.81005859375 0.2919921875 859.8059295065269 83155
660 5.5 68.842333984375 156.99217154169494 73598.81005859375 0.2919921875 858.6909393087707 83264
670 2.4 8.914479573567709 0.3875450366979972 73598.81005859375 0.2919921875 858.1695495502181 83319
680 0.9 9.354600694444445 0.5556727762533723 73598.81005859375 0.2919921875 857.9249924586875 83343
690 0.7 9.1025390625 0.156358245412047 73598.81005859375 0.2919921875 857.8333673803945 83352
700 0.6 8.6138916015625 0.18022824895837725 73598.81005859375 0.2919921875 857.7620959424187 83359
710 0.3 9.182047526041666 0.9701426623765657 73598.81005859375 0.2919921875 857.7009804955759 83365
712 0.1 8.48193359375 0.0 73598.81005859375 0.2919921875 857.6704465161245 83368
