10 0.1 131 0 131 131 0 0
20 0.1 337.0 0.0 337 131 131.0 1
30 0.1 546.0 0.0 546 131 234.0 2
40 0.1 890.0 0.0 890 131 338.0 3
50 0.1 920.0 0.0 920 131 476.0 4
60 0.1 690.0 0.0 920 131 564.8 5
70 0.1 872.0 0.0 920 131 585.6666666666666 6
80 0.1 931.0 0.0 931 131 626.5714285714286 7
90 0.1 1025.0 0.0 1025 131 664.625 8
100 0.1 1183.0 0.0 1183 131 704.6666666666666 9
110 0.1 1478.0 0.0 1478 131 752.5 10
120 0.1 1493.0 0.0 1493 131 818.4545454545455 11
130 0.1 1944.0 0.0 1944 131 874.6666666666666 12
140 0.1 1950.0 0.0 1950 131 956.9230769230769 13
150 0.1 1848.0 0.0 1950 131 1027.857142857143 14
160 0.1 2107.0 0.0 2107 131 1082.5333333333333 15
170 0.1 2174.0 0.0 2174 131 1146.5625 16
180 0.1 2118.0 0.0 2174 131 1207.0 17
190 0.1 2479.0 0.0 2479 131 1257.611111111111 18
200 0.1 2726.0 0.0 2726 131 1321.8947368421052 19
210 0.1 3178.0 0.0 3178 131 1392.1 20
220 0.1 3298.0 0.0 3298 131 1477.142857142857 21
230 0.1 3383.0 0.0 3383 131 1559.909090909091 22
240 0.1 3387.0 0.0 3387 131 1639.1739130434783 23
250 0.1 3991.0 0.0 3991 131 1712.0 24
260 0.1 4878.0 0.0 4878 131 1803.16 25
270 0.1 5099.0 0.0 5099 131 1921.423076923077 26
280 0.1 5083.0 0.0 5099 131 2039.111111111111 27
290 0.1 5015.0 0.0 5099 131 2147.8214285714284 28
300 0.1 5147.0 0.0 5147 131 2246.689655172414 29
310 0.1 5642.0 0.0 5642 131 2343.366666666667 30
320 0.1 6099.0 0.0 6099 131 2449.7741935483873 31
330 0.1 6268.0 0.0 6268 131 2563.8125 32
340 0.1 6515.0 0.0 6515 131 2676.060606060606 33
350 0.1 6746.0 0.0 6746 131 2788.970588235294 34
360 0.1 6733.0 0.0 6746 131 2902.0285714285715 35
370 0.1 7427.0 0.0 7427 131 3008.4444444444443 36
380 0.1 7887.0 0.0 7887 131 3127.864864864865 37
390 0.1 7824.0 0.0 7887 131 3253.1052631578946 38
400 0.1 8.0e3 0.0 8000 131 3370.3076923076924 39
410 0.1 7429.0 0.0 8000 131 3486.05 40
420 0.1 7374.0 0.0 8000 131 3582.2195121951218 41
430 0.1 7815.0 0.0 8000 131 3672.5 42
440 0.1 7673.0 0.0 8000 131 3768.8372093023254 43
450 0.1 7590.0 0.0 8000 131 3857.568181818182 44
460 0.1 7738.0 0.0 8000 131 3940.511111111111 45
470 0.1 7723.0 0.0 8000 131 4023.0652173913045 46
480 0.1 9097.0 0.0 9097 131 4101.787234042553 47
490 0.1 7717.0 0.0 9097 131 4205.854166666667 48
500 0.1 7775.0 0.0 9097 131 4277.510204081633 49
510 0.1 7840.0 0.0 9097 131 4347.46 50
520 0.1 7592.0 0.0 9097 131 4415.941176470588 51
530 0.1 6594.0 0.0 9097 131 4477.0192307692305 52
540 0.1 6451.0 0.0 9097 131 4516.962264150943 53
550 0.1 6621.0 0.0 9097 131 4552.777777777777 54
560 0.1 6402.0 0.0 9097 131 4590.381818181818 55
570 0.1 5680.0 0.0 9097 131 4622.732142857142 56
580 0.1 3689.0 0.0 9097 131 4641.2807017543855 57
590 0.1 2523.0 0.0 9097 131 4624.862068965517 58
600 0.1 1710.0 0.0 9097 131 4589.237288135593 59
610 0.1 1310.0 0.0 9097 131 4541.25 60
620 0.1 897.0 0.0 9097 131 4488.2786885245905 61
630 0.1 625.0 0.0 9097 131 4430.354838709677 62
640 0.1 454.0 0.0 9097 131 4369.952380952381 63
650 0.1 269.0 0.0 9097 131 4308.765625 64
660 0.1 139.0 0.0 9097 131 4246.615384615385 65
670 0.1 71.0 0.0 9097 71 4184.378787878788 66
680 0.1 23.0 0.0 9097 23 4122.985074626866 67
700 0.1 19.0 0.0 9097 19 4062.6911764705883 68
710 0.1 15.0 0.0 9097 15 4004.086956521739 69
712 0.1 6.0 0.0 9097 6 3947.1 70
