0 3 42.561010742187506 43.9755538726882 168.111083984375 5.77783203125 0 0
10 9.5 40.52266652960526 59.05815100647941 475.589111328125 5.4091796875 42.561010742187506 30
20 14.9 44.07148404729444 51.79155149643649 481.490966796875 5.4091796875 41.011869140625 125
30 30.2 31.441740932843544 41.15795190633018 481.490966796875 0.3779296875 42.67567432709853 274
40 30.6 31.688640120761836 44.42176716365462 563.2509765625 0.3779296875 36.78566063774956 576
50 27.7 29.122005972190887 32.490287641648166 563.2509765625 0.3779296875 35.01730658083545 882
60 33.5 21.640829057835823 26.58164814321059 563.2509765625 0.3779296875 33.60833482191005 1159
70 35.9 19.157178958478422 24.032723323597327 563.2509765625 0.3779296875 30.92485796048778 1494
80 37.4 22.50259481011865 28.966723724948988 563.2509765625 0.3779296875 28.64498922777253 1853
90 41.7 21.792119819769194 27.980236856462167 563.2509765625 0.3779296875 27.613442073662718 2227
100 51.5 24.103899139108 29.68440555329716 563.2509765625 0.3779296875 26.69532884375591 2644
110 57 26.344996830455052 41.93429640397986 632.8330078125 0.3779296875 26.272857714318217 3159
120 62.6 27.37537635096347 33.90066923135123 632.8330078125 0.3779296875 26.28388461059014 3729
130 69.8 26.899518294457398 32.65663703313131 632.8330078125 0.3779296875 26.440778716095007 4355
140 63.1 25.31841199484945 30.935077777918128 632.8330078125 0.3779296875 26.50414705682268 5053
150 68.9 28.011092984624455 33.00580687054592 632.8330078125 0.3779296875 26.372514610639513 5684
160 78.2 27.008604864330234 32.68254496134175 632.8330078125 0.3779296875 26.549665167626117 6373
170 72.3 29.510171850687232 35.818496252282955 632.8330078125 0.3779296875 26.599824614561495 7155
180 79.6 27.276236836035643 32.98493065188991 632.8330078125 0.3779296875 26.866920457633203 7878
190 86 30.88138143849927 35.73616870861729 632.8330078125 0.3779296875 26.904482809167483 8674
200 96 43.567041269938194 47.85467183744502 632.8330078125 0.3779296875 27.263212914183775 9534
210 97.7 36.01071769847106 41.261752030311634 632.8330078125 0.3779296875 28.754700928432325 10494
220 110.3 49.12553409911889 49.71230878988252 632.8330078125 0.3779296875 29.372705320754516 11471
230 101.4 37.446701742017964 41.842278309085415 632.8330078125 0.3779296875 31.105437159671002 12574
240 110.7 39.28963569013947 43.17831566823548 632.8330078125 0.3779296875 31.5786519290631 13588
250 128.5 110.25465064141541 78.8667087536868 632.8330078125 0.3779296875 32.15953379524286 14695
260 138.2 200.99394100205754 112.00777842992439 632.8330078125 0.3779296875 38.439397696828074 15980
270 132 549.3158156886243 109.0430561394464 902.201904296875 0.3779296875 51.378597031456984 17362
280 139.2 629.0467476680358 154.7051037491383 1017.722900390625 0.3779296875 86.56097197137031 18682
290 143.4 672.2666138206081 247.84007554644728 1172.866943359375 0.3779296875 124.17879601091192 20074
300 165.9 615.3053710643192 309.40271014318483 1172.866943359375 0.348876953125 160.72138159483902 21508
310 177.1 573.9019690610011 353.66475184039973 1180.10595703125 0.348876953125 193.27435947414438 23167
320 218.9 474.0164266824176 430.0846456757199 1180.10888671875 0.348876953125 220.3050554633305 24938
330 245.2 430.86160512305025 438.30217012451345 1188.031005859375 0.348876953125 240.77817049995755 27127
340 254.1 408.8775953272579 437.2292333738846 1188.031005859375 0.33203125 256.5354503841938 29579
350 274.2 384.8623460899035 436.5836592366863 1188.031005859375 0.33203125 268.58717486427867 32120
360 299.1 358.80263250689626 426.68302622845226 1212.7880859375 0.33203125 277.7325629516134 34862
370 317.3 329.9343688753246 430.2874829903566 1212.7880859375 0.33203125 284.1384113134302 37853
380 358.5 315.55689075847636 477.23069002532225 2440.510986328125 0.33203125 287.680325546938 41026
390 340.5 460.95654002902455 858.1363751989169 6276.843017578125 0.33203125 289.920523845191 44611
400 339.8 669.9732117812868 1576.9830616174665 9265.491943359375 0.33203125 302.04934830174614 48016
410 318.5 728.7882426167577 1843.8853831575161 15637.93798828125 0.33203125 326.36578522755383 51414
420 341.3 711.4352811315412 1895.7650459128365 23529.19189453125 0.320068359375 349.84085852165475 54599
430 328.1 718.0861255351598 1870.5573736560546 23529.19189453125 0.320068359375 371.1144185500548 58012
440 320.6 771.8881344762499 2122.6696595171497 24171.725830078125 0.320068359375 389.6877331311347 61293
450 323.3 765.3034934537395 2271.5209694733767 41074.14501953125 0.320068359375 408.6854615720785 64499
460 286.5 1006.0820722383553 3204.921640599374 41307.724853515625 0.320068359375 425.7076386386558 67732
470 335 883.1646698635715 3366.72736713121 71090.5869140625 0.320068359375 449.26066146204965 70597
480 339.9 1420.9641228204762 5176.0097841147635 73020.78588867188 0.320068359375 468.9176918776865 73947
490 362.2 866.065434877679 4152.711478986858 73598.81005859375 0.320068359375 510.75574192260854 77346
500 350.9 1737.725945921426 8549.370404982903 73598.81005859375 0.319091796875 526.6500669384576 80968
510 343.6 3052.552080112232 12828.261177140266 73598.81005859375 0.2919921875 576.9556561444099 84477
520 325.1 2071.9876764180817 10310.055846360628 73598.81005859375 0.2919921875 673.7121007288677 87913
530 256.4 978.8094474804379 5954.16206357988 73598.81005859375 0.2919921875 723.5760151749828 91164
540 224.8 549.8535583061685 2333.0272615286194 73598.81005859375 0.2919921875 730.5581178596788 93728
550 187.1 494.82309930455796 147.5877439821509 73598.81005859375 0.2919921875 726.3255612843235 95976
560 172.7 386.01188626976904 151.79869255146693 73598.81005859375 0.2919921875 721.8988429754929 97847
570 157.8 83.65169750450512 89.20773462711335 73598.81005859375 0.2919921875 716.0732582422214 99574
580 122.8 20.684303109731278 25.806836188542217 73598.81005859375 0.2919921875 706.2073018316303 101152
590 98.5 12.938245310517134 15.028910891169026 73598.81005859375 0.2919921875 697.9847755332273 102380
600 69.3 9.692912312297079 10.482024265865814 73598.81005859375 0.2919921875 691.456735749264 103365
610 55.1 8.726757014944418 5.186411257468425 73598.81005859375 0.2919921875 686.9163608656239 104058
620 34.7 8.432017037779177 2.1756368190946582 73598.81005859375 0.2919921875 683.3441780541858 104609
630 26.2 7.921554448950383 1.1869763233030488 73598.81005859375 0.2919921875 681.1128190097035 104956
640 16.7 7.866430225486527 1.0172118936274563 73598.81005859375 0.2919921875 679.4365268228636 105218
650 10.9 8.07616963517775 1.009171735262743 73598.81005859375 0.2919921875 678.3723126924677 105385
660 5.5 68.842333984375 156.99217154169494 73598.81005859375 0.2919921875 677.6797398485786 105494
670 2.4 8.914479573567709 0.3875450366979972 73598.81005859375 0.2919921875 677.3624838127798 105549
680 0.9 9.354600694444445 0.5556727762533723 73598.81005859375 0.2919921875 677.2105249587003 105573
690 0.7 9.1025390625 0.156358245412047 73598.81005859375 0.2919921875 677.1535957158522 105582
700 0.6 8.6138916015625 0.18022824895837725 73598.81005859375 0.2919921875 677.10930741502 105589
710 0.3 9.182047526041666 0.9701426623765657 73598.81005859375 0.2919921875 677.0713229224315 105595
712 0.1 8.48193359375 0.0 73598.81005859375 0.2919921875 677.0523484359243 105598
