10 0.1 126 0 126 126 0 0
20 0.1 300.0 0.0 300 126 126.0 1
30 0.1 432.0 0.0 432 126 213.0 2
40 0.1 780.0 0.0 780 126 286.0 3
50 0.1 787.0 0.0 787 126 409.5 4
60 0.1 636.0 0.0 787 126 485.0 5
70 0.1 875.0 0.0 875 126 510.1666666666667 6
80 0.1 980.0 0.0 980 126 562.2857142857143 7
90 0.1 1005.0 0.0 1005 126 614.5 8
100 0.1 1226.0 0.0 1226 126 657.8888888888889 9
110 0.1 1453.0 0.0 1453 126 714.7 10
120 0.1 1503.0 0.0 1503 126 781.8181818181819 11
130 0.1 1854.0 0.0 1854 126 841.9166666666666 12
140 0.1 1876.0 0.0 1876 126 919.7692307692307 13
150 0.1 1840.0 0.0 1876 126 988.0714285714286 14
160 0.1 1997.0 0.0 1997 126 1044.8666666666666 15
170 0.1 2172.0 0.0 2172 126 1104.375 16
180 0.1 2054.0 0.0 2172 126 1167.1764705882354 17
190 0.1 2462.0 0.0 2462 126 1216.4444444444443 18
200 0.1 2585.0 0.0 2585 126 1282.0 19
210 0.1 2887.0 0.0 2887 126 1347.15 20
220 0.1 3072.0 0.0 3072 126 1420.4761904761904 21
230 0.1 3104.0 0.0 3104 126 1495.5454545454545 22
240 0.1 3205.0 0.0 3205 126 1565.4782608695652 23
250 0.1 3549.0 0.0 3549 126 1633.7916666666667 24
260 0.1 4031.0 0.0 4031 126 1710.4 25
270 0.1 4172.0 0.0 4172 126 1799.6538461538462 26
280 0.1 4164.0 0.0 4172 126 1887.5185185185185 27
290 0.1 4167.0 0.0 4172 126 1968.8214285714287 28
300 0.1 4344.0 0.0 4344 126 2044.6206896551723 29
310 0.1 4949.0 0.0 4949 126 2121.266666666667 30
320 0.1 5636.0 0.0 5636 126 2212.483870967742 31
330 0.1 5990.0 0.0 5990 126 2319.46875 32
340 0.1 6530.0 0.0 6530 126 2430.6969696969695 33
350 0.1 6811.0 0.0 6811 126 2551.264705882353 34
360 0.1 6918.0 0.0 6918 126 2672.9714285714285 35
370 0.1 7902.0 0.0 7902 126 2790.8888888888887 36
380 0.1 8.7e3 0.0 8700 126 2929.027027027027 37
390 0.1 8604.0 0.0 8700 126 3080.8947368421054 38
400 0.1 8655.0 0.0 8700 126 3222.5128205128203 39
410 0.1 8152.0 0.0 8700 126 3358.325 40
420 0.1 8372.0 0.0 8700 126 3475.243902439024 41
430 0.1 8864.0 0.0 8864 126 3591.8333333333335 42
440 0.1 8738.0 0.0 8864 126 3714.4418604651164 43
450 0.1 8807.0 0.0 8864 126 3828.6136363636365 44
460 0.1 8834.0 0.0 8864 126 3939.2444444444445 45
470 0.1 8873.0 0.0 8873 126 4045.6521739130435 46
480 0.1 10275.0 0.0 10275 126 4148.36170212766 47
490 0.1 8808.0 0.0 10275 126 4276.0 48
500 0.1 8543.0 0.0 10275 126 4368.489795918367 49
510 0.1 8255.0 0.0 10275 126 4451.98 50
520 0.1 8078.0 0.0 10275 126 4526.549019607843 51
530 0.1 6560.0 0.0 10275 126 4594.846153846153 52
540 0.1 5979.0 0.0 10275 126 4631.924528301886 53
550 0.1 5870.0 0.0 10275 126 4656.8703703703695 54
560 0.1 5554.0 0.0 10275 126 4678.927272727272 55
570 0.1 4921.0 0.0 10275 126 4694.553571428571 56
580 0.1 3968.0 0.0 10275 126 4698.526315789472 57
590 0.1 3168.0 0.0 10275 126 4685.931034482757 58
600 0.1 2337.0 0.0 10275 126 4660.203389830507 59
610 0.1 1843.0 0.0 10275 126 4621.483333333333 60
620 0.1 1259.0 0.0 10275 126 4575.934426229507 61
630 0.1 901.0 0.0 10275 126 4522.435483870967 62
640 0.1 633.0 0.0 10275 126 4464.95238095238 63
650 0.1 397.0 0.0 10275 126 4405.078124999999 64
660 0.1 199.0 0.0 10275 126 4343.415384615384 65
670 0.1 102.0 0.0 10275 102 4280.621212121211 66
680 0.1 35.0 0.0 10275 35 4218.253731343283 67
700 0.1 29.0 0.0 10275 29 4156.735294117646 68
710 0.1 20.0 0.0 10275 20 4096.91304347826 69
712 0.1 8.0 0.0 10275 8 4038.671428571428 70
