30 0.3 28508.593017578125 4214.182674141065 34373.944091796875 24660.906005859375 0 0
40 0.2 35314.453125 3166.4619140625 38480.9150390625 24660.906005859375 28508.593017578125 3
50 0.1 50262.275146484375 0.0 50262.275146484375 24660.906005859375 31230.937060546876 5
60 0 0 0 50262.275146484375 24660.906005859375 34402.82674153646 6
70 0.1 72549.083984375 0.0 72549.083984375 24660.906005859375 34402.82674153646 6
80 0.3 63277.132975260414 9311.204305728852 74373.7880859375 24660.906005859375 39852.29206194197 7
90 0.5 67113.31274414063 11813.754307793664 81598.4990234375 24660.906005859375 46879.7443359375 10
100 0.3 95599.43530273438 4181.237464775223 100335.57495117188 24660.906005859375 53624.26713867187 15
110 0.8 89080.2236328125 12299.178823900915 111113.4541015625 24660.906005859375 60620.12849934896 18
120 0.4 95375.52319335938 13138.295132367251 111113.4541015625 24660.906005859375 69377.08084810697 26
130 1.2 98611.19451904297 25949.52177075221 138025.626953125 24660.906005859375 72843.53982747396 30
140 1.3 104202.08193734977 20956.2721013215 138025.626953125 24660.906005859375 80205.72688220796 42
150 1.3 94559.77995417669 21902.74290715401 138025.626953125 24660.906005859375 85877.5926225142 55
160 0.8 97253.35171508789 24028.63781297818 138025.626953125 24660.906005859375 87537.42255356733 68
170 1.2 101261.55712890625 27666.9888281711 148352.97802734375 24660.906005859375 88560.15193899054 76
180 1.8 89549.9088406033 16282.469322255729 148352.97802734375 24660.906005859375 90292.16173761542 88
190 1.6 93371.97673034668 25364.050319852617 162958.3330078125 24660.906005859375 90166.11879283977 106
200 1.7 93520.61830767464 28842.72310659827 177714.05004882813 24660.906005859375 90586.55917808658 122
210 2.3 91150.63168733017 20581.701563751827 177714.05004882813 24660.906005859375 90945.40094213691 139
220 2 90518.20441894532 20322.032163046766 177714.05004882813 24660.906005859375 90974.53864052855 162
230 2.2 92832.85205078125 20831.48816393503 177714.05004882813 24660.906005859375 90924.39202277215 182
240 2.2 91727.91811301491 20049.221435249394 177714.05004882813 24660.906005859375 91130.20633951823 204
250 1.8 86880.74140082466 17888.047135998164 177714.05004882813 24660.906005859375 91188.39067145153 226
260 2.7 96083.71203161169 24951.560428210923 177714.05004882813 24660.906005859375 90870.61326624136 244
270 2.2 90345.78673206676 22686.19311256589 177714.05004882813 24660.906005859375 91389.99949009744 271
280 2.7 86960.48238570603 24902.17414925869 177714.05004882813 24660.906005859375 91311.59443659343 293
290 4 95454.90746459962 22927.59936352455 177714.05004882813 24660.906005859375 90944.46935729981 320
300 2.8 95453.54132952009 34405.125340185565 177714.05004882813 24660.906005859375 91445.62914699978 360
310 4.1 84312.97624094893 33412.121422868564 184672.11596679688 24660.906005859375 91734.85992305796 388
320 5.1 87053.43442191329 32352.692199392717 184672.11596679688 23525.02099609375 91025.54236835755 429
330 4.4 78242.63812255858 32116.302098091834 184672.11596679688 23525.02099609375 90603.50589904786 480
340 7.2 79117.69290500217 31830.219787374255 184672.11596679688 23525.02099609375 89565.5704368999 524
350 6 75219.80207112637 33616.09982757461 184672.11596679688 21271.968994140625 88303.41073505991 596
360 8 83185.10062866213 38835.847121205436 184672.11596679688 21103.98291015625 87106.73921091964 656
370 8.1 76211.07328137057 35855.66153706003 184672.11596679688 16961.950927734375 86680.47414763077 736
380 9 80712.69227973088 37359.19998811077 194756.71606445313 13964.976806640625 85642.50417190608 817
390 8.5 74155.0961799173 37071.369860697756 194756.71606445313 13964.976806640625 85153.32768866929 907
400 12.8 74233.19903564456 34247.490731997634 194756.71606445313 13964.976806640625 84210.93890011695 992
410 11.6 76166.0441368366 32129.964309794606 194756.71606445313 13964.976806640625 83070.62577274868 1120
420 12.1 77947.72726263883 30640.546986636877 194756.71606445313 13964.976806640625 82422.6229654948 1236
430 11.5 79258.26352963658 32120.123790961145 194756.71606445313 13964.976806640625 82023.6086839579 1357
440 11 80128.44284667971 28090.128860660676 194756.71606445313 13964.976806640625 81807.56609377654 1472
450 10.5 84069.66268136157 28084.128781626532 194756.71606445313 13964.976806640625 81690.81289707574 1582
460 13.4 90050.34419273259 27962.566039422945 194756.71606445313 13964.976806640625 81838.87408696904 1687
470 10.9 85163.52221231723 31286.597750397166 194756.71606445313 13964.976806640625 82443.12284818394 1821
480 11.3 89854.32122856748 28404.36090811935 194756.71606445313 13964.976806640625 82596.76198325674 1930
490 10.5 87302.78663504463 29750.557183700108 194756.71606445313 13964.976806640625 82998.18351762783 2043
500 12.3 87174.81959794204 33356.54647432607 194756.71606445313 13964.976806640625 83208.60406107697 2148
510 15.7 85976.10950251292 31317.94725497222 194756.71606445313 13964.976806640625 83423.41890521365 2271
520 12.9 95359.32986615795 28106.168777025112 194756.71606445313 13964.976806640625 83588.48168271611 2428
530 9.9 100043.93317451862 26082.58213009412 194756.71606445313 13964.976806640625 84182.31798137234 2557
540 8.7 107934.75122350935 22001.06491280478 194756.71606445313 13964.976806640625 84773.54535491206 2656
550 9.9 112212.79981701783 19157.547347955133 194756.71606445313 13964.976806640625 85508.15159281508 2743
560 8.5 115863.76713005514 20857.485597333463 194756.71606445313 13964.976806640625 86438.39795952728 2842
570 7.9 124101.79521855222 18686.923122952063 194756.71606445313 13964.976806640625 87292.9098759929 2927
580 9.4 129283.73442954205 16279.932381065184 194756.71606445313 13964.976806640625 88260.27579151592 3006
590 7.5 142304.65270507813 21095.06414580753 205208.23510742188 13964.976806640625 89504.21292441091 3100
600 8.2 149498.4522198933 15661.654605932834 205208.23510742188 13964.976806640625 90751.4674074188 3175
610 7.4 162953.6070853568 15694.54759158692 205208.23510742188 13964.976806640625 92230.51338673194 3257
620 7.3 174758.73215097922 20220.002474680452 242680.80517578125 13964.976806640625 93801.66587358221 3331
630 5.3 191746.08239055122 18301.49290065252 242680.80517578125 13964.976806640625 95537.81917506576 3404
640 3.7 203958.9959419869 21095.305192453954 244926.38916015625 13964.976806640625 97012.80845780244 3457
650 3.3 213174.06193773675 21567.75490835589 264334.3830566406 13964.976806640625 98145.32389481299 3494
660 1.5 230719.82290039063 20467.108436664104 264334.3830566406 13964.976806640625 99221.57803584402 3527
670 1.2 240963.13441975912 14060.977468080264 264334.3830566406 13964.976806640625 99778.45936643923 3542
680 0.3 256377.53442382813 16893.10999129913 269953.1491699219 13964.976806640625 100255.1662039856 3554
690 0.4 269253.98626708984 5453.333446735659 272650.43310546875 13964.976806640625 100386.84095930176 3557
700 0.1 278927.8000488281 0.0 278927.8000488281 13964.976806640625 100576.52604248938 3561
710 0.1 298362.5939941406 0.0 298362.5939941406 13964.976806640625 100626.59658544455 3562
712 0.1 287895.798828125 0.0 298362.5939941406 13964.976806640625 100682.09363776246 3563
