0 105.5046875 105.5046875
10 354.1875 459.6921875
20 584.21328125 1043.90546875
30 1109.69765625 2153.603125
40 1130.08359375 3283.68671875
50 964.8546875 4248.54140625
60 1111.003125 5359.54453125
70 1159.28203125 6518.8265625
80 1298.1828125 7817.009375
90 1368.38046875 9185.38984375
100 1698.77421875 10884.1640625
110 1943.9453125 12828.109375
120 2163.8171875 14991.9265625
130 2511.27109375 17503.19765625
140 2138.67734375 19641.875
150 2439.984375 22081.859375
160 2727.94296875 24809.80234375
170 2582.14296875 27391.9453125
180 2876.51875 30268.4640625
190 3110.00078125 33378.46484375
200 3466.84375 36845.30859375
210 3598.49375 40443.80234375
220 3878.81953125 44322.621875
230 3661.7859375 47984.4078125
240 3973.7625 51958.1703125
250 4781.11953125 56739.28984375
260 4962.46953125 61701.759375
270 4867.53828125 66569.29765625
280 4936.725 71506.02265625
290 4800.36484375 76306.3875
300 5046.8796875 81353.2671875
310 4907.41953125 86260.68671875
320 4679.13125 90939.81796875
330 4819.9890625 95759.80703125
340 4812.34765625 100572.1546875
350 4871.0921875 105443.246875
360 5119.12109375 110562.36796875
370 4816.67734375 115379.0453125
380 4746.2203125 120125.265625
390 5117.31875 125242.584375
400 4830.95703125 130073.54140625
410 4615.90859375 134689.45
420 4826.02578125 139515.47578125
430 4763.1515625 144278.62734375
440 5007.18046875 149285.8078125
450 5061.0109375 154346.81875
460 4780.05 159126.86875
470 4958.84765625 164085.71640625
480 5393.475 169479.19140625
490 4569.51953125 174048.7109375
500 5269.0125 179317.7234375
510 5230.628125 184548.3515625
520 4964.30546875 189512.65703125
530 4999.43984375 194512.096875
540 5635.365625 200147.4625
550 6497.37578125 206644.83828125
560 6257.37578125 212902.2140625
570 5894.865625 218797.0796875
580 4598.74921875 223395.82890625
590 3606.8609375 227002.68984375
600 2582.84453125 229585.534375
610 2042.40078125 231627.93515625
620 1300.765625 232928.70078125
630 981.80390625 233910.5046875
640 630.571875 234541.0765625
650 412.92578125 234954.00234375
660 208.0703125 235162.07265625
670 91.34296875 235253.415625
680 34.0296875 235287.4453125
690 26.9546875 235314.4
700 21.9328125 235336.3328125
710 10.96875 235347.3015625
712 3.653125 235350.9546875
