0 13.01171875 13.01171875
10 40.0140625 53.02578125
20 72.58203125 125.6078125
30 135.68125 261.2890625
40 140.53984375 401.82890625
50 129.95703125 531.7859375
60 152.42734375 684.21328125
70 161.80234375 846.015625
80 168.9140625 1014.9296875
90 188.54296875 1203.47265625
100 235.65546875 1439.128125
110 255.50078125 1694.62890625
120 286.52890625 1981.1578125
130 317.40234375 2298.56015625
140 284.528125 2583.08828125
150 315.27265625 2898.3609375
160 351.715625 3250.0765625
170 330.51875 3580.5953125
180 353.246875 3933.8421875
190 385.990625 4319.8328125
200 437.2578125 4757.090625
210 442.20625 5199.296875
220 505.0375 5704.334375
230 459.13671875 6163.47109375
240 492.553125 6656.02421875
250 579.6328125 7235.65703125
260 636.15 7871.80703125
270 609.38828125 8481.1953125
280 639.20546875 9120.40078125
290 649.809375 9770.21015625
300 732.42734375 10502.6375
310 785.3734375 11288.0109375
320 971.5359375 12259.546875
330 1081.15078125 13340.69765625
340 1109.9265625 14450.62421875
350 1203.22265625 15653.846875
360 1298.15 16951.996875
370 1350.87578125 18302.87265625
380 1557.37265625 19860.2453125
390 1483.00859375 21343.25390625
400 1416.3140625 22759.56796875
410 1330.0484375 24089.61640625
420 1401.4515625 25491.06796875
430 1377.6109375 26868.67890625
440 1352.8265625 28221.50546875
450 1375.7796875 29597.28515625
460 1188.36484375 30785.65
470 1411.23125 32196.88125
480 1398.0125 33594.89375
490 1576.2234375 35171.1171875
500 1501.840625 36672.9578125
510 1405.53359375 38078.49140625
520 1345.99609375 39424.4875
530 1130.6734375 40555.1609375
540 977.19453125 41532.35546875
550 800.95390625 42333.309375
560 746.62265625 43079.93203125
570 668.92890625 43748.8609375
580 527.0171875 44275.878125
590 414.403125 44690.28125
600 284.30703125 44974.58828125
610 223.4046875 45197.99296875
620 139.765625 45337.75859375
630 105.528125 45443.28671875
640 66.36875 45509.65546875
650 43.540625 45553.19609375
660 21.978125 45575.17421875
670 9.575 45584.74921875
680 3.596875 45588.34609375
690 2.784375 45591.13046875
700 2.41875 45593.54921875
710 1.209375 45594.75859375
712 0.403125 45595.16171875
