0 12 12
10 25 25
20 34 34
30 47 47
40 55 55
50 54 55
60 64 64
70 78 78
80 88 88
90 97 97
100 110 110
110 124 126
120 139 139
130 151 152
140 156 156
150 166 167
160 182 183
170 182 185
180 205 205
190 227 227
200 239 242
210 252 253
220 263 266
230 277 282
240 308 308
250 348 348
260 390 392
270 422 423
280 448 449
290 462 465
300 521 521
310 574 575
320 627 628
330 691 691
340 720 724
350 764 764
360 862 863
370 927 929
380 996 996
390 1074 1075
400 1085 1090
410 1112 1114
420 1177 1177
430 1284 1284
440 1393 1393
450 1493 1493
460 1544 1544
470 1623 1631
480 1521 1631
490 1416 1631
500 1293 1631
510 1136 1631
520 1007 1631
530 908 1631
540 821 1631
550 722 1631
560 637 1631
570 558 1631
580 464 1631
590 389 1631
600 307 1631
610 233 1631
620 160 1631
630 107 1631
640 70 1631
650 37 1631
660 22 1631
670 10 1631
680 7 1631
690 3 1631
700 2 1631
710 1 1631
712 0 1631
