0 1.2 12
10 1.3 25
20 0.9 34
30 1.6 50
40 1 60
50 0 60
60 1 70
70 1.5 85
80 1.3 98
90 1.4 112
100 1.6 128
110 2.2 150
120 1.9 169
130 2.4 193
140 1.8 211
150 2.3 234
160 2.4 258
170 1.2 270
180 4.1 311
190 3.8 349
200 2.9 378
210 3.6 414
220 3.1 445
230 3.6 481
240 5.3 534
250 5.8 592
260 6.9 661
270 5.4 715
280 5.3 768
290 5.4 822
300 8.7 909
310 9.4 1003
320 10.4 1107
330 10.8 1215
340 10.1 1316
350 10.4 1420
360 17.8 1598
370 14.6 1744
380 15.9 1903
390 16.3 2066
400 13.9 2205
410 14.3 2348
420 18.6 2534
430 22.2 2756
440 21.9 2975
450 20.5 3180
460 18.5 3365
470 18.8 3553
480 1.1 3564
490 0 3564
500 0 3564
510 0 3564
520 0 3564
530 0 3564
540 0 3564
550 0 3564
560 0 3564
570 0 3564
580 0 3564
590 0 3564
600 0 3564
610 0 3564
620 0 3564
630 0 3564
640 0 3564
650 0 3564
660 0 3564
670 0 3564
680 0 3564
690 0 3564
700 0 3564
710 0 3564
712 0 3564
