0 0.3 3
10 4.1 44
20 10.6 150
30 16.7 317
40 19.7 514
50 22 734
60 23.5 969
70 29.7 1266
80 33.5 1601
90 40.8 2009
100 47.2 2481
110 56.5 3046
120 53.2 3578
130 58.8 4166
140 62.5 4791
150 63 5421
160 63.7 6058
170 68.9 6747
180 69.4 7441
190 75.9 8200
200 70.7 8907
210 103.8 9945
220 107.2 11017
230 107.4 12091
240 110.2 13193
250 111.1 14304
260 124.5 15549
270 144.5 16994
280 150.2 18496
290 148.9 19985
300 156.8 21553
310 168.8 23241
320 171.3 24954
330 166.1 26615
340 168.6 28301
350 155.4 29855
360 166.7 31522
370 167.8 33200
380 164.1 34841
390 151.7 36358
400 176.3 38121
410 182.8 39949
420 175.7 41706
430 175.6 43462
440 172.4 45186
450 182.4 47010
460 175.5 48765
470 160.9 50374
480 173.2 52106
490 174.8 53854
500 172 55574
510 180.3 57377
520 177 59147
530 171.1 60858
540 181.3 62671
550 163.1 64302
560 176.7 66069
570 194.7 68016
580 204.6 70062
590 148.2 71544
600 114.4 72688
610 98 73668
620 81.1 74479
630 62.2 75101
640 41.3 75514
650 24.8 75762
660 13.7 75899
670 5.5 75954
680 4 75994
690 1.4 76008
700 0.8 76016
710 0.7 76023
720 0 76023
730 0 76023
740 0 76023
745 0.1 76024
