50 0.5 5
60 0.9 14
70 1.8 32
80 2.6 58
90 3.2 90
100 3.2 122
110 4.6 168
120 4.7 215
130 5.2 267
140 4.2 309
150 2.9 338
160 4.2 380
170 4.1 421
180 3.1 452
190 3.6 488
200 1.6 504
210 3.1 535
220 3.1 566
230 2.8 594
240 2.6 620
250 4 660
260 3.5 695
270 4.3 738
280 3.7 775
290 2.5 800
300 2.1 821
310 1.8 839
320 1 849
330 1.2 861
340 1.5 876
350 1.1 887
360 0.9 896
370 0.7 903
380 0.8 911
390 0.3 914
400 0.4 918
410 0.4 922
420 0.2 924
430 0.2 926
440 0.1 927
450 0.1 928
460 0.3 931
470 0.3 934
480 0.1 935
490 0.4 939
500 0.1 940
510 0.1 941
520 0 941
530 0 941
540 0 941
550 0 941
560 0 941
570 0 941
580 0 941
590 0 941
600 0 941
610 0 941
620 0 941
630 0 941
640 0 941
650 0 941
660 0 941
670 0 941
680 0 941
690 0 941
700 0 941
710 0 941
720 0 941
730 0 941
740 0 941
745 0 941
