10 0.7 7
20 1.3 20
30 1.4 34
40 2 54
50 2.9 83
60 3 113
70 3.2 145
80 2.7 172
90 3.5 207
100 3.6 243
110 3.7 280
120 4.6 326
130 5.4 380
140 4.4 424
150 5 474
160 5.4 528
170 5.5 583
180 5 633
190 5.2 685
200 7.9 764
210 9.1 855
220 9.9 954
230 10.2 1056
240 11.1 1167
250 12.4 1291
260 9.7 1388
270 10.5 1493
280 12.9 1622
290 14.7 1769
300 15 1919
310 16.4 2083
320 16 2243
330 16.6 2409
340 18.6 2595
350 20.1 2796
360 18.2 2978
370 21.4 3192
380 21.1 3403
390 17.4 3577
400 22.9 3806
410 19.8 4004
420 19.1 4195
430 22.4 4419
440 18.2 4601
450 19.8 4799
460 20.3 5002
470 17.6 5178
480 19.3 5371
490 18.7 5558
500 20.9 5767
510 19 5957
520 18.5 6142
530 20.7 6349
540 17.7 6526
550 21.7 6743
560 17.1 6914
570 17 7084
580 19.6 7280
590 11.2 7392
600 5.9 7451
610 2.2 7473
620 0.7 7480
630 0.1 7481
640 0 7481
650 0 7481
660 0 7481
670 0 7481
680 0 7481
690 0 7481
700 0 7481
710 0 7481
720 0 7481
730 0 7481
740 0 7481
745 0 7481
