20 0.1 1
30 0.1 2
40 0.2 4
50 0 4
60 0 4
70 0 4
80 0 4
90 0 4
100 0 4
110 0 4
120 0 4
130 0 4
140 0 4
150 0 4
160 0 4
170 0 4
180 0 4
190 0 4
200 0 4
210 0 4
220 0 4
230 0 4
240 0 4
250 0 4
260 0 4
270 0 4
280 0 4
290 0 4
300 0 4
310 0 4
320 0 4
330 0 4
340 0.2 6
350 0.2 8
360 0.6 14
370 0.9 23
380 0.4 27
390 1 37
400 1.1 48
410 0.7 55
420 0.3 58
430 0.3 61
440 0.3 64
450 0.6 70
460 0.2 72
470 0.4 76
480 0.4 80
490 0 80
500 0.7 87
510 0.4 91
520 0.3 94
530 0.8 102
540 0.4 106
550 0.7 113
560 0.5 118
570 0.3 121
580 0 121
590 0 121
600 0 121
610 0 121
620 0 121
630 0 121
640 0 121
650 0 121
660 0 121
670 0 121
680 0 121
690 0 121
700 0 121
710 0 121
720 0 121
730 0 121
740 0 121
745 0 121
