320 6.9 69
330 37.7 446
340 56 1006
350 95.1 1957
360 96.7 2924
370 94.5 3869
380 136.7 5236
390 180.3 7039
400 120.3 8242
410 93.5 9177
420 99.7 10174
430 99 11164
440 117.6 12340
450 94.4 13284
460 105.4 14338
470 110.5 15443
480 100.6 16449
490 116.2 17611
500 97.1 18582
510 107.6 19658
520 114.6 20804
530 100 21804
540 97.7 22781
550 115.3 23934
560 89.4 24828
570 35.2 25180
580 0 25180
590 0 25180
600 0 25180
610 0 25180
620 0 25180
630 0 25180
640 0 25180
650 0 25180
660 0 25180
670 0 25180
680 0 25180
690 0 25180
700 0 25180
710 0 25180
720 0 25180
730 0 25180
740 0 25180
745 0 25180
