0 3 3
10 8 5
20 18 10
30 29 11
40 39 10
50 47 8
60 59 12
70 76 17
80 86 10
90 103 17
100 116 13
110 129 13
120 133 4
130 152 19
140 154 2
150 162 8
160 170 8
170 186 16
180 188 2
190 200 12
200 218 18
210 244 26
220 266 22
230 287 21
240 305 18
250 336 31
260 378 42
270 396 18
280 421 25
290 429 8
300 473 44
310 534 61
320 579 45
330 655 76
340 710 55
350 732 22
360 779 47
370 858 79
380 921 63
390 1014 93
400 1038 24
410 1037 -1
420 1030 -7
430 1036 6
440 1033 -3
450 1032 -1
460 1026 -6
470 1030 4
480 1030 0
490 1034 4
500 1031 -3
510 1027 -4
520 1007 -20
530 1007 0
540 979 -28
550 896 -83
560 869 -27
570 804 -65
580 719 -85
590 626 -93
600 537 -89
610 446 -91
620 353 -93
630 257 -96
640 169 -88
650 91 -78
660 44 -47
670 21 -23
680 12 -9
690 7 -5
700 5 -2
710 1 -4
720 1 0
730 1 0
740 1 0
745 0 -1
