0 0.3 35.889811197916664 49.334394255068844 105.6591796875 0.9951171875 0 0
10 0.5 1.179541015625 0.1640209763068131 105.6591796875 0.9951171875 35.889811197916664 3
20 1.1 1.1765802556818181 0.288489335212892 105.6591796875 0.8330078125 14.195892333984375 8
30 1.2 4.139363606770833 10.39226077110071 105.6591796875 0.8330078125 6.658395867598684 19
40 1.2 1.0621337890625 0.18521247310610342 105.6591796875 0.712890625 5.683286605342742 31
50 0.8 1.0098876953125 0.07517975485238844 105.6591796875 0.712890625 4.393662563590116 43
60 1.2 1.0465291341145833 0.16425640389343332 105.6591796875 0.712890625 3.8628743489583326 51
70 1.7 1.1359719669117645 0.5220594911800183 105.6591796875 0.712890625 3.326427641369047 63
80 1.1 1.1273304332386365 0.2665169649533808 105.6591796875 0.712890625 2.8609558105468746 80
90 1.8 1.2304280598958333 0.7951573380620892 105.6591796875 0.712890625 2.6513966990041204 91
100 1.6 1.0843505859375 0.2549444832861248 105.6591796875 0.712890625 2.416741327408257 109
110 1.8 3.3973931206597223 9.161754685339025 105.6591796875 0.712890625 2.2461953125 125
120 1.3 2.4197716346153846 3.9491488797762697 105.6591796875 0.712890625 2.3911013303103146 143
130 2.7 1.2226110387731481 0.9309966567381507 105.6591796875 0.712890625 2.3934905223357372 156
140 1.5 1.0447591145833335 0.24974980020159745 105.6591796875 0.712890625 2.220737811646175 183
150 1.9 0.9595883018092105 0.08826149197187821 105.6591796875 0.712890625 2.1316485164141414 198
160 1.6 1.683685302734375 1.0760282288204175 105.6591796875 0.712890625 2.0290257326468892 217
170 3.1 1.0780383694556457 0.27848461022023413 105.6591796875 0.712890625 2.0053113683610513 233
180 1.7 1.0324419806985299 0.22772167683247918 105.6591796875 0.712890625 1.8964270389441287 264
190 3.3 0.9185975970643939 0.2610108159916734 105.6591796875 0.615966796875 1.8441574802602314 281
200 4.1 2.5138921970274395 5.863399337572639 105.6591796875 0.615966796875 1.7468852632364649 314
210 5 25.8077099609375 122.06549224414532 678.209228515625 0.615966796875 1.8354691626320423 355
220 4.1 0.9903891958841462 0.34534510873775576 678.209228515625 0.615966796875 4.795005063657407 405
230 3.4 0.9175163717830882 0.13310751613372981 678.209228515625 0.615966796875 4.445253380745515 446
240 4.4 2.99749755859375 12.029094362879022 678.209228515625 0.615966796875 4.195372009277343 480
250 5 1.421953125 3.0933149492108694 678.209228515625 0.615966796875 4.094787131739027 524
260 6.2 0.9957236013104839 0.3856700070905489 678.209228515625 0.615966796875 3.8619618698279616 574
270 4.5 1.0527180989583338 0.49895249790079005 678.209228515625 0.615966796875 3.58254870528695 636
280 6.2 2.266944146925402 4.789594284091368 678.209228515625 0.615966796875 3.41537928196127 681
290 5.6 1.015738351004464 0.38396625862545225 678.209228515625 0.615966796875 3.31954754794751 743
300 8.5 1.0746869255514706 0.609362020928856 678.209228515625 0.615966796875 3.1580790685622655 799
310 9.6 0.9052861531575521 0.24024700599327053 678.209228515625 0.59619140625 2.9577529009650734 884
320 8.2 1.264335818407012 2.4412506578761874 678.209228515625 0.59619140625 2.7566949338329083 980
330 10.9 1.2149803791571103 4.138846711740688 678.209228515625 0.59619140625 2.6414656989318503 1062
340 12.2 0.8324695024334017 0.3128922516795025 678.209228515625 0.59619140625 2.508684401019428 1171
350 8.8 1.2397183504971592 2.3135131049096183 678.209228515625 0.59619140625 2.3505264600855567 1293
360 10.5 0.8568475632440476 0.16326008442337353 678.209228515625 0.59619140625 2.27974361168311 1381
370 14.5 1.0372844827586203 1.2693020462492286 678.209228515625 0.59619140625 2.179202504626514 1486
380 16.6 1.1214452536709338 2.1789494795432303 678.209228515625 0.5859375 2.077683121934396 1631
390 19.9 0.9551456010521359 1.878573305682505 678.209228515625 0.5859375 1.989349518077003 1797
400 16.6 211.56907267742847 647.8526583725793 3004.570068359375 0.5859375 1.8862400093155058 1996
410 14.4 959.9438171386723 2210.9239306151894 15032.5390625 0.581787109375 17.985846957931024 2162
420 14.5 1195.448679956897 3387.7728524921977 15032.5390625 0.581787109375 76.80715992671972 2306
430 14.6 1002.3616073817419 2858.0724687529146 15036.425048828125 0.578125 142.98546282528181 2451
440 14 1410.3077287946428 4769.653152658144 31073.516845703125 0.461181640625 191.29848442914903 2597
450 14.8 2024.5411129513307 5814.038158380458 31078.488037109375 0.461181640625 253.6518984631896 2737
460 14.1 2636.907133061835 7750.254268693067 63161.401123046875 0.461181640625 344.4982082532225 2885
470 13.8 7552.450603982678 17793.082778432803 63164.467041015625 0.461181640625 451.31567632923515 3026
480 14.5 8955.606675983297 17880.657262942837 63164.467041015625 0.461181640625 761.0364791156369 3164
490 13.3 17432.340943300638 19329.564481810346 63164.467041015625 0.461181640625 1120.1216040917054 3309
500 13.6 30641.221586339612 25822.021092644296 63164.467041015625 0.461181640625 1750.4310672279016 3442
510 15.7 39505.06745900924 26281.579263239117 63164.467041015625 0.461181640625 2848.5717912634505 3578
520 12.5 42843.655435546876 28904.672635634215 63164.467041015625 0.461181640625 4389.4204712731125 3735
530 13.4 25908.72519239739 31049.895664767784 63164.467041015625 0.461181640625 5634.70010094519 3860
540 11.5 15917.698036260197 27409.327888947722 63164.467041015625 0.461181640625 6314.900241720001 3994
550 6.3 1.0964742993551593 0.5010917476273402 63164.467041015625 0.461181640625 6583.657055147141 4109
560 6.2 1.1670788180443548 0.5355466727571443 63164.467041015625 0.461181640625 6484.255972550447 4172
570 2.9 0.9246868265086207 0.12961858481280705 63164.467041015625 0.461181640625 6389.321746898248 4234
580 0.8 1.090240478515625 0.18048028362046625 63164.467041015625 0.461181640625 6345.8632634964 4263
590 0 0 0 63164.467041015625 0.461181640625 6333.9788841510135 4271
600 0 0 0 63164.467041015625 0.461181640625 6333.9788841510135 4271
610 0 0 0 63164.467041015625 0.461181640625 6333.9788841510135 4271
620 0 0 0 63164.467041015625 0.461181640625 6333.9788841510135 4271
630 0 0 0 63164.467041015625 0.461181640625 6333.9788841510135 4271
640 0 0 0 63164.467041015625 0.461181640625 6333.9788841510135 4271
650 0 0 0 63164.467041015625 0.461181640625 6333.9788841510135 4271
660 0 0 0 63164.467041015625 0.461181640625 6333.9788841510135 4271
670 0 0 0 63164.467041015625 0.461181640625 6333.9788841510135 4271
680 0 0 0 63164.467041015625 0.461181640625 6333.9788841510135 4271
690 0 0 0 63164.467041015625 0.461181640625 6333.9788841510135 4271
700 0 0 0 63164.467041015625 0.461181640625 6333.9788841510135 4271
710 0 0 0 63164.467041015625 0.461181640625 6333.9788841510135 4271
720 0 0 0 63164.467041015625 0.461181640625 6333.9788841510135 4271
730 0 0 0 63164.467041015625 0.461181640625 6333.9788841510135 4271
740 0 0 0 63164.467041015625 0.461181640625 6333.9788841510135 4271
745 0 0 0 63164.467041015625 0.461181640625 6333.9788841510135 4271
