0 0.1 2.8826931501673974 0 2.8826931501673974 2.8826931501673974 0 0
10 0.1 1.6798418972332017 0.0 2.8826931501673974 1.6798418972332017 2.8826931501673974 1
20 0.1 1.4792899408284024 0.0 2.8826931501673974 1.4792899408284024 2.2812675237002997 2
30 0.1 1.6881827209533267 0.0 2.8826931501673974 1.4792899408284024 2.0139416627430005 3
40 0.1 2.2817460317460316 0.0 2.8826931501673974 1.4792899408284024 1.932501927295582 4
50 0.1 2.3833167825223436 0.0 2.8826931501673974 1.4792899408284024 2.002350748185672 5
60 0.1 2.1021021021021022 0.0 2.8826931501673974 1.4792899408284024 2.0658450872417835 6
70 0.1 2.5974025974025974 0.0 2.8826931501673974 1.4792899408284024 2.0710246607932574 7
80 0.1 2.8942115768463075 0.0 2.8942115768463075 1.4792899408284024 2.136821902869425 8
90 0.1 2.9116465863453818 0.0 2.9116465863453818 1.4792899408284024 2.2209763110890783 9
100 0.1 3.0303030303030303 0.0 3.0303030303030303 1.4792899408284024 2.2900433386147085 10
110 0.1 3.248730964467005 0.0 3.248730964467005 1.4792899408284024 2.3573396742227377 11
120 0.1 4.052684903748734 0.0 4.052684903748734 1.4792899408284024 2.4316222817430933 12
130 0.1 4.838709677419355 0.0 4.838709677419355 1.4792899408284024 2.556319406512758 13
140 0.1 3.9755351681957185 0.0 4.838709677419355 1.4792899408284024 2.719347283006086 14
150 0.1 4.16243654822335 0.0 4.838709677419355 1.4792899408284024 2.8030931420187284 15
160 0.1 4.587155963302752 0.0 4.838709677419355 1.4792899408284024 2.888052104906517 16
170 0.1 5.555555555555555 0.0 5.555555555555555 1.4792899408284024 2.987999390694531 17
180 0.1 4.033092037228542 0.0 5.555555555555555 1.4792899408284024 3.130641399853477 18
190 0.1 5.476673427991886 0.0 5.555555555555555 1.4792899408284024 3.1781388018205856 19
200 0.1 5.030800821355236 0.0 5.555555555555555 1.4792899408284024 3.2930655331291505 20
210 0.1 5.584281282316442 0.0 5.584281282316442 1.4792899408284024 3.375814832568488 21
220 0.1 6.639004149377594 0.0 6.639004149377594 1.4792899408284024 3.476199671193395 22
230 0.1 7.731434384537131 0.0 7.731434384537131 1.4792899408284024 3.613712909375317 23
240 0.1 8.09968847352025 0.0 8.09968847352025 1.4792899408284024 3.785284637507059 24
250 0.1 8.004158004158004 0.0 8.09968847352025 1.4792899408284024 3.9578607909475862 25
260 0.1 8.978328173374612 0.0 8.978328173374612 1.4792899408284024 4.113487606840295 26
270 0.1 10.662525879917183 0.0 10.662525879917183 1.4792899408284024 4.293666887082306 27
280 0.1 10.995850622406639 0.0 10.995850622406639 1.4792899408284024 4.521126136826409 28
290 0.1 10.92436974789916 0.0 10.995850622406639 1.4792899408284024 4.74439249839814 29
300 0.1 11.446409989594173 0.0 11.446409989594173 1.4792899408284024 4.9503917400481745 30
310 0.1 12.30116648992577 0.0 12.30116648992577 1.4792899408284024 5.159940715839981 31
320 0.1 12.61930010604454 0.0 12.61930010604454 1.4792899408284024 5.383104021280162 32
330 0.1 14.106583072100312 0.0 14.106583072100312 1.4792899408284024 5.602382690515446 33
340 0.1 13.9186295503212 0.0 14.106583072100312 1.4792899408284024 5.8525062311502944 34
350 0.1 14.300960512273212 0.0 14.300960512273212 1.4792899408284024 6.08296689741232 35
360 0.1 16.68426610348469 0.0 16.68426610348469 1.4792899408284024 6.311244497825123 36
370 0.1 17.967914438502675 0.0 17.967914438502675 1.4792899408284024 6.591596433113219 37
380 0.1 19.11447084233261 0.0 19.11447084233261 1.4792899408284024 6.890973222728731 38
390 0.1 19.87110633727175 0.0 19.87110633727175 1.4792899408284024 7.20439623861601 39
400 0.1 20.260021668472373 0.0 20.260021668472373 1.4792899408284024 7.521063991082403 40
410 0.1 20.32085561497326 0.0 20.32085561497326 1.4792899408284024 7.831770275896791 41
420 0.1 18.91891891891892 0.0 20.32085561497326 1.4792899408284024 8.129129450636707 42
430 0.1 20.8955223880597 0.0 20.8955223880597 1.4792899408284024 8.380054787108387 43
440 0.1 21.221864951768488 0.0 21.221864951768488 1.4792899408284024 8.664497232584553 44
450 0.1 20.775026910656617 0.0 21.221864951768488 1.4792899408284024 8.943549848566418 45
460 0.1 19.264069264069263 0.0 21.221864951768488 1.4792899408284024 9.200755871655335 46
470 0.1 18.927789934354486 0.0 21.221864951768488 1.4792899408284024 9.414868922557758 47
480 0.1 18.892508143322477 0.0 21.221864951768488 1.4792899408284024 9.613054776970191 48
490 0.1 17.508055853920514 0.0 21.221864951768488 1.4792899408284024 9.802431376283502 49
500 0.1 17.4468085106383 0.0 21.221864951768488 1.4792899408284024 9.956543865836244 50
510 0.1 17.677824267782427 0.0 21.221864951768488 1.4792899408284024 10.103411800048049 51
520 0.1 15.646940822467403 0.0 21.221864951768488 1.4792899408284024 10.249073578273709 52
530 0.1 14.583333333333334 0.0 21.221864951768488 1.4792899408284024 10.350920130050948 53
540 0.1 17.395944503735326 0.0 21.221864951768488 1.4792899408284024 10.429298152333956 54
550 0.1 17.72823779193206 0.0 21.221864951768488 1.4792899408284024 10.555964449632164 55
560 0.1 17.67195767195767 0.0 21.221864951768488 1.4792899408284024 10.68404075931609 56
570 0.1 16.170212765957448 0.0 21.221864951768488 1.4792899408284024 10.806635792871205 57
580 0.1 16.259298618490966 0.0 21.221864951768488 1.4792899408284024 10.899111257924417 58
590 0.1 11.970338983050848 0.0 21.221864951768488 1.4792899408284024 10.989961891154358 59
600 0.1 9.309623430962342 0.0 21.221864951768488 1.4792899408284024 11.006301509352634 60
610 0.1 8.150470219435736 0.0 21.221864951768488 1.4792899408284024 10.978487114624924 61
620 0.1 6.797116374871266 0.0 21.221864951768488 1.4792899408284024 10.932873938896067 62
630 0.1 4.742268041237113 0.0 21.221864951768488 1.4792899408284024 10.867226993435356 63
640 0.1 4.518072289156627 0.0 21.221864951768488 1.4792899408284024 10.771524509807259 64
650 0.1 3.096903096903097 0.0 21.221864951768488 1.4792899408284024 10.67531755256648 65
660 0.1 1.8943170488534395 0.0 21.221864951768488 1.4792899408284024 10.560493091117035 66
670 0.1 1.4866204162537164 0.0 21.221864951768488 1.4792899408284024 10.431147180038474 67
680 0.1 1.3861386138613863 0.0 21.221864951768488 1.3861386138613863 10.29961002174752 68
690 0.1 1.085883514313919 0.0 21.221864951768488 1.085883514313919 10.170429276705693 69
710 0.1 0.7920792079207921 0.0 21.221864951768488 0.7920792079207921 10.040650051528669 70
720 0.1 0.9891196834817012 0.0 21.221864951768488 0.7920792079207921 9.910388490351092 71
730 0.1 0.7920792079207921 0.0 21.221864951768488 0.7920792079207921 9.786481979144574 72
740 0.1 0.8902077151335311 0.0 21.221864951768488 0.7920792079207921 9.663270982278494 73
745 0.1 0.8902077151335311 0.0 21.221864951768488 0.7920792079207921 9.544716073263022 74
