0 0 0
10 0 0
20 0.1 1
30 0.1 2
40 0.2 4
50 0 4
60 0 4
70 0 4
80 0.1 5
90 0.1 6
100 0.4 10
110 0.4 14
120 0.9 23
130 0.8 31
140 1.3 44
150 1.1 55
160 0.8 63
170 1.5 78
180 1.5 93
190 2.1 114
200 2.3 137
210 2.4 161
220 1.9 180
230 1.5 195
240 2.5 220
250 1.9 239
260 1.9 258
270 2.8 286
280 3.7 323
290 4.7 370
300 4.4 414
310 3.4 448
320 3.6 484
330 3.2 516
340 6.7 583
350 6.5 648
360 6 708
370 6.5 773
380 8.5 858
390 7.1 929
400 10.7 1036
410 9.8 1134
420 11.3 1247
430 8.7 1334
440 10.6 1440
450 10.7 1547
460 10.6 1653
470 10.8 1761
480 10.6 1867
490 9 1957
500 11.2 2069
510 11.2 2181
520 11.1 2292
530 10.2 2394
540 11.1 2505
550 11.9 2624
560 8.7 2711
570 9.4 2805
580 9.4 2899
590 9.2 2991
600 9.1 3082
610 8.9 3171
620 9.4 3265
630 9.6 3361
640 8.7 3448
650 7.7 3525
660 4.7 3572
670 2.3 3595
680 0.9 3604
690 0.5 3609
700 0.2 3611
710 0.4 3615
720 0 3615
730 0 3615
740 0.1 3616
745 0 3616
