0 0.1 3160.77734375 0 3160.77734375 3160.77734375 0 0
10 0.1 3161.71484375 0.0 3161.71484375 3160.77734375 3160.77734375 1
20 0.1 3157.74609375 0.0 3161.71484375 3157.74609375 3161.24609375 2
30 0.1 3153.3203125 0.0 3161.71484375 3153.3203125 3160.0794270833335 3
40 0.1 3150.41015625 0.0 3161.71484375 3150.41015625 3158.3896484375 4
50 0.1 3143.78125 0.0 3161.71484375 3143.78125 3156.79375 5
60 0.1 3142.11328125 0.0 3161.71484375 3142.11328125 3154.625 6
70 0.1 3138.15234375 0.0 3161.71484375 3138.15234375 3152.8376116071427 7
80 0.1 3134.43359375 0.0 3161.71484375 3134.43359375 3151.001953125 8
90 0.1 3132.40625 0.0 3161.71484375 3132.40625 3149.1610243055557 9
100 0.1 3127.0859375 0.0 3161.71484375 3127.0859375 3147.485546875 10
110 0.1 3119.74609375 0.0 3161.71484375 3119.74609375 3145.631036931818 11
120 0.1 3115.63671875 0.0 3161.71484375 3115.63671875 3143.4739583333335 12
130 0.1 3113.46875 0.0 3161.71484375 3113.46875 3141.3326322115386 13
140 0.1 3111.77734375 0.0 3161.71484375 3111.77734375 3139.342354910714 14
150 0.1 3108.453125 0.0 3161.71484375 3108.453125 3137.5046875 15
160 0.1 3105.609375 0.0 3161.71484375 3105.609375 3135.68896484375 16
170 0.1 3100.87890625 0.0 3161.71484375 3100.87890625 3133.9195772058824 17
180 0.1 3099.07421875 0.0 3161.71484375 3099.07421875 3132.083984375 18
190 0.1 3095.7578125 0.0 3161.71484375 3095.7578125 3130.3466282894738 19
200 0.1 3096.38671875 0.0 3161.71484375 3095.7578125 3128.6171875 20
210 0.1 3080.66796875 0.0 3161.71484375 3080.66796875 3127.0824032738096 21
220 0.1 3075.703125 0.0 3161.71484375 3075.703125 3124.97265625 22
230 0.1 3066.3046875 0.0 3161.71484375 3066.3046875 3122.8305027173915 23
240 0.1 3056.25 0.0 3161.71484375 3056.25 3120.4752604166665 24
250 0.1 3051.0 0.0 3161.71484375 3051.0 3117.90625 25
260 0.1 3051.97265625 0.0 3161.71484375 3051.0 3115.3329326923076 26
270 0.1 3038.28515625 0.0 3161.71484375 3038.28515625 3112.986255787037 27
280 0.1 3029.03125 0.0 3161.71484375 3029.03125 3110.318359375 28
290 0.1 3025.66796875 0.0 3161.71484375 3025.66796875 3107.5153556034484 29
300 0.1 3017.8046875 0.0 3161.71484375 3017.8046875 3104.787109375 30
310 0.1 2997.44921875 0.0 3161.71484375 2997.44921875 3101.9812247983873 31
320 0.1 2979.03125 0.0 3161.71484375 2979.03125 3098.714599609375 32
330 0.1 2956.0546875 0.0 3161.71484375 2956.0546875 3095.087831439394 33
340 0.1 2944.3125 0.0 3161.71484375 2944.3125 3090.9986213235293 34
350 0.1 2929.11328125 0.0 3161.71484375 2929.11328125 3086.807589285714 35
360 0.1 2925.90234375 0.0 3161.71484375 2925.90234375 3082.427191840278 36
370 0.1 2916.0625 0.0 3161.71484375 2916.0625 3078.1967905405404 37
380 0.1 2904.02734375 0.0 3161.71484375 2904.02734375 3073.9300986842104 38
390 0.1 2894.4921875 0.0 3161.71484375 2894.4921875 3069.5736177884614 39
400 0.1 2892.33203125 0.0 3161.71484375 2892.33203125 3065.19658203125 40
410 0.1 2886.43359375 0.0 3161.71484375 2886.43359375 3060.9803734756097 41
420 0.1 2881.4375 0.0 3161.71484375 2881.4375 3056.8244977678573 42
430 0.1 2878.96875 0.0 3161.71484375 2878.96875 3052.745730377907 43
440 0.1 2876.796875 0.0 3161.71484375 2876.796875 3048.7962535511365 44
450 0.1 2876.125 0.0 3161.71484375 2876.125 3044.974045138889 45
460 0.1 2863.046875 0.0 3161.71484375 2863.046875 3041.303413722826 46
470 0.1 2861.7578125 0.0 3161.71484375 2861.7578125 3037.5107214095747 47
480 0.1 2865.43359375 0.0 3161.71484375 2861.7578125 3033.8492024739585 48
490 0.1 2864.140625 0.0 3161.71484375 2861.7578125 3030.412149234694 49
500 0.1 2859.04296875 0.0 3161.71484375 2859.04296875 3027.08671875 50
510 0.1 2850.3671875 0.0 3161.71484375 2850.3671875 3023.7917432598038 51
520 0.1 2849.56640625 0.0 3161.71484375 2849.56640625 3020.4566556490386 52
530 0.1 2849.30078125 0.0 3161.71484375 2849.30078125 3017.232311320755 53
540 0.1 2848.0625 0.0 3161.71484375 2848.0625 3014.122468171296 54
550 0.1 2853.42578125 0.0 3161.71484375 2848.0625 3011.1031960227274 55
560 0.1 2857.7890625 0.0 3161.71484375 2848.0625 3008.287527901786 56
570 0.1 2852.859375 0.0 3161.71484375 2848.0625 3005.6472039473683 57
580 0.1 2853.8046875 0.0 3161.71484375 2848.0625 3003.012931034483 58
590 0.1 2866.453125 0.0 3161.71484375 2848.0625 3000.4839777542375 59
600 0.1 2877.22265625 0.0 3161.71484375 2848.0625 2998.2501302083333 60
610 0.1 2881.84765625 0.0 3161.71484375 2848.0625 2996.2660732581967 61
620 0.1 2888.53125 0.0 3161.71484375 2848.0625 2994.4206149193546 62
630 0.1 2898.8046875 0.0 3161.71484375 2848.0625 2992.7398313492063 63
640 0.1 2920.1484375 0.0 3161.71484375 2848.0625 2991.2720947265625 64
650 0.1 2925.2109375 0.0 3161.71484375 2848.0625 2990.1778846153848 65
660 0.1 2936.2109375 0.0 3161.71484375 2848.0625 2989.193536931818 66
670 0.1 2962.2265625 0.0 3161.71484375 2848.0625 2988.4027518656717 67
680 0.1 2982.4375 0.0 3161.71484375 2848.0625 2988.0178079044117 68
690 0.1 2982.70703125 0.0 3161.71484375 2848.0625 2987.9369338768115 69
710 0.1 2982.89453125 0.0 3161.71484375 2848.0625 2987.862220982143 70
720 0.1 2996.64453125 0.0 3161.71484375 2848.0625 2987.792253521127 71
730 0.1 3006.78515625 0.0 3161.71484375 2848.0625 2987.9152018229165 72
740 0.1 3006.9296875 0.0 3161.71484375 2848.0625 2988.173694349315 73
745 0.1 3025.7734375 0.0 3161.71484375 2848.0625 2988.4271537162163 74
