0 0.1 0.078125 0 0.078125 0.078125 0 0
10 0.1 0.0703125 0.0 0.078125 0.0703125 0.078125 1
20 0.1 0.05859375 0.0 0.078125 0.05859375 0.07421875 2
30 0.1 0.05078125 0.0 0.078125 0.05078125 0.06901041666666667 3
40 0.1 0.0390625 0.0 0.078125 0.0390625 0.064453125 4
50 0.1 0.0390625 0.0 0.078125 0.0390625 0.059375 5
60 0.1 0.03125 0.0 0.078125 0.03125 0.055989583333333336 6
70 0.1 0.03125 0.0 0.078125 0.03125 0.052455357142857144 7
80 0.1 0.01953125 0.0 0.078125 0.01953125 0.0498046875 8
90 0.1 0.01953125 0.0 0.078125 0.01953125 0.046440972222222224 9
100 0.1 0.01953125 0.0 0.078125 0.01953125 0.04375 10
110 0.1 0.01171875 0.0 0.078125 0.01171875 0.041548295454545456 11
120 0.1 0.078125 0.0 0.078125 0.01171875 0.0390625 12
130 0.1 0.0703125 0.0 0.078125 0.01171875 0.042067307692307696 13
140 0.1 0.05859375 0.0 0.078125 0.01171875 0.04408482142857143 14
150 0.1 0.12890625 0.0 0.12890625 0.01171875 0.04505208333333333 15
160 0.1 0.109375 0.0 0.12890625 0.01171875 0.05029296875 16
170 0.1 0.08984375 0.0 0.12890625 0.01171875 0.05376838235294118 17
180 0.1 0.078125 0.0 0.12890625 0.01171875 0.05577256944444445 18
190 0.1 0.0703125 0.0 0.12890625 0.01171875 0.05694901315789474 19
200 0.1 0.05859375 0.0 0.12890625 0.01171875 0.0576171875 20
210 0.1 0.05078125 0.0 0.12890625 0.01171875 0.05766369047619048 21
220 0.1 0.0390625 0.0 0.12890625 0.01171875 0.05735085227272727 22
230 0.1 0.109375 0.0 0.12890625 0.01171875 0.05655570652173913 23
240 0.1 0.08984375 0.0 0.12890625 0.01171875 0.058756510416666664 24
250 0.1 0.078125 0.0 0.12890625 0.01171875 0.06 25
260 0.1 0.0703125 0.0 0.12890625 0.01171875 0.060697115384615384 26
270 0.1 0.05859375 0.0 0.12890625 0.01171875 0.06105324074074074 27
280 0.1 0.05078125 0.0 0.12890625 0.01171875 0.06096540178571429 28
290 0.1 0.0390625 0.0 0.12890625 0.01171875 0.060614224137931036 29
300 0.1 0.03125 0.0 0.12890625 0.01171875 0.059895833333333336 30
310 0.1 0.03125 0.0 0.12890625 0.01171875 0.05897177419354839 31
320 0.1 0.01953125 0.0 0.12890625 0.01171875 0.05810546875 32
330 0.1 0.08984375 0.0 0.12890625 0.01171875 0.05693655303030303 33
340 0.1 0.078125 0.0 0.12890625 0.01171875 0.057904411764705885 34
350 0.1 0.140625 0.0 0.140625 0.01171875 0.05848214285714286 35
360 0.1 0.19921875 0.0 0.19921875 0.01171875 0.06076388888888889 36
370 0.1 0.23828125 0.0 0.23828125 0.01171875 0.06450591216216216 37
380 0.1 0.2109375 0.0 0.23828125 0.01171875 0.06907894736842106 38
390 0.1 0.171875 0.0 0.23828125 0.01171875 0.07271634615384616 39
400 0.1 0.23046875 0.0 0.23828125 0.01171875 0.0751953125 40
410 0.1 0.19140625 0.0 0.23828125 0.01171875 0.07898246951219512 41
420 0.1 0.16015625 0.0 0.23828125 0.01171875 0.08165922619047619 42
430 0.1 0.2109375 0.0 0.23828125 0.01171875 0.08348473837209303 43
440 0.1 0.1796875 0.0 0.23828125 0.01171875 0.08638139204545454 44
450 0.1 0.21875 0.0 0.23828125 0.01171875 0.08845486111111112 45
460 0.1 0.26953125 0.0 0.26953125 0.01171875 0.09128736413043478 46
470 0.1 0.23046875 0.0 0.26953125 0.01171875 0.09507978723404255 47
480 0.1 0.26953125 0.0 0.26953125 0.01171875 0.097900390625 48
490 0.1 0.23046875 0.0 0.26953125 0.01171875 0.10140306122448979 49
500 0.1 0.3515625 0.0 0.3515625 0.01171875 0.103984375 50
510 0.1 0.2890625 0.0 0.3515625 0.01171875 0.10883884803921569 51
520 0.1 0.25 0.0 0.3515625 0.01171875 0.1123046875 52
530 0.1 0.2109375 0.0 0.3515625 0.01171875 0.11490271226415094 53
540 0.1 0.1796875 0.0 0.3515625 0.01171875 0.11668113425925926 54
550 0.1 0.21875 0.0 0.3515625 0.01171875 0.11782670454545455 55
560 0.1 0.26953125 0.0 0.3515625 0.01171875 0.11962890625 56
570 0.1 0.30078125 0.0 0.3515625 0.01171875 0.12225877192982457 57
580 0.1 0.25 0.0 0.3515625 0.01171875 0.12533674568965517 58
590 0.1 0.21875 0.0 0.3515625 0.01171875 0.12744968220338984 59
600 0.1 0.1796875 0.0 0.3515625 0.01171875 0.1289713541666667 60
610 0.1 0.1484375 0.0 0.3515625 0.01171875 0.12980276639344265 61
620 0.1 0.12890625 0.0 0.3515625 0.01171875 0.13010332661290325 62
630 0.1 0.109375 0.0 0.3515625 0.01171875 0.13008432539682543 63
640 0.1 0.08984375 0.0 0.3515625 0.01171875 0.12976074218750003 64
650 0.1 0.078125 0.0 0.3515625 0.01171875 0.12914663461538464 65
660 0.1 0.0703125 0.0 0.3515625 0.01171875 0.12837357954545459 66
670 0.1 0.05859375 0.0 0.3515625 0.01171875 0.12750699626865677 67
680 0.1 0.05078125 0.0 0.3515625 0.01171875 0.12649356617647065 68
690 0.1 0.0390625 0.0 0.3515625 0.01171875 0.12539628623188412 69
710 0.1 0.03125 0.0 0.3515625 0.01171875 0.12416294642857148 70
720 0.1 0.03125 0.0 0.3515625 0.01171875 0.12285431338028174 71
730 0.1 0.1015625 0.0 0.3515625 0.01171875 0.12158203125000006 72
740 0.1 0.08984375 0.0 0.3515625 0.01171875 0.12130779109589046 73
745 0.1 0.0703125 0.0 0.3515625 0.01171875 0.1208826013513514 74
