20 0.6 6
30 1 16
40 0.7 23
50 1.5 38
60 1.2 50
70 0.8 58
80 1.1 69
90 1 79
100 1.5 94
110 2.6 120
120 2.1 141
130 1.6 157
140 2.9 186
150 3 216
160 2.7 243
170 3.2 275
180 2.7 302
190 3.6 338
200 4.1 379
210 6 439
220 5.6 495
230 6.1 556
240 6.5 621
250 5.2 673
260 5.5 728
270 7 798
280 8.5 883
290 10.6 989
300 8.4 1073
310 9.3 1166
320 9.4 1260
330 10.7 1367
340 13.9 1506
350 14.6 1652
360 17.4 1826
370 15.4 1980
380 14.8 2128
390 21.6 2344
400 21.1 2555
410 17.8 2733
420 18.9 2922
430 17.5 3097
440 20.4 3301
450 18.7 3488
460 19.3 3681
470 19.7 3878
480 18.7 4065
490 19.5 4260
500 19 4450
510 21 4660
520 20.9 4869
530 19.5 5064
540 18.4 5248
550 22.1 5469
560 17.6 5645
570 20.2 5847
580 15.8 6005
590 14.2 6147
600 10.1 6248
610 9.3 6341
620 9.3 6434
630 9.6 6530
640 8.8 6618
650 7.8 6696
660 4.7 6743
670 2.3 6766
680 0.9 6775
690 0.5 6780
700 0.2 6782
710 0.4 6786
720 0 6786
730 0 6786
740 0 6786
745 0.1 6787
