60 0.1 1
70 0 1
80 0 1
90 0 1
100 0 1
110 0 1
120 0.1 2
130 0 2
140 0 2
150 0 2
160 0 2
170 0 2
180 0.1 3
190 0 3
200 0 3
210 0 3
220 0 3
230 0 3
240 0.1 4
250 0 4
260 0 4
270 0 4
280 0 4
290 0 4
300 0.1 5
310 0 5
320 0 5
330 0 5
340 0 5
350 0 5
360 0.1 6
370 0 6
380 0 6
390 0 6
400 0 6
410 0 6
420 0.1 7
430 0 7
440 0 7
450 0 7
460 0 7
470 0 7
480 0 7
490 0 7
500 0 7
510 0 7
520 0 7
530 0 7
540 0 7
550 0 7
560 0 7
570 0 7
580 0 7
590 0 7
600 0 7
610 0 7
620 0 7
630 0 7
640 0 7
650 0 7
660 0 7
670 0 7
680 0 7
690 0 7
700 0 7
710 0 7
720 0 7
730 0 7
740 0 7
745 0 7
