0 0.3 42.965657552083336 49.552832874645944 113.0439453125 7.9189453125 0 0
10 3 95.1443115234375 99.02174170860182 361.51611328125 7.6640625 42.965657552083336 3
20 8.5 58.85625000000001 85.70178155887812 578.4169921875 0.98095703125 90.40079752604167 33
30 12.4 57.01490439138105 63.751650454267995 578.4169921875 0.48095703125 67.6780302403337 118
40 15.3 49.553286483864376 41.955484379567814 578.4169921875 0.48095703125 62.21427980533316 242
50 18 50.7208238389757 51.895783790232024 578.4169921875 0.48095703125 57.31014821499209 395
60 21.3 35.77050895870011 37.4560762275129 578.4169921875 0.48095703125 55.24740319293478 575
70 27.8 33.5804750730666 36.39084523664976 578.4169921875 0.48095703125 49.98270970068607 788
80 31.7 31.484400415270116 35.24294505101202 578.4169921875 0.48095703125 45.705203859712135 1066
90 40.1 27.716274499298628 40.67568513647478 578.4169921875 0.48095703125 42.445627075989705 1383
100 43 33.44702545875726 37.292991691096155 578.4169921875 0.48095703125 39.134825291655 1784
110 53.1 29.709363229755198 35.354807450017574 578.4169921875 0.48095703125 38.030148720676664 2214
120 52.6 28.314343122475044 34.046902903985185 578.4169921875 0.48095703125 36.4205541503017 2745
130 58 27.72428188981681 33.69466667426875 578.4169921875 0.48095703125 35.11701792265363 3271
140 57.7 32.125972331293326 36.89113223322354 578.4169921875 0.48095703125 34.003596240221704 3851
150 57.5 30.95726222826087 35.22831859833922 578.4169921875 0.48095703125 33.75892844540425 4428
160 61.6 28.911686488560267 34.33693542975144 578.4169921875 0.48095703125 33.43693002948232 5003
170 66.7 26.80635622130341 32.95154510571378 578.4169921875 0.48095703125 32.94083641474518 5619
180 61.8 34.08920930041462 37.58027756351509 578.4169921875 0.48095703125 32.289914001600785 6286
190 69.1 30.924278248236245 36.32138940884814 578.4169921875 0.48095703125 32.45097490754907 6904
200 63.1 35.70132934763774 38.3853661575167 578.4169921875 0.48095703125 32.31207465849243 7595
210 89.6 107.89437811715295 230.2429648111934 1422.56298828125 0.48095703125 32.57205760389125 8226
220 91.3 43.946124341114434 43.348200589164016 1422.56298828125 0.48095703125 39.97052276283474 9122
230 91.7 43.342808314732125 42.5957550428142 1422.56298828125 0.48095703125 40.332229214351365 10035
240 99.2 34.91860740415512 37.92213661501398 1422.56298828125 0.48095703125 40.58430198964804 10952
250 103.9 34.15904481096617 37.92754826315071 1422.56298828125 0.48095703125 40.11374195709538 11944
260 109.1 41.05973344587827 44.09747754845912 1422.56298828125 0.48095703125 39.63720107017955 12983
270 124.7 46.86650108698375 46.87329957499923 1422.56298828125 0.48095703125 39.74747411422441 14074
280 130.4 58.905310133483525 56.04696079545319 1422.56298828125 0.48095703125 40.326902783047 15321
290 129.9 51.55624969928791 50.07802296587016 1422.56298828125 0.48095703125 41.784120418233115 16625
300 136.2 74.29397757778064 73.48694438227201 1422.56298828125 0.48095703125 42.4923326440806 17924
310 142 156.76304312692554 132.62485978123502 1422.56298828125 0.48095703125 44.73820220747889 19286
320 146.5 483.25607201898447 300.94313316783075 1422.56298828125 0.48095703125 52.42077122639198 20706
330 164.8 597.3460001528837 374.92762493327524 1422.56298828125 0.48095703125 80.88920817831783 22171
340 185.6 549.771245101402 388.3056450438837 1422.56298828125 0.348876953125 116.62205981667732 23819
350 202.7 515.6209126017535 444.68213843641854 1422.56298828125 0.348876953125 147.93364259714272 25675
360 217.6 479.73611506293753 415.5549104924008 1422.56298828125 0.333984375 174.83791291334177 27702
370 221.4 461.07200527449623 389.1277352475889 1422.56298828125 0.333984375 197.04349855754555 29878
380 245.6 436.8932891746301 423.74365891412634 2034.73291015625 0.333984375 215.25860244235574 32092
390 265.5 531.9306737177795 827.2706018056166 6584.577880859375 0.333984375 231.01450120970742 34548
400 260.4 765.1108089980279 1561.4281943408762 13742.680908203125 0.333984375 252.4894478002762 37203
410 238.6 1008.94457946419 2193.0646044992723 16625.363037109375 0.333984375 286.0228973081252 39807
420 233.8 1083.4058304289879 2510.0524139808094 24447.1318359375 0.333984375 326.90387599237073 42193
430 236.9 1039.9379267565746 2496.3661502948294 24447.1318359375 0.333984375 366.62230965594915 44531
440 244.8 1021.0118462057678 2527.285436314305 24773.005126953125 0.333984375 400.6326443448912 46900
450 238.1 1139.2714645853544 3045.9197957355623 41133.31396484375 0.333984375 431.4077170156261 49348
460 236.7 1033.8561315500233 2640.8233439513792 41133.31396484375 0.333984375 463.9895102643555 51729
470 227.9 1143.4508112881892 3390.590704002315 72153.61694335938 0.333984375 488.9243352529531 54096
480 231.1 1509.9374560525744 5878.05756188154 72646.24584960938 0.333984375 515.3840397120981 56375
490 245.2 1429.7368051550704 6039.735414337108 73003.39208984375 0.333984375 554.5486265839728 58686
500 227.9 2129.1964116148793 8136.18682375927 73689.52905273438 0.333984375 589.6489146839488 61138
510 245.4 3160.468278034589 12309.102929371813 73689.52905273438 0.333984375 644.9752269583482 63417
520 245.8 3240.050469667761 12878.504233884112 80111.80712890625 0.333984375 738.6890000503173 65871
530 231.6 3551.095863671705 14207.729572228836 80111.80712890625 0.333984375 828.6705085213864 68329
540 237.2 1958.9172481646235 9184.716040773843 80111.80712890625 0.333984375 917.9215117421118 70645
550 235.7 1143.044928400609 6032.863511338749 80111.80712890625 0.333984375 951.7388677933627 73017
560 221 474.02816432763007 383.1485212746964 80111.80712890625 0.333984375 957.7211479543106 75374
570 200.7 489.0406611527625 308.67742404072897 80111.80712890625 0.333984375 943.9430301231216 77584
580 189.8 247.42645758899226 203.5519788231362 80111.80712890625 0.333984375 932.4720214095295 79591
590 144.3 23.918909275110437 27.92269251577509 80111.80712890625 0.333984375 916.5162914320922 81489
600 116.2 14.274427929351335 13.310325456744389 80111.80712890625 0.333984375 900.9852778010147 82932
610 99.2 11.911776142735633 5.827447517560955 80111.80712890625 0.333984375 888.7328221258075 84094
620 81.6 10.846112120385255 2.7159845493722017 80111.80712890625 0.333984375 878.5101476832998 85086
630 62.3 10.166075582488963 1.9289668430506246 80111.80712890625 0.333984375 870.268036288695 85902
640 41.3 10.510717950779364 1.9134123549499191 80111.80712890625 0.333984375 864.0751033615646 86525
650 24.8 10.326381560294855 2.2098374271037486 80111.80712890625 0.333984375 860.0202356262284 86938
660 13.7 10.694417911724448 1.5818120377157006 80111.80712890625 0.333984375 857.6032870816415 87186
670 5.5 11.258407315340909 1.487954009490463 80111.80712890625 0.333984375 856.2745819858903 87323
680 4 11.49310302734375 0.9142176044132903 80111.80712890625 0.333984375 855.7426873487176 87378
690 1.4 11.771222795758929 0.6979535093652256 80111.80712890625 0.333984375 855.3563826589186 87418
700 0.8 11.915802001953125 0.3948380332698228 80111.80712890625 0.333984375 855.2213040579705 87432
710 0.7 11.169538225446429 0.6797642513486285 80111.80712890625 0.333984375 855.1441489342692 87440
720 0 0 0 80111.80712890625 0.333984375 855.0765900440275 87447
730 0 0 0 80111.80712890625 0.333984375 855.0765900440275 87447
740 0 0 0 80111.80712890625 0.333984375 855.0765900440275 87447
745 0.1 11.377197265625 0.0 80111.80712890625 0.333984375 855.0765900440275 87447
