10 0.1 40 0 40 40 0 0
20 0.1 176.0 0.0 176 40 40.0 1
30 0.1 384.0 0.0 384 40 108.0 2
40 0.1 591.0 0.0 591 40 200.0 3
50 0.1 630.0 0.0 630 40 297.75 4
60 0.1 731.0 0.0 731 40 364.2 5
70 0.1 849.0 0.0 849 40 425.3333333333333 6
80 0.1 888.0 0.0 888 40 485.85714285714283 7
90 0.1 1042.0 0.0 1042 40 536.125 8
100 0.1 1271.0 0.0 1271 40 592.3333333333334 9
110 0.1 1547.0 0.0 1547 40 660.2 10
120 0.1 1576.0 0.0 1576 40 740.8181818181819 11
130 0.1 1775.0 0.0 1775 40 810.4166666666666 12
140 0.1 1771.0 0.0 1775 40 884.6153846153846 13
150 0.1 1808.0 0.0 1808 40 947.9285714285714 14
160 0.1 1975.0 0.0 1975 40 1005.2666666666667 15
170 0.1 1872.0 0.0 1975 40 1065.875 16
180 0.1 2166.0 0.0 2166 40 1113.2941176470588 17
190 0.1 2121.0 0.0 2166 40 1171.7777777777778 18
200 0.1 2361.0 0.0 2361 40 1221.7368421052631 19
210 0.1 2598.0 0.0 2598 40 1278.7 20
220 0.1 3366.0 0.0 3366 40 1341.5238095238096 21
230 0.1 3438.0 0.0 3438 40 1433.5454545454547 22
240 0.1 3606.0 0.0 3606 40 1520.695652173913 23
250 0.1 3454.0 0.0 3606 40 1607.5833333333333 24
260 0.1 3560.0 0.0 3606 40 1681.44 25
270 0.1 4313.0 0.0 4313 40 1753.6923076923076 26
280 0.1 4734.0 0.0 4734 40 1848.4814814814815 27
290 0.1 5072.0 0.0 5072 40 1951.5357142857142 28
300 0.1 4993.0 0.0 5072 40 2059.137931034483 29
310 0.1 6028.0 0.0 6028 40 2156.9333333333334 30
320 0.1 6.4e3 0.0 6400 40 2281.8064516129034 31
330 0.1 6601.0 0.0 6601 40 2410.5 32
340 0.1 7052.0 0.0 7052 40 2537.4848484848485 33
350 0.1 7410.0 0.0 7410 40 2670.264705882353 34
360 0.1 7496.0 0.0 7496 40 2805.6857142857143 35
370 0.1 8021.0 0.0 8021 40 2935.972222222222 36
380 0.1 8460.0 0.0 8460 40 3073.4054054054054 37
390 0.1 8739.0 0.0 8739 40 3215.157894736842 38
400 0.1 9045.0 0.0 9045 40 3356.7948717948716 39
410 0.1 8759.0 0.0 9045 40 3499.0 40
420 0.1 8645.0 0.0 9045 40 3627.2926829268295 41
430 0.1 8624.0 0.0 9045 40 3746.7619047619046 42
440 0.1 8722.0 0.0 9045 40 3860.186046511628 43
450 0.1 8702.0 0.0 9045 40 3970.681818181818 44
460 0.1 8663.0 0.0 9045 40 4075.822222222222 45
470 0.1 8672.0 0.0 9045 40 4175.54347826087 46
480 0.1 8498.0 0.0 9045 40 4271.212765957447 47
490 0.1 8612.0 0.0 9045 40 4359.270833333333 48
500 0.1 8178.0 0.0 9045 40 4446.061224489796 49
510 0.1 8541.0 0.0 9045 40 4520.7 50
520 0.1 8553.0 0.0 9045 40 4599.529411764706 51
530 0.1 8249.0 0.0 9045 40 4675.557692307693 52
540 0.1 8315.0 0.0 9045 40 4742.9811320754725 53
550 0.1 8155.0 0.0 9045 40 4809.1296296296305 54
560 0.1 7957.0 0.0 9045 40 4869.963636363637 55
570 0.1 7579.0 0.0 9045 40 4925.089285714287 56
580 0.1 7454.0 0.0 9045 40 4971.649122807019 57
590 0.1 4656.0 0.0 9045 40 5014.44827586207 58
600 0.1 3025.0 0.0 9045 40 5008.372881355933 59
610 0.1 2501.0 0.0 9045 40 4975.3166666666675 60
620 0.1 2124.0 0.0 9045 40 4934.754098360657 61
630 0.1 1616.0 0.0 9045 40 4889.41935483871 62
640 0.1 1163.0 0.0 9045 40 4837.460317460318 63
650 0.1 702.0 0.0 9045 40 4780.046875000001 64
660 0.1 396.0 0.0 9045 40 4717.307692307693 65
670 0.1 173.0 0.0 9045 40 4651.833333333334 66
680 0.1 117.0 0.0 9045 40 4584.985074626867 67
690 0.1 44.0 0.0 9045 40 4519.279411764706 68
710 0.1 21.0 0.0 9045 21 4454.420289855072 69
720 0.1 25.0 0.0 9045 21 4391.085714285714 70
730 0.1 0.0 0.0 9045 0 4329.591549295775 71
740 0.1 1.0 0.0 9045 0 4269.458333333333 72
745 0.1 4.0 0.0 9045 0 4210.986301369863 73
