0 0.3 42.965657552083336 49.552832874645944 113.0439453125 7.9189453125 0 0
10 4.8 61.26957702636719 61.60674775017349 247.72900390625 7.6640625 42.965657552083336 3
20 12 41.67649129231771 72.01368368674855 566.531982421875 0.98095703125 60.19287588082108 51
30 18.2 38.791620610834485 52.753296106837126 566.531982421875 0.48095703125 47.198921783625735 171
40 21.9 34.22344552654112 34.59394114649584 566.531982421875 0.48095703125 42.864279252611546 353
50 25.4 35.92641274760091 43.66655488126725 566.531982421875 0.48095703125 39.55598801832934 572
60 27.4 27.794349837477185 30.268750694482637 566.531982421875 0.48095703125 38.43987165178573 826
70 34.7 26.890411113112393 29.795014841288143 566.531982421875 0.48095703125 35.788168945312506 1100
80 38.8 25.713346186372423 28.73526972027146 566.531982421875 0.48095703125 33.654428815545096 1447
90 47.5 23.389239823190795 34.834256293839594 566.531982421875 0.48095703125 31.975333414935285 1835
100 54 26.62322365089699 30.390803641983776 566.531982421875 0.48095703125 30.20979468936012 2310
110 64.8 24.336232126494966 29.05180484985992 566.531982421875 0.48095703125 29.530233861019738 2850
120 62.5 23.821298828125006 27.969393859189992 566.531982421875 0.48095703125 28.568051721519435 3498
130 69.4 23.161992229714468 27.8451265212003 566.531982421875 0.48095703125 27.84849786307376 4123
140 71.1 26.06141390042633 29.9728235062822 566.531982421875 0.48095703125 27.173298587684233 4817
150 70.8 25.131730419094264 28.402000368339333 566.531982421875 0.48095703125 27.03029026412411 5528
160 73.4 24.25565980500681 28.071083361761733 566.531982421875 0.48095703125 26.814738569082234 6236
170 78.5 22.768874091859097 27.206503030814968 566.531982421875 0.48095703125 26.54524591300887 6970
180 77.5 27.172873928931434 30.315060722739535 566.531982421875 0.48095703125 26.16298261454303 7755
190 84.7 25.219915937223284 29.70828911105406 566.531982421875 0.48095703125 26.254737100903057 8530
200 80.2 28.078185578534125 30.77300867474427 566.531982421875 0.48095703125 26.16126439901154 9377
210 116 83.32758262897352 183.4688009164498 1078.697998046875 0.48095703125 26.312297976570935 10179
220 120.2 33.444369247868075 33.69170437731297 1078.697998046875 0.48095703125 32.14506366991135 11339
230 120.4 32.922691978885524 33.27148392756759 1078.697998046875 0.48095703125 32.26959642684493 12541
240 123.9 27.947431735207317 30.450525391141092 1078.697998046875 0.48095703125 32.32680465126521 13745
250 127.5 27.827236519607855 30.140856785504457 1078.697998046875 0.48095703125 31.96468218443421 14984
260 137.7 32.66352829832751 33.65437446713711 1078.697998046875 0.48095703125 31.64023152801908 16259
270 159.3 36.5508902167196 34.48537219262294 1078.697998046875 0.48095703125 31.720129444367156 17636
280 166.8 46.03718680329173 39.325373579341324 1078.697998046875 0.48095703125 32.12032716189576 19229
290 166.1 40.30732527703564 36.38125097521819 1078.697998046875 0.48095703125 33.23117187079409 20897
300 173.9 58.451815990691486 50.58290651598036 1078.697998046875 0.48095703125 33.75220612949465 22558
310 187 119.71146625375997 81.90588020313572 1078.697998046875 0.48095703125 35.520021972957686 24297
320 195.2 366.8006985773802 164.53138203117854 1078.697998046875 0.48095703125 41.536684211850186 26167
330 221.6 447.9262321830226 213.91922400052948 1078.697998046875 0.48095703125 64.1162694048341 28119
340 244.9 414.96763845734216 235.82113968690248 1078.697998046875 0.348876953125 92.15394461553018 30335
350 272.1 384.73859501691106 286.0911988661035 1078.697998046875 0.348876953125 116.26847414879633 32784
360 283.5 365.94536296434023 271.6493196111086 1078.697998046875 0.333984375 136.84324386805108 35505
370 285.6 358.30039640367823 259.43475393640006 1078.697998046875 0.333984375 153.78389351953723 38340
380 325.3 331.4933949941645 293.9253715770483 2034.73291015625 0.333984375 167.9624334806283 41196
390 354.2 399.9885963857812 691.5288769993118 6584.577880859375 0.333984375 179.93044665985693 44449
400 325.1 613.6946571277335 1393.8296263341122 9067.163818359375 0.333984375 196.17194957351208 47991
410 302.2 792.9251527211908 1943.9872051207342 15021.39013671875 0.333984375 222.6612810254221 51242
420 299.3 845.4088042183063 2243.4246741560623 24447.1318359375 0.333984375 254.41967370315712 54264
430 302.8 822.6721180118368 2253.303270601048 24447.1318359375 0.333984375 285.3124984692441 57257
440 312.8 790.0400300086922 2199.1599140371727 24744.1689453125 0.333984375 312.3030421861715 60285
450 301.6 902.368348948836 2735.4696577089153 41133.31396484375 0.333984375 335.8685776112239 63413
460 305.8 798.0031995355424 2329.8673711073816 41133.31396484375 0.333984375 361.5887195726298 66429
470 292.7 893.7739004246553 3019.2097508939273 72153.61694335938 0.333984375 380.79454914832866 69487
480 297.5 1169.5004849986865 5207.170213871035 72646.24584960938 0.333984375 401.5293595604839 72414
490 314.1 1121.4527770937827 5365.468025609417 73003.39208984375 0.333984375 431.83502879841853 75389
500 294.4 1651.2528266077472 7201.762415913473 73689.52905273438 0.333984375 459.4179824135432 78530
510 311.8 2502.848542218955 11051.098107514767 73689.52905273438 0.333984375 502.4840130651344 81474
520 314.9 2507.766098318044 11367.195989504526 73689.52905273438 0.333984375 576.2160042924562 84592
530 296.6 2773.450169548501 12631.00302732584 73689.52905273438 0.333984375 645.5387980386704 87741
540 301.1 1539.5347939715834 8183.650506897629 73689.52905273438 0.333984375 715.1187105911544 90707
550 303.6 888.5022082825134 5326.1886679824665 73689.52905273438 0.333984375 741.6057976721684 93718
560 283.9 367.77052673146363 255.72259495416185 73689.52905273438 0.333984375 746.2151936931393 96754
570 247.7 394.0155418128031 182.99577770313175 73689.52905273438 0.333984375 735.4272426373001 99593
580 224.5 207.23796098534996 140.05405877438153 73689.52905273438 0.333984375 727.1419797496516 102070
590 159.4 21.647940182177333 22.823089118583052 73689.52905273438 0.333984375 715.9529415276714 104315
600 120.5 13.762994562046156 11.558569283904724 73689.52905273438 0.333984375 705.5031953102139 105909
610 100.2 11.792289444548404 5.1706966860544625 73689.52905273438 0.333984375 697.7213279361866 107114
620 81.8 10.819443084791404 2.4844809207392435 73689.52905273438 0.333984375 691.3642587089805 108116
630 62.3 10.166075582488963 1.9289668430506246 73689.52905273438 0.333984375 686.2539565151698 108934
640 41.3 10.510717950779364 1.9134123549499191 73689.52905273438 0.333984375 682.4093573583741 109557
650 24.8 10.326381560294855 2.2098374271037486 73689.52905273438 0.333984375 679.8859951861876 109970
660 13.7 10.694417911724448 1.5818120377157006 73689.52905273438 0.333984375 678.3794283442996 110218
670 5.5 11.258407315340909 1.487954009490463 73689.52905273438 0.333984375 677.5505320874081 110355
680 4 11.49310302734375 0.9142176044132903 73689.52905273438 0.333984375 677.2186231401889 110410
690 1.4 11.771222795758929 0.6979535093652256 73689.52905273438 0.333984375 676.9775274334935 110450
700 0.8 11.915802001953125 0.3948380332698228 73689.52905273438 0.333984375 676.8932204351507 110464
710 0.7 11.169538225446429 0.6797642513486285 73689.52905273438 0.333984375 676.8450650713711 110472
720 0 0 0 73689.52905273438 0.333984375 676.8028875653481 110479
730 0 0 0 73689.52905273438 0.333984375 676.8028875653481 110479
740 0 0 0 73689.52905273438 0.333984375 676.8028875653481 110479
745 0.1 11.377197265625 0.0 73689.52905273438 0.333984375 676.8028875653481 110479
