10 0.1 45 0 45 45 0 0
20 0.1 146.0 0.0 146 45 45.0 1
30 0.1 351.0 0.0 351 45 95.5 2
40 0.1 481.0 0.0 481 45 180.66666666666666 3
50 0.1 547.0 0.0 547 45 255.75 4
60 0.1 636.0 0.0 636 45 314.0 5
70 0.1 822.0 0.0 822 45 367.6666666666667 6
80 0.1 881.0 0.0 881 45 432.57142857142856 7
90 0.1 1030.0 0.0 1030 45 488.625 8
100 0.1 1309.0 0.0 1309 45 548.7777777777778 9
110 0.1 1505.0 0.0 1505 45 624.8 10
120 0.1 1622.0 0.0 1622 45 704.8181818181819 11
130 0.1 1830.0 0.0 1830 45 781.25 12
140 0.1 1831.0 0.0 1831 45 861.9230769230769 13
150 0.1 1798.0 0.0 1831 45 931.1428571428571 14
160 0.1 2029.0 0.0 2029 45 988.9333333333333 15
170 0.1 1971.0 0.0 2029 45 1053.9375 16
180 0.1 2225.0 0.0 2225 45 1107.8823529411766 17
190 0.1 2132.0 0.0 2225 45 1169.9444444444443 18
200 0.1 2402.0 0.0 2402 45 1220.578947368421 19
210 0.1 2491.0 0.0 2491 45 1279.65 20
220 0.1 3176.0 0.0 3176 45 1337.3333333333333 21
230 0.1 3258.0 0.0 3258 45 1420.909090909091 22
240 0.1 3430.0 0.0 3430 45 1500.7826086956522 23
250 0.1 3389.0 0.0 3430 45 1581.1666666666667 24
260 0.1 3505.0 0.0 3505 45 1653.48 25
270 0.1 4138.0 0.0 4138 45 1724.6923076923076 26
280 0.1 4350.0 0.0 4350 45 1814.0740740740741 27
290 0.1 4522.0 0.0 4522 45 1904.642857142857 28
300 0.1 4590.0 0.0 4590 45 1994.896551724138 29
310 0.1 5232.0 0.0 5232 45 2081.4 30
320 0.1 5225.0 0.0 5232 45 2183.032258064516 31
330 0.1 5488.0 0.0 5488 45 2278.09375 32
340 0.1 6197.0 0.0 6197 45 2375.3636363636365 33
350 0.1 6661.0 0.0 6661 45 2487.764705882353 34
360 0.1 6849.0 0.0 6849 45 2607.0 35
370 0.1 7351.0 0.0 7351 45 2724.8333333333335 36
380 0.1 8099.0 0.0 8099 45 2849.864864864865 37
390 0.1 8623.0 0.0 8623 45 2988.0 38
400 0.1 8824.0 0.0 8824 45 3132.4871794871797 39
410 0.1 8606.0 0.0 8824 45 3274.775 40
420 0.1 8470.0 0.0 8824 45 3404.8048780487807 41
430 0.1 8432.0 0.0 8824 45 3525.404761904762 42
440 0.1 8918.0 0.0 8918 45 3639.5116279069766 43
450 0.1 8970.0 0.0 8970 45 3759.4772727272725 44
460 0.1 8767.0 0.0 8970 45 3875.266666666667 45
470 0.1 9003.0 0.0 9003 45 3981.608695652174 46
480 0.1 8867.0 0.0 9003 45 4088.446808510638 47
490 0.1 8502.0 0.0 9003 45 4188.0 48
500 0.1 7939.0 0.0 9003 45 4276.040816326531 49
510 0.1 8118.0 0.0 9003 45 4349.3 50
520 0.1 8076.0 0.0 9003 45 4423.196078431372 51
530 0.1 7651.0 0.0 9003 45 4493.442307692308 52
540 0.1 7743.0 0.0 9003 45 4553.018867924528 53
550 0.1 7616.0 0.0 9003 45 4612.092592592592 54
560 0.1 7314.0 0.0 9003 45 4666.70909090909 55
570 0.1 6638.0 0.0 9003 45 4713.982142857143 56
580 0.1 6344.0 0.0 9003 45 4747.736842105263 57
590 0.1 4826.0 0.0 9003 45 4775.258620689655 58
600 0.1 3799.0 0.0 9003 45 4776.118644067797 59
610 0.1 3345.0 0.0 9003 45 4759.833333333333 60
620 0.1 2868.0 0.0 9003 45 4736.639344262295 61
630 0.1 2231.0 0.0 9003 45 4706.5 62
640 0.1 1605.0 0.0 9003 45 4667.206349206349 63
650 0.1 1001.0 0.0 9003 45 4619.359375 64
660 0.1 558.0 0.0 9003 45 4563.692307692308 65
670 0.1 245.0 0.0 9003 45 4503.0 66
680 0.1 162.0 0.0 9003 45 4439.44776119403 67
690 0.1 63.0 0.0 9003 45 4376.544117647059 68
710 0.1 30.0 0.0 9003 30 4314.028985507246 69
720 0.1 36.0 0.0 9003 30 4252.828571428571 70
730 0.1 0.0 0.0 9003 0 4193.43661971831 71
740 0.1 1.0 0.0 9003 0 4135.194444444444 72
745 0.1 6.0 0.0 9003 0 4078.5616438356165 73
