20 0.1 23607.587890625 0 23607.587890625 23607.587890625 0 0
30 0.1 31786.97802734375 0.0 31786.97802734375 23607.587890625 23607.587890625 1
40 0.2 30848.922973632813 3307.9979248046875 34156.9208984375 23607.587890625 27697.282958984375 2
50 0 0 0 34156.9208984375 23607.587890625 29273.102966308594 4
60 0 0 0 34156.9208984375 23607.587890625 29273.102966308594 4
70 0 0 0 34156.9208984375 23607.587890625 29273.102966308594 4
80 0.1 79646.56909179688 0.0 79646.56909179688 23607.587890625 29273.102966308594 4
90 0.1 86099.77099609375 0.0 86099.77099609375 23607.587890625 39347.79619140625 5
100 0.4 70875.45477294922 16441.598482781534 91000.88403320313 23607.587890625 47139.7919921875 6
110 0.4 88672.03021240234 9995.242209858243 97679.69116210938 23607.587890625 56634.05710449219 10
120 0.9 83437.58512369792 17398.352826525133 111408.40502929688 23607.587890625 65787.76370675223 14
130 0.8 88862.74600219727 18143.125052797048 120065.82592773438 23607.587890625 72694.21556555707 23
140 1.3 97216.11566631611 19793.27316643249 134966.98510742188 23607.587890625 76866.73954920615 31
150 1.1 99213.17107599432 28684.71223907264 134966.98510742188 23607.587890625 82879.05522017046 44
160 0.8 97223.01284790039 13905.308410232301 134966.98510742188 23607.587890625 86145.87839133522 55
170 1.5 99822.97626953125 21585.672009389822 149062.89599609375 23607.587890625 87552.49863978794 63
180 1.5 94717.54895833334 29875.549380755445 151378.01513671875 23607.587890625 89912.20587627705 78
190 2.1 102153.31741768973 24990.122319565053 151811.88500976563 23607.587890625 90687.26121209258 93
200 2.3 97488.72058636209 28222.094288233875 174942.39501953125 23607.587890625 92799.42946049204 114
210 2.4 87881.82843017578 19948.80430215423 174942.39501953125 23607.587890625 93586.68271520016 137
220 1.9 98317.43920898438 18571.52292394693 174942.39501953125 23607.587890625 92736.26965407851 161
230 1.5 88209.32270507813 24204.25312761013 174942.39501953125 23607.587890625 93325.39310709636 180
240 2.5 91495.79087890625 21138.996860928153 174942.39501953125 23607.587890625 92931.84923001802 195
250 1.9 90080.19966848273 26330.167165435003 174942.39501953125 23607.587890625 92768.66078102805 220
260 1.9 92487.69869192023 23357.711725625642 174942.39501953125 23607.587890625 92554.93374697633 239
270 2.8 86133.47903006419 18005.421426205998 174942.39501953125 23607.587890625 92549.98232819313 258
280 3.7 88530.0542652027 27724.123557201063 196890.46606445313 23607.587890625 91921.79319411058 286
290 4.7 87776.55469788896 20449.515907417135 196890.46606445313 23607.587890625 91533.26582454528 323
300 4.4 92287.73632257634 16067.32909408293 196890.46606445313 23607.587890625 91056.06197872678 370
310 3.4 90624.49289838006 18674.866577160316 196890.46606445313 23607.587890625 91186.9645659958 414
320 3.6 91480.33121066623 21923.2219910155 196890.46606445313 23607.587890625 91144.27698407855 448
330 3.2 87477.45746612549 34054.26216036064 200044.14404296875 23607.587890625 91169.2727529983 484
340 6.7 80957.58670636079 28836.399539653088 200044.14404296875 19886.949951171875 90940.32296776587 516
350 6.5 83136.23362379809 27205.27974585523 200044.14404296875 19886.949951171875 89793.0788348085 583
360 6 83338.15751953123 32257.624080110054 200044.14404296875 19886.949951171875 89125.33973185222 648
370 6.5 77628.8053485577 32834.755223102555 200044.14404296875 19886.949951171875 88634.90056131654 708
380 8.5 76767.17284581803 30489.536088954508 200044.14404296875 18347.9638671875 87709.42036878184 773
390 7.1 80509.1433243013 32269.145554707302 200044.14404296875 18347.9638671875 86625.39817827842 858
400 10.7 80110.34610926552 33241.55922117349 200044.14404296875 18347.9638671875 86157.95566521882 929
410 9.8 86062.45393963245 28955.903558697104 200044.14404296875 18347.9638671875 85533.34734235491 1036
420 11.3 86098.24475853848 28015.543289281846 200044.14404296875 18347.9638671875 85579.07260384804 1134
430 8.7 97747.23769194502 28281.27591122634 200044.14404296875 18347.9638671875 85626.11867720811 1247
440 10.6 86502.1610867482 27012.846480360455 200044.14404296875 18347.9638671875 86416.62643903878 1334
450 10.7 87140.0555682316 27503.576355721216 200044.14404296875 18347.9638671875 86422.92273949517 1440
460 10.6 90756.75462024614 24326.80861027101 200044.14404296875 18347.9638671875 86472.52404051313 1547
470 10.8 93751.75017406323 22699.80238160544 200044.14404296875 18347.9638671875 86747.25389015117 1653
480 10.6 94983.35484227595 27114.26018875637 200044.14404296875 18347.9638671875 87176.83117502482 1761
490 9 96623.37515462238 25920.216580040204 200044.14404296875 18347.9638671875 87620.05105115156 1867
500 11.2 95230.27717808312 31132.207341006553 200044.14404296875 18347.9638671875 88034.10274727439 1957
510 11.2 101772.08410426548 27986.795277736823 200044.14404296875 18347.9638671875 88423.64916402189 2069
520 11.1 101117.87263997395 31329.200036302078 200044.14404296875 18347.9638671875 89109.12587805549 2181
530 10.2 105044.57261029414 27158.489659497012 200044.14404296875 18347.9638671875 89690.70131024264 2292
540 11.1 106457.9349046312 20229.71875096189 200044.14404296875 18347.9638671875 90344.87627791401 2394
550 11.9 112314.00602555476 21874.348872944 200044.14404296875 18347.9638671875 91058.86809730149 2505
560 8.7 119843.56752592942 20897.529131426494 200044.14404296875 18347.9638671875 92022.80156279773 2624
570 9.4 119934.32464729472 24705.095657322163 219766.65087890625 18347.9638671875 92915.61109389049 2711
580 9.4 127633.58420514046 23187.924373927624 239513.27807617188 18347.9638671875 93821.05104897782 2805
590 9.2 137236.6654928456 22896.21994687301 239513.27807617188 18347.9638671875 94917.4215618027 2899
600 9.1 142636.93591711027 21678.146538546425 240630.8388671875 18347.9638671875 96219.1167947201 2991
610 8.9 164370.27415346305 24381.29566228937 240630.8388671875 18347.9638671875 97589.66239502428 3082
620 9.4 176072.0532823929 24031.09010175557 240630.8388671875 18347.9638671875 99463.98420092181 3171
630 9.6 187793.3237533569 26057.856858955536 240630.8388671875 18347.9638671875 101669.5457610009 3265
640 8.7 200550.11578719917 27110.695231646016 265616.9538574219 18347.9638671875 104129.49300505512 3361
650 7.7 212601.52212801846 25752.692061016445 271697.3000488281 18347.9638671875 106562.37994880411 3448
660 4.7 224655.6031208444 20994.758724328745 271697.3000488281 18347.9638671875 108878.69596236425 3525
670 2.3 232516.23598845108 21911.398934188164 271697.3000488281 18347.9638671875 110402.07631971268 3572
680 0.9 249918.29272460938 18056.351483586262 280155.5900878906 18347.9638671875 111183.33519937359 3595
690 0.5 251589.548828125 9074.857370285232 280155.5900878906 18347.9638671875 111529.78764602373 3604
700 0.2 275017.9045410156 16239.592529296875 291257.4970703125 18347.9638671875 111723.8299862594 3609
710 0.4 269539.98748779297 20572.750202699346 291257.4970703125 18347.9638671875 111814.27256424597 3611
720 0 0 0 291257.4970703125 18347.9638671875 111988.79617688613 3615
730 0 0 0 291257.4970703125 18347.9638671875 111988.79617688613 3615
740 0.1 280866.54296875 0.0 291257.4970703125 18347.9638671875 111988.79617688613 3615
745 0 0 0 291257.4970703125 18347.9638671875 112035.49909358742 3616
