0 0.4078125 0.4078125
10 22.45390625 22.86171875
20 53.30078125 76.1625
30 82.4515625 158.6140625
40 99.1859375 257.8
50 121.190625 378.990625
60 124.85703125 503.84765625
70 156.93359375 660.78125
80 175.97109375 836.75234375
90 212.46015625 1049.2125
100 247.58203125 1296.79453125
110 293.3109375 1590.10546875
120 286.40390625 1876.509375
130 313.503125 2190.0125
140 324.609375 2514.621875
150 319.8859375 2834.5078125
160 332.64609375 3167.15390625
170 348.8609375 3516.01484375
180 351.76796875 3867.7828125
190 377.53671875 4245.31953125
200 383.74453125 4629.0640625
210 498.79765625 5127.86171875
220 549.2515625 5677.11328125
230 550.8421875 6227.95546875
240 557.01015625 6784.965625
250 572.934375 7357.9
260 616.715625 7974.615625
270 715.1296875 8689.7453125
280 750.7453125 9440.490625
290 747.275 10187.765625
300 785.2390625 10973.0046875
310 842.8609375 11815.865625
320 898.69609375 12714.56171875
330 997.99296875 13712.5546875
340 1097.275 14809.8296875
350 1217.803125 16027.6328125
360 1269.5390625 17297.171875
370 1252.23828125 18549.41015625
380 1443.61015625 19993.0203125
390 1581.67578125 21574.69609375
400 1421.42265625 22996.11875
410 1322.5625 24318.68125
420 1296.47578125 25615.15703125
430 1323.809375 26938.96640625
440 1374.328125 28313.29453125
450 1316.87109375 29630.165625
460 1341.234375 30971.4
470 1273.34296875 32244.74296875
480 1288.46484375 33533.2078125
490 1371.2234375 34904.43125
500 1297.1578125 36201.5890625
510 1351.07578125 37552.66484375
520 1369.26796875 38921.9328125
530 1294.853125 40216.7859375
540 1305.0609375 41521.846875
550 1316.2984375 42838.1453125
560 1260.51015625 44098.65546875
570 1089.91640625 45188.571875
580 968.96015625 46157.53203125
590 690.3578125 46847.88984375
600 505.634375 47353.52421875
610 407.91484375 47761.4390625
620 330.0421875 48091.48125
630 248.36484375 48339.84609375
640 165.5078125 48505.35390625
650 98.56640625 48603.9203125
660 54.76484375 48658.68515625
670 21.94765625 48680.6328125
680 15.925 48696.5578125
690 5.6015625 48702.159375
700 3.1875 48705.346875
710 2.79140625 48708.13828125
720 0 48708.13828125
730 0 48708.13828125
740 0 48708.13828125
745 0.39609375 48708.534375
