0 13.48125 13.48125
10 173.2234375 186.7046875
20 448.278125 634.9828125
30 695.03046875 1330.01328125
40 823.78359375 2153.796875
50 928.009375 3081.80625
60 947.240625 4029.046875
70 1230.96796875 5260.01484375
80 1299.11015625 6559.125
90 1587.85078125 8146.97578125
100 1819.78125 9966.75703125
110 2248.14453125 12214.9015625
120 2111.125 14326.0265625
130 2427.35 16753.3765625
140 2433.6046875 19186.98125
150 2512.1015625 21699.0828125
160 2570.5390625 24269.621875
170 2778.90703125 27048.52890625
180 2741.31875 29789.84765625
190 3025.99921875 32815.846875
200 2845.6234375 35661.4703125
210 4218.68671875 39880.15703125
220 4344.85234375 44225.009375
230 4373.56328125 48598.57265625
240 4477.13515625 53075.7078125
250 4481.0453125 57556.753125
260 4969.6015625 62526.3546875
270 5855.4921875 68381.846875
280 6140.22734375 74522.07421875
290 6114.85546875 80636.9296875
300 6473.41328125 87110.34296875
310 6970.94296875 94081.2859375
320 7052.00546875 101133.29140625
330 7010.034375 108143.32578125
340 7186.1453125 115329.47109375
350 6748.01484375 122077.4859375
360 7251.59765625 129329.08359375
370 7297.1921875 136626.27578125
380 7213.065625 143839.34140625
390 6946.8765625 150786.21796875
400 7770.4078125 158556.62578125
410 7838.45234375 166395.078125
420 7572.08984375 173967.16796875
430 7573.94375 181541.11171875
440 7511.80703125 189052.91875
450 7885.9578125 196938.8765625
460 7609.11171875 204547.98828125
470 7092.24140625 211640.2296875
480 7508.49296875 219148.72265625
490 7656.490625 226805.21328125
500 7474.8828125 234280.09609375
510 7816.90859375 242097.0046875
520 7768.84765625 249865.85234375
530 7463.103125 257328.95546875
540 7873.29765625 265202.253125
550 7185.546875 272387.8
560 7690.578125 280078.378125
570 8146.7203125 288225.0984375
580 8398.8 296623.8984375
590 5952.2109375 302576.109375
600 4455.853125 307031.9625
610 3732.909375 310764.871875
620 3065.27734375 313830.14921875
630 2347.46875 316177.61796875
640 1554.6109375 317732.22890625
650 936.0453125 318668.27421875
660 513.67890625 319181.953125
670 207.559375 319389.5125
680 152.30390625 319541.81640625
690 52.290625 319594.10703125
700 30.38125 319624.48828125
710 26.478125 319650.96640625
720 0 319650.96640625
730 0 319650.96640625
740 0 319650.96640625
745 3.8796875 319654.84609375
