0 0.5 5
10 0.5 10
20 1.2 22
30 1.3 35
40 0.8 43
50 1.1 54
60 1.6 70
70 1.1 81
80 1.3 94
90 1.7 111
100 1.8 129
110 2.1 150
120 1.7 167
130 2.1 188
140 1.7 205
150 1.8 223
160 1.7 240
170 2.7 267
180 1.8 285
190 3.5 320
200 4.7 367
210 4.8 415
220 4.3 458
230 3.9 497
240 3.8 535
250 5.1 586
260 6.7 653
270 5.2 705
280 6.1 766
290 5.6 822
300 8.4 906
310 9.4 1000
320 8.7 1087
330 12.3 1210
340 10.5 1315
350 8.7 1402
360 11.3 1515
370 16.6 1681
380 14.8 1829
390 16.7 1996
400 18.3 2179
410 15.7 2336
420 15.2 2488
430 20.6 2694
440 20.5 2899
450 20.2 3101
460 19.3 3294
470 21.4 3508
480 10.8 3616
490 0 3616
500 0 3616
510 0 3616
520 0 3616
530 0 3616
540 0 3616
550 0 3616
560 0 3616
570 0 3616
580 0 3616
590 0 3616
600 0 3616
610 0 3616
620 0 3616
630 0 3616
640 0 3616
650 0 3616
660 0 3616
670 0 3616
680 0 3616
690 0 3616
700 0 3616
710 0 3616
720 0 3616
730 0 3616
740 0 3616
745 0 3616
