0 5 5
10 10 10
20 21 21
30 33 33
40 39 39
50 50 50
60 66 66
70 77 77
80 89 89
90 105 105
100 119 121
110 136 136
120 144 144
130 157 157
140 161 161
150 168 168
160 177 178
170 189 190
180 192 192
190 206 206
200 230 230
210 254 256
220 278 279
230 302 304
240 315 316
250 347 347
260 395 395
270 419 419
280 443 447
290 452 452
300 492 497
310 552 554
320 603 604
330 694 694
340 732 732
350 754 764
360 807 807
370 908 908
380 971 972
390 1067 1068
400 1143 1144
410 1202 1203
420 1241 1241
430 1360 1360
440 1459 1459
450 1554 1555
460 1641 1643
470 1747 1751
480 1749 1804
490 1659 1804
500 1547 1804
510 1435 1804
520 1324 1804
530 1222 1804
540 1111 1804
550 992 1804
560 905 1804
570 811 1804
580 717 1804
590 625 1804
600 534 1804
610 445 1804
620 351 1804
630 255 1804
640 168 1804
650 91 1804
660 44 1804
670 21 1804
680 12 1804
690 7 1804
700 5 1804
710 1 1804
720 1 1804
730 1 1804
740 0 1804
745 0 1804
