0 1.8 18
10 6.7 85
20 7.8 163
30 12.6 289
40 18.3 472
50 19.6 668
60 25 918
70 28.9 1207
80 34.8 1555
90 36.3 1918
100 35.3 2271
110 37.3 2644
120 42.7 3071
130 41.5 3486
140 40.9 3895
150 36.6 4261
160 41.3 4674
170 38.8 5062
180 35.8 5420
190 40.4 5824
200 37.5 6199
210 30.4 6503
220 29.5 6798
230 30.1 7099
240 29.6 7395
250 26.9 7664
260 27.3 7937
270 29.3 8230
280 27 8500
290 30.7 8807
300 28.9 9096
310 30.6 9402
320 25.3 9655
330 25.7 9912
340 22.9 10141
350 23.6 10377
360 22.3 10600
370 22.8 10828
380 22.6 11054
390 21 11264
400 17.7 11441
410 19.4 11635
420 16.7 11802
430 31.7 12119
440 22.6 12345
450 16 12505
460 17.8 12683
470 19.6 12879
480 12 12999
490 16.3 13162
500 20.5 13367
510 25.3 13620
520 32.1 13941
530 33.9 14280
540 38.5 14665
550 47.5 15140
560 40.2 15542
570 32.3 15865
580 26.6 16131
590 16.5 16296
600 15.1 16447
610 8.7 16534
620 4.6 16580
630 2.4 16604
640 0.7 16611
650 0.7 16618
660 0.1 16619
662 0 16619
