0 0.2 2
10 1 12
20 1.2 24
30 1.5 39
40 2 59
50 2.4 83
60 2.8 111
70 3.4 145
80 4.4 189
90 4.8 237
100 4.7 284
110 5.7 341
120 6.6 407
130 6.2 469
140 6 529
150 4.5 574
160 6 634
170 4.7 681
180 4.4 725
190 3.9 764
200 4.6 810
210 3.3 843
220 3.4 877
230 2.3 900
240 4.8 948
250 2.5 973
260 4.1 1014
270 2.7 1041
280 2.7 1068
290 2.5 1093
300 2.6 1119
310 1.8 1137
320 2 1157
330 1.8 1175
340 1.2 1187
350 1.6 1203
360 0.6 1209
370 0.3 1212
380 0.9 1221
390 0.3 1224
400 0.4 1228
410 0.3 1231
420 0 1231
430 0.1 1232
440 0.1 1233
450 0.2 1235
460 0.1 1236
470 0 1236
480 0 1236
490 0 1236
500 0.3 1239
510 0 1239
520 0.7 1246
530 1 1256
540 2.1 1277
550 3.2 1309
560 4.4 1353
570 4.4 1397
580 5 1447
590 2.3 1470
600 3.1 1501
610 1.7 1518
620 0.9 1527
630 0.4 1531
640 0.1 1532
650 0.2 1534
660 0 1534
662 0 1534
