0 0.9 9
10 1.3 22
20 0.8 30
30 1.3 43
40 1.5 58
50 1.9 77
60 2.7 104
70 2.9 133
80 2.4 157
90 2.8 185
100 2.4 209
110 2.5 234
120 3.2 266
130 2.5 291
140 2.5 316
150 3.4 350
160 3.6 386
170 3.4 420
180 3.4 454
190 4.3 497
200 4.3 540
210 4.9 589
220 5.1 640
230 4.3 683
240 4.4 727
250 3.4 761
260 4.5 806
270 5.5 861
280 4.4 905
290 4.4 949
300 4 989
310 4.3 1032
320 5.9 1091
330 5.5 1146
340 6.5 1211
350 6.1 1272
360 5.2 1324
370 4.3 1367
380 5.5 1422
390 6.3 1485
400 7 1555
410 5.4 1609
420 4.7 1656
430 4.7 1703
440 5.5 1758
450 5.8 1816
460 5.4 1870
470 4.2 1912
480 5.5 1967
490 3.8 2005
500 3.2 2037
510 1.8 2055
520 2.5 2080
530 1.1 2091
540 1 2101
550 0.3 2104
560 0.1 2105
570 0 2105
580 0 2105
590 0 2105
600 0 2105
610 0 2105
620 0 2105
630 0 2105
640 0 2105
650 0 2105
660 0 2105
662 0 2105
