40 0.1 1
50 0.2 3
60 0.4 7
70 0 7
80 0.2 9
90 0.2 11
100 0.3 14
110 0.5 19
120 0.4 23
130 0.1 24
140 0.2 26
150 0.2 28
160 0.5 33
170 0.1 34
180 0.1 35
190 0.1 36
200 0.2 38
210 0.2 40
220 0.2 42
230 0.5 47
240 0.1 48
250 0.8 56
260 1.5 71
270 1.2 83
280 1.3 96
290 1.6 112
300 2 132
310 1.5 147
320 1.2 159
330 1.7 176
340 2 196
350 2.5 221
360 2.4 245
370 2.1 266
380 3.1 297
390 3.7 334
400 2.9 363
410 3.7 400
420 4.2 442
430 4.1 483
440 4.6 529
450 5 579
460 4.3 622
470 6.2 684
480 4.3 727
490 4.6 773
500 3.8 811
510 3.2 843
520 1.7 860
530 1.7 877
540 1.2 889
550 1.3 902
560 0.7 909
570 0.1 910
580 0 910
590 0 910
600 0 910
610 0 910
620 0 910
630 0 910
640 0 910
650 0 910
660 0 910
662 0 910
