150 0.1 1
160 0 1
170 0 1
180 0 1
190 0 1
200 0 1
210 0 1
220 0 1
230 0 1
240 0.1 2
250 0 2
260 0.4 6
270 0.3 9
280 0.4 13
290 0.3 16
300 0.4 20
310 0.1 21
320 0.5 26
330 0.5 31
340 0.4 35
350 0.5 40
360 0.6 46
370 0.6 52
380 0.5 57
390 0.4 61
400 0.6 67
410 0.8 75
420 0.4 79
430 0.6 85
440 1.2 97
450 0.4 101
460 0.9 110
470 1.1 121
480 0.5 126
490 0.8 134
500 1.4 148
510 0.8 156
520 0.7 163
530 0.2 165
540 0.4 169
550 0.5 174
560 0.3 177
570 0.6 183
580 0.6 189
590 0.1 190
600 0.4 194
610 0.2 196
620 0.1 197
630 0 197
640 0 197
650 0 197
660 0 197
662 0 197
