220 0.8 8
230 0.9 17
240 1.1 28
250 2.1 49
260 3.3 82
270 4 122
280 4.6 168
290 5.2 220
300 5.1 271
310 5.7 328
320 4.5 373
330 6.8 441
340 6.1 502
350 8.3 585
360 6.6 651
370 7.2 723
380 8.4 807
390 9.1 898
400 7.4 972
410 8.4 1056
420 8.7 1143
430 7.5 1218
440 8 1298
450 9.8 1396
460 7.9 1475
470 9.7 1572
480 7 1642
490 7.4 1716
500 10.9 1825
510 21.4 2039
520 29 2329
530 28.3 2612
540 31.7 2929
550 33.2 3261
560 18.8 3449
570 10.5 3554
580 4.8 3602
590 2.1 3623
600 0.3 3626
610 0.1 3627
620 0 3627
630 0 3627
640 0 3627
650 0 3627
660 0 3627
662 0 3627
