210 13.9 139
220 17 309
230 38.2 691
240 51.6 1207
250 86.7 2074
260 94.3 3017
270 103.9 4056
280 120.2 5258
290 104.3 6301
300 124.5 7546
310 129.8 8844
320 146.4 10308
330 161.8 11926
340 182.4 13750
350 185.6 15606
360 188 17486
370 217.3 19659
380 233.7 21996
390 254.3 24539
400 286.6 27405
410 295.8 30363
420 307.4 33437
430 313.8 36575
440 350.6 40081
450 349.9 43580
460 390.2 47482
470 386.1 51343
480 338.3 54726
490 269.6 57422
500 194 59362
510 104.6 60408
520 53.6 60944
530 19.6 61140
540 1.6 61156
550 0 61156
560 0 61156
570 0 61156
580 0 61156
590 0 61156
600 0 61156
610 0 61156
620 0 61156
630 0 61156
640 0 61156
650 0 61156
660 0 61156
662 0 61156
