0 7 7
10 18 11
20 23 5
30 32 9
40 36 4
50 43 7
60 53 10
70 68 15
80 73 5
90 86 13
100 85 -1
110 89 4
120 95 6
130 104 9
140 120 16
150 133 13
160 151 18
170 163 12
180 187 24
190 217 30
200 257 40
210 298 41
220 320 22
230 350 30
240 392 42
250 439 47
260 468 29
270 507 39
280 535 28
290 538 3
300 568 30
310 611 43
320 651 40
330 708 57
340 740 32
350 775 35
360 797 22
370 862 65
380 927 65
390 970 43
400 1053 83
410 1098 45
420 1098 0
430 1188 90
440 1241 53
450 1286 45
460 1345 59
470 1356 11
480 1203 -153
490 1036 -167
500 869 -167
510 723 -146
520 589 -134
530 491 -98
540 400 -91
550 276 -124
560 183 -93
570 115 -68
580 73 -42
590 42 -31
600 31 -11
610 15 -16
620 7 -8
630 3 -4
640 2 -1
650 1 -1
660 0 -1
662 0 0
