0 0.7 17.425258091517858 39.66130838196408 114.5751953125 1.19091796875 0 0
10 1.1 1.2519753196022727 0.07042195861392973 114.5751953125 1.135009765625 17.425258091517858 7
20 0.5 1.22138671875 0.06216386048611452 114.5751953125 1.135009765625 7.541585286458333 18
30 0.9 1.1534559461805556 0.04907855580549269 114.5751953125 1.089111328125 6.167629076086956 23
40 0.6 1.2261962890625 0.07235145626672003 114.5751953125 1.089111328125 4.757392883300781 32
50 1 1.272705078125 0.11877455206585637 114.5751953125 1.089111328125 4.199835526315789 38
60 1.5 5.070393880208333 14.380926509830976 114.5751953125 1.06103515625 3.5900166829427085 48
70 1.7 1.2997759650735294 0.2232885978272797 114.5751953125 1.06103515625 3.9424874441964284 63
80 1 1.18935546875 0.11528935559411226 114.5751953125 0.911865234375 3.3809112548828124 80
90 1.8 2.021497938368056 2.2469060849285993 114.5751953125 0.911865234375 3.137405056423611 90
100 0.8 2.3380126953125 2.388590489246356 114.5751953125 0.911865234375 2.951420536747685 108
110 1.6 1.5233154296875 0.7760381565185289 114.5751953125 0.911865234375 2.9091165476831895 116
120 1.7 4.933723000919118 13.89864841815333 114.5751953125 0.911865234375 2.741140654592803 132
130 1.2 1.78729248046875 1.1322237792437937 114.5751953125 0.911865234375 2.991301056522651 149
140 2.4 1.6157633463541667 1.3759899886286742 114.5751953125 0.911865234375 2.901561286878882 161
150 2.1 1.4537527901785714 0.7602826884618016 114.5751953125 0.911865234375 2.7347550675675674 185
160 2.9 1.4720837823275859 0.5021291660847733 114.5751953125 0.911865234375 2.6041674567657767 206
170 1.7 1.4801671645220589 0.6294070346810782 114.5751953125 0.911865234375 2.464463513962766 235
180 3.1 3.582669165826613 10.151518895825305 114.5751953125 0.911865234375 2.3980625697544644 252
190 3.2 1.3243560791015625 0.25351964375392066 114.5751953125 0.911865234375 2.527825129748233 283
200 4.8 1.3337249755859375 0.3297182239294488 114.5751953125 0.911865234375 2.4055679563492065 315
210 4.9 1.4543955277423466 1.1933135472754666 114.5751953125 0.911865234375 2.2638366531077825 363
220 3.3 1.9074411103219697 2.680204954557914 114.5751953125 0.911865234375 2.1675681697512137 412
230 4.4 1.77294921875 1.651937855873596 114.5751953125 0.911865234375 2.1482778484901686 445
240 5.9 1.734672934322034 2.975275861021336 114.5751953125 0.911865234375 2.114505947245654 489
250 6 1.3419759114583334 0.5096730677868218 114.5751953125 0.911865234375 2.073611517022126 548
260 5.4 1.3495053891782405 0.615527852531838 114.5751953125 0.911865234375 2.00141063489412 608
270 6.3 1.3469742063492065 0.9712744732454044 114.5751953125 0.889892578125 1.9482340740653319 662
280 5.7 1.4243206894188596 1.0019093337462073 114.5751953125 0.889892578125 1.8959866648706893 725
290 3.9 3.5049078525641026 12.264980786662832 114.5751953125 0.889892578125 1.8616069198569372 782
300 8.9 1.577488588483146 2.8135066107723072 114.5751953125 0.889892578125 1.9396687181219547 821
310 9.9 1.1635964133522727 0.37228861203665664 114.5751953125 0.863037109375 1.9042467054429943 910
320 10.5 1.0810477120535706 0.17273875418882834 114.5751953125 0.863037109375 1.8315763596382555 1009
330 11.2 1.1387372698102678 0.16313565145752018 114.5751953125 0.839111328125 1.760835329120848 1114
340 10.1 1.3145522315903466 0.8016491136480167 114.5751953125 0.839111328125 1.7040041850402732 1226
350 10.6 1.8696335126768873 2.6344885894710046 114.5751953125 0.8359375 1.6743624010926903 1327
360 11.2 1.5481807163783485 2.6298809031695285 114.5751953125 0.8359375 1.6888067401212492 1433
370 17 1.2027875114889703 0.5569166679314167 114.5751953125 0.8359375 1.67861249115089 1545
380 17.1 1.3845214843749998 2.0525571621065617 114.5751953125 0.8359375 1.6314461666362974 1715
390 17.4 1.400676858836207 1.197621978727114 114.5751953125 0.8359375 1.6090579796444193 1886
400 17.4 2.3866878816451145 8.090752927712035 114.5751953125 0.8359375 1.5914568558479976 2060
410 15.4 2.0326022854099013 3.8515363821966786 114.5751953125 0.8359375 1.6533951720918196 2234
420 14.4 8.588650173611112 44.30423944647572 343.159912109375 0.8359375 1.6778499021801716 2388
430 21.9 1.4413872984446345 1.2794599860169573 343.159912109375 0.8359375 2.0708811972378554 2532
440 20.8 1.592995276817908 1.091182222766557 343.159912109375 0.8359375 2.0207688148911758 2751
450 20.9 1.296605160361842 0.8795622275062777 343.159912109375 0.807861328125 1.9906988939992394 2959
460 20.2 1.713197613706683 3.2784986502335878 343.159912109375 0.807861328125 1.944907987960661 3168
470 19.1 4.182626135062173 20.43911954104594 343.159912109375 0.807861328125 1.931019116862945 3370
480 3.2 1.5056533813476563 1.6921570535517785 343.159912109375 0.807861328125 2.051787704472058 3561
490 0 0 0 343.159912109375 0.807861328125 2.0469237194066587 3593
500 0 0 0 343.159912109375 0.807861328125 2.0469237194066587 3593
510 0 0 0 343.159912109375 0.807861328125 2.0469237194066587 3593
520 0 0 0 343.159912109375 0.807861328125 2.0469237194066587 3593
530 0 0 0 343.159912109375 0.807861328125 2.0469237194066587 3593
540 0 0 0 343.159912109375 0.807861328125 2.0469237194066587 3593
550 0 0 0 343.159912109375 0.807861328125 2.0469237194066587 3593
560 0 0 0 343.159912109375 0.807861328125 2.0469237194066587 3593
570 0 0 0 343.159912109375 0.807861328125 2.0469237194066587 3593
580 0 0 0 343.159912109375 0.807861328125 2.0469237194066587 3593
590 0 0 0 343.159912109375 0.807861328125 2.0469237194066587 3593
600 0 0 0 343.159912109375 0.807861328125 2.0469237194066587 3593
610 0 0 0 343.159912109375 0.807861328125 2.0469237194066587 3593
620 0 0 0 343.159912109375 0.807861328125 2.0469237194066587 3593
630 0 0 0 343.159912109375 0.807861328125 2.0469237194066587 3593
640 0 0 0 343.159912109375 0.807861328125 2.0469237194066587 3593
650 0 0 0 343.159912109375 0.807861328125 2.0469237194066587 3593
660 0 0 0 343.159912109375 0.807861328125 2.0469237194066587 3593
662 0 0 0 343.159912109375 0.807861328125 2.0469237194066587 3593
