0 0.1 3.287375169049062 0 3.287375169049062 3.287375169049062 0 0
10 0.1 2.75049115913556 0.0 3.287375169049062 2.75049115913556 3.287375169049062 1
20 0.1 1.7769002961500493 0.0 3.287375169049062 1.7769002961500493 3.018933164092311 2
30 0.1 1.7769002961500493 0.0 3.287375169049062 1.7769002961500493 2.604922208111557 3
40 0.1 2.465483234714004 0.0 3.287375169049062 1.7769002961500493 2.3979167301211803 4
50 0.1 3.5398230088495577 0.0 3.5398230088495577 1.7769002961500493 2.411430031039745 5
60 0.1 3.732809430255403 0.0 3.732809430255403 1.7769002961500493 2.599495527341381 6
70 0.1 4.223968565815324 0.0 4.223968565815324 1.7769002961500493 2.7613975134719557 7
80 0.1 5.004906771344456 0.0 5.004906771344456 1.7769002961500493 2.9442188950148767 8
90 0.1 5.408062930186824 0.0 5.408062930186824 1.7769002961500493 3.173184214607052 9
100 0.1 5.143422354104846 0.0 5.408062930186824 1.7769002961500493 3.3966720861650295 10
110 0.1 5.413385826771654 0.0 5.413385826771654 1.7769002961500493 3.5554675650686494 11
120 0.1 5.8128078817733995 0.0 5.8128078817733995 1.7769002961500493 3.710294086877233 12
130 0.1 6.206896551724138 0.0 6.206896551724138 1.7769002961500493 3.8720259172538616 13
140 0.1 7.848837209302325 0.0 7.848837209302325 1.7769002961500493 4.038802391144595 14
150 0.1 7.115009746588694 0.0 7.848837209302325 1.7769002961500493 4.29280471235511 15
160 0.1 5.346534653465347 0.0 7.848837209302325 1.7769002961500493 4.46919252699471 16
170 0.1 6.620553359683795 0.0 7.848837209302325 1.7769002961500493 4.520800887375335 17
180 0.1 6.47693817468106 0.0 7.848837209302325 1.7769002961500493 4.6374538025035825 18
190 0.1 6.581532416502947 0.0 7.848837209302325 1.7769002961500493 4.734268769460293 19
200 0.1 6.869479882237488 0.0 7.848837209302325 1.7769002961500493 4.826631951812425 20
210 0.1 7.429130009775172 0.0 7.848837209302325 1.7769002961500493 4.923910424689809 21
220 0.1 6.620553359683795 0.0 7.848837209302325 1.7769002961500493 5.037784042193689 22
230 0.1 8.10546875 0.0 8.10546875 1.7769002961500493 5.106600099475867 23
240 0.1 8.579881656804734 0.0 8.579881656804734 1.7769002961500493 5.231552959914373 24
250 0.1 10.926829268292684 0.0 10.926829268292684 1.7769002961500493 5.365486107789987 25
260 0.1 12.147716229348884 0.0 12.147716229348884 1.7769002961500493 5.579383921655476 26
270 0.1 11.851126346718903 0.0 12.147716229348884 1.7769002961500493 5.822655488607084 27
280 0.1 14.340712223291627 0.0 14.340712223291627 1.7769002961500493 6.037958019253934 28
290 0.1 14.03678606001936 0.0 14.340712223291627 1.7769002961500493 6.324259888358682 29
300 0.1 14.091350826044705 0.0 14.340712223291627 1.7769002961500493 6.581344094080705 30
310 0.1 15.576923076923077 0.0 15.576923076923077 1.7769002961500493 6.823602375756963 31
320 0.1 17.080152671755723 0.0 17.080152671755723 1.7769002961500493 7.097143647668403 32
330 0.1 16.923076923076923 0.0 17.080152671755723 1.7769002961500493 7.399659072640746 33
340 0.1 18.653846153846153 0.0 18.653846153846153 1.7769002961500493 7.679759597653575 34
350 0.1 19.38872970391595 0.0 19.38872970391595 1.7769002961500493 7.993304927830505 35
360 0.1 19.51923076923077 0.0 19.51923076923077 1.7769002961500493 8.309844504943989 36
370 0.1 21.551724137931032 0.0 21.551724137931032 1.7769002961500493 8.612800890465252 37
380 0.1 23.120837297811608 0.0 23.120837297811608 1.7769002961500493 8.953298870661719 38
390 0.1 24.832214765100673 0.0 24.832214765100673 1.7769002961500493 9.316569086742485 39
400 0.1 24.80916030534351 0.0 24.832214765100673 1.7769002961500493 9.70446022870144 40
410 0.1 26.320845341018252 0.0 26.320845341018252 1.7769002961500493 10.072867547643929 41
420 0.1 27.566539923954377 0.0 27.566539923954377 1.7769002961500493 10.459724161771888 42
430 0.1 28.82968601332065 0.0 28.82968601332065 1.7769002961500493 10.857557086473806 43
440 0.1 31.598864711447494 0.0 31.598864711447494 1.7769002961500493 11.266014562083962 44
450 0.1 32.39700374531835 0.0 32.39700374531835 1.7769002961500493 11.717855676514263 45
460 0.1 31.59392789373814 0.0 32.39700374531835 1.7769002961500493 12.167402373662178 46
470 0.1 30.963972736124635 0.0 32.39700374531835 1.7769002961500493 12.58073270387656 47
480 0.1 29.942965779467677 0.0 32.39700374531835 1.7769002961500493 12.963716871215063 48
490 0.1 24.809885931558938 0.0 32.39700374531835 1.7769002961500493 13.310232155056953 49
500 0.1 21.26436781609195 0.0 32.39700374531835 1.7769002961500493 13.540225230586993 50
510 0.1 18.086124401913874 0.0 32.39700374531835 1.7769002961500493 13.691679006773365 51
520 0.1 14.850530376084862 0.0 32.39700374531835 1.7769002961500493 13.776187572064527 52
530 0.1 11.1328125 0.0 32.39700374531835 1.7769002961500493 13.796458191008307 53
540 0.1 9.882583170254403 0.0 32.39700374531835 1.7769002961500493 13.747131418952598 54
550 0.1 10.850439882697946 0.0 32.39700374531835 1.7769002961500493 13.676866905339905 55
560 0.1 10.311284046692606 0.0 32.39700374531835 1.7769002961500493 13.626394994221299 56
570 0.1 7.03125 0.0 32.39700374531835 1.7769002961500493 13.568235153036584 57
580 0.1 5.669599217986314 0.0 32.39700374531835 1.7769002961500493 13.455528512466987 58
590 0.1 3.648915187376726 0.0 32.39700374531835 1.7769002961500493 13.323563609170703 59
600 0.1 2.8627838104639687 0.0 32.39700374531835 1.7769002961500493 13.162319468807471 60
610 0.1 2.5691699604743086 0.0 32.39700374531835 1.7769002961500493 12.99347462194938 61
620 0.1 2.0710059171597637 0.0 32.39700374531835 1.7769002961500493 12.825340675796555 62
630 0.1 1.582591493570722 0.0 32.39700374531835 1.582591493570722 12.654636949468987 63
640 0.1 1.4807502467917077 0.0 32.39700374531835 1.4807502467917077 12.481636239220576 64
650 0.1 1.4792899408284024 0.0 32.39700374531835 1.4792899408284024 12.312391839337055 65
660 0.1 1.383399209486166 0.0 32.39700374531835 1.383399209486166 12.148253931783893 66
