0 0 0
10 0 0
20 0 0
30 0 0
40 0.1 1
50 0.3 4
60 0.4 8
70 0.4 12
80 0.5 17
90 0.4 21
100 1.1 32
110 1 42
120 1.1 53
130 0.4 57
140 0.8 65
150 0.8 73
160 1 83
170 0.6 89
180 0.6 95
190 0.2 97
200 0.9 106
210 0.6 112
220 1.2 124
230 1.4 138
240 1.8 156
250 1.2 168
260 2 188
270 2.7 215
280 3.1 246
290 3.3 279
300 6.1 340
310 6 400
320 6.3 463
330 5.2 515
340 6.9 584
350 7 654
360 8.8 742
370 10.9 851
380 10.5 956
390 12.8 1084
400 8.9 1173
410 11.1 1284
420 14.2 1426
430 12.6 1552
440 16.1 1713
450 16.7 1880
460 14.5 2025
470 17.7 2202
480 18.3 2385
490 17 2555
500 17.1 2726
510 14.6 2872
520 13 3002
530 10.5 3107
540 9 3197
550 12 3317
560 9.4 3411
570 6.7 3478
580 4.6 3524
590 2.7 3551
600 1.1 3562
610 1.6 3578
620 0.8 3586
630 0.4 3590
640 0.1 3591
650 0.1 3592
660 0.1 3593
662 0 3593
