0 0.1 3158.50390625 0 3158.50390625 3158.50390625 0 0
10 0.1 3158.609375 0.0 3158.609375 3158.50390625 3158.50390625 1
20 0.1 3156.9296875 0.0 3158.609375 3156.9296875 3158.556640625 2
30 0.1 3156.21484375 0.0 3158.609375 3156.21484375 3158.0143229166665 3
40 0.1 3153.69140625 0.0 3158.609375 3153.69140625 3157.564453125 4
50 0.1 3151.6640625 0.0 3158.609375 3151.6640625 3156.78984375 5
60 0.1 3148.78125 0.0 3158.609375 3148.78125 3155.935546875 6
70 0.1 3146.98828125 0.0 3158.609375 3146.98828125 3154.913504464286 7
80 0.1 3145.91796875 0.0 3158.609375 3145.91796875 3153.9228515625 8
90 0.1 3141.421875 0.0 3158.609375 3141.421875 3153.0334201388887 9
100 0.1 3139.0234375 0.0 3158.609375 3139.0234375 3151.872265625 10
110 0.1 3137.7578125 0.0 3158.609375 3137.7578125 3150.704190340909 11
120 0.1 3136.82421875 0.0 3158.609375 3136.82421875 3149.6253255208335 12
130 0.1 3135.0546875 0.0 3158.609375 3135.0546875 3148.640625 13
140 0.1 3133.54296875 0.0 3158.609375 3133.54296875 3147.6702008928573 14
150 0.1 3133.6484375 0.0 3158.609375 3133.54296875 3146.7283854166667 15
160 0.1 3128.7734375 0.0 3158.609375 3128.7734375 3145.910888671875 16
170 0.1 3126.703125 0.0 3158.609375 3126.703125 3144.9028033088234 17
180 0.1 3122.1484375 0.0 3158.609375 3122.1484375 3143.8917100694443 18
190 0.1 3117.7421875 0.0 3158.609375 3117.7421875 3142.7473273026317 19
200 0.1 3113.79296875 0.0 3158.609375 3113.79296875 3141.4970703125 20
210 0.1 3109.59765625 0.0 3158.609375 3109.59765625 3140.1778273809523 21
220 0.1 3103.34765625 0.0 3158.609375 3103.34765625 3138.7878196022725 22
230 0.1 3098.8359375 0.0 3158.609375 3098.8359375 3137.2469429347825 23
240 0.1 3095.0234375 0.0 3158.609375 3095.0234375 3135.646484375 24
250 0.1 3092.03125 0.0 3158.609375 3092.03125 3134.0215625 25
260 0.1 3087.83203125 0.0 3158.609375 3087.83203125 3132.406550480769 26
270 0.1 3084.84375 0.0 3158.609375 3084.84375 3130.7556423611113 27
280 0.1 3081.4296875 0.0 3158.609375 3081.4296875 3129.1159319196427 28
290 0.1 3079.80078125 0.0 3158.609375 3079.80078125 3127.471578663793 29
300 0.1 3078.95703125 0.0 3158.609375 3078.95703125 3125.8825520833334 30
310 0.1 3078.2734375 0.0 3158.609375 3078.2734375 3124.3688256048385 31
320 0.1 3077.4453125 0.0 3158.609375 3077.4453125 3122.9283447265625 32
330 0.1 3077.15234375 0.0 3158.609375 3077.15234375 3121.5500710227275 33
340 0.1 3073.44921875 0.0 3158.609375 3073.44921875 3120.244255514706 34
350 0.1 3072.375 0.0 3158.609375 3072.375 3118.907254464286 35
360 0.1 3071.01953125 0.0 3158.609375 3071.01953125 3117.614691840278 36
370 0.1 3070.26171875 0.0 3158.609375 3070.26171875 3116.355363175676 37
380 0.1 3067.18359375 0.0 3158.609375 3067.18359375 3115.1423725328946 38
390 0.1 3062.7734375 0.0 3158.609375 3062.7734375 3113.91266025641 39
400 0.1 3058.22265625 0.0 3158.609375 3058.22265625 3112.6341796875 40
410 0.1 3054.4453125 0.0 3158.609375 3054.4453125 3111.307069359756 41
420 0.1 3053.80859375 0.0 3158.609375 3053.80859375 3109.9532180059523 42
430 0.1 3051.859375 0.0 3158.609375 3051.859375 3108.6475290697676 43
440 0.1 3042.2265625 0.0 3158.609375 3042.2265625 3107.3568892045455 44
450 0.1 3040.7265625 0.0 3158.609375 3040.7265625 3105.909548611111 45
460 0.1 3039.3984375 0.0 3158.609375 3039.3984375 3104.492527173913 46
470 0.1 3038.9375 0.0 3158.609375 3038.9375 3103.1075465425533 47
480 0.1 3038.69921875 0.0 3158.609375 3038.69921875 3101.7706705729165 48
490 0.1 3039.00390625 0.0 3158.609375 3038.69921875 3100.4834980867345 49
500 0.1 3038.13671875 0.0 3158.609375 3038.13671875 3099.25390625 50
510 0.1 3038.51953125 0.0 3158.609375 3038.13671875 3098.0555300245096 51
520 0.1 3039.890625 0.0 3158.609375 3038.13671875 3096.910606971154 52
530 0.1 3038.61328125 0.0 3158.609375 3038.13671875 3095.834758254717 53
540 0.1 3039.92578125 0.0 3158.609375 3038.13671875 3094.7751012731483 54
550 0.1 3038.140625 0.0 3158.609375 3038.13671875 3093.777840909091 55
560 0.1 3038.71484375 0.0 3158.609375 3038.13671875 3092.7843191964284 56
570 0.1 3038.94140625 0.0 3158.609375 3038.13671875 3091.8357319078946 57
580 0.1 3055.38671875 0.0 3158.609375 3038.13671875 3090.923760775862 58
590 0.1 3059.12109375 0.0 3158.609375 3038.13671875 3090.321438029661 59
600 0.1 3060.7734375 0.0 3158.609375 3038.13671875 3089.8014322916665 60
610 0.1 3060.0078125 0.0 3158.609375 3038.13671875 3089.32556352459 61
620 0.1 3070.296875 0.0 3158.609375 3038.13671875 3088.8526965725805 62
630 0.1 3073.75390625 0.0 3158.609375 3038.13671875 3088.558159722222 63
640 0.1 3079.44140625 0.0 3158.609375 3038.13671875 3088.3268432617188 64
650 0.1 3079.53515625 0.0 3158.609375 3038.13671875 3088.1901442307694 65
660 0.1 3083.9375 0.0 3158.609375 3038.13671875 3088.0590080492425 66
