0 0.1 0.0 0 0.0 0.0 0 0
10 0.1 0.0 0.0 0.0 0.0 0.0 1
20 0.1 0.0 0.0 0.0 0.0 0.0 2
30 0.1 0.0 0.0 0.0 0.0 0.0 3
40 0.1 0.0 0.0 0.0 0.0 0.0 4
50 0.1 0.0 0.0 0.0 0.0 0.0 5
60 0.1 0.0 0.0 0.0 0.0 0.0 6
70 0.1 0.0 0.0 0.0 0.0 0.0 7
80 0.1 0.0 0.0 0.0 0.0 0.0 8
90 0.1 0.0 0.0 0.0 0.0 0.0 9
100 0.1 0.0 0.0 0.0 0.0 0.0 10
110 0.1 0.0 0.0 0.0 0.0 0.0 11
120 0.1 0.0 0.0 0.0 0.0 0.0 12
130 0.1 0.0 0.0 0.0 0.0 0.0 13
140 0.1 0.0 0.0 0.0 0.0 0.0 14
150 0.1 0.0 0.0 0.0 0.0 0.0 15
160 0.1 0.0 0.0 0.0 0.0 0.0 16
170 0.1 0.0 0.0 0.0 0.0 0.0 17
180 0.1 0.0 0.0 0.0 0.0 0.0 18
190 0.1 0.0 0.0 0.0 0.0 0.0 19
200 0.1 0.078125 0.0 0.078125 0.0 0.0 20
210 0.1 0.05859375 0.0 0.078125 0.0 0.003720238095238095 21
220 0.1 0.05078125 0.0 0.078125 0.0 0.006214488636363636 22
230 0.1 0.12109375 0.0 0.12109375 0.0 0.008152173913043478 23
240 0.1 0.1015625 0.0 0.12109375 0.0 0.012858072916666666 24
250 0.1 0.08984375 0.0 0.12109375 0.0 0.01640625 25
260 0.1 0.0703125 0.0 0.12109375 0.0 0.019230769230769232 26
270 0.1 0.140625 0.0 0.140625 0.0 0.021122685185185185 27
280 0.1 0.19140625 0.0 0.19140625 0.0 0.025390625 28
290 0.1 0.16015625 0.0 0.19140625 0.0 0.03111530172413793 29
300 0.1 0.140625 0.0 0.19140625 0.0 0.035416666666666666 30
310 0.1 0.19140625 0.0 0.19140625 0.0 0.03881048387096774 31
320 0.1 0.23828125 0.0 0.23828125 0.0 0.0435791015625 32
330 0.1 0.19921875 0.0 0.23828125 0.0 0.049479166666666664 33
340 0.1 0.171875 0.0 0.23828125 0.0 0.05388327205882353 34
350 0.1 0.1484375 0.0 0.23828125 0.0 0.057254464285714284 35
360 0.1 0.12109375 0.0 0.23828125 0.0 0.05978732638888889 36
370 0.1 0.109375 0.0 0.23828125 0.0 0.06144425675675676 37
380 0.1 0.08984375 0.0 0.23828125 0.0 0.06270559210526316 38
390 0.1 0.078125 0.0 0.23828125 0.0 0.0634014423076923 39
400 0.1 0.05859375 0.0 0.23828125 0.0 0.06376953125 40
410 0.1 0.12890625 0.0 0.23828125 0.0 0.06364329268292683 41
420 0.1 0.109375 0.0 0.23828125 0.0 0.06519717261904762 42
430 0.1 0.171875 0.0 0.23828125 0.0 0.06622456395348837 43
440 0.1 0.140625 0.0 0.23828125 0.0 0.06862571022727272 44
450 0.1 0.12109375 0.0 0.23828125 0.0 0.07022569444444443 45
460 0.1 0.1796875 0.0 0.23828125 0.0 0.07133152173913042 46
470 0.1 0.23046875 0.0 0.23828125 0.0 0.07363696808510636 47
480 0.1 0.19921875 0.0 0.23828125 0.0 0.07690429687499999 48
490 0.1 0.25 0.0 0.25 0.0 0.07940051020408162 49
500 0.1 0.2109375 0.0 0.25 0.0 0.0828125 50
510 0.1 0.25 0.0 0.25 0.0 0.08532475490196079 51
520 0.1 0.2109375 0.0 0.25 0.0 0.08849158653846154 52
530 0.1 0.1796875 0.0 0.25 0.0 0.09080188679245282 53
540 0.1 0.1484375 0.0 0.25 0.0 0.09244791666666667 54
550 0.1 0.12890625 0.0 0.25 0.0 0.09346590909090909 55
560 0.1 0.26953125 0.0 0.26953125 0.0 0.09409877232142858 56
570 0.1 0.23046875 0.0 0.26953125 0.0 0.0971765350877193 57
580 0.1 0.19140625 0.0 0.26953125 0.0 0.09947467672413793 58
590 0.1 0.16015625 0.0 0.26953125 0.0 0.10103283898305085 59
600 0.1 0.2109375 0.0 0.26953125 0.0 0.10201822916666667 60
610 0.1 0.171875 0.0 0.26953125 0.0 0.10380379098360656 61
620 0.1 0.1484375 0.0 0.26953125 0.0 0.10490171370967742 62
630 0.1 0.12890625 0.0 0.26953125 0.0 0.10559275793650794 63
640 0.1 0.109375 0.0 0.26953125 0.0 0.10595703125 64
650 0.1 0.08984375 0.0 0.26953125 0.0 0.10600961538461538 65
660 0.1 0.078125 0.0 0.26953125 0.0 0.10576467803030302 66
