30 0.3 3
40 0.8 11
50 0.9 20
60 0.6 26
70 0.6 32
80 1 42
90 1.7 59
100 0.7 66
110 1.4 80
120 1.2 92
130 0.4 96
140 0.8 104
150 0.7 111
160 1.3 124
170 0.9 133
180 1 143
190 0.8 151
200 1.8 169
210 1.3 182
220 0.8 190
230 1.6 206
240 1.9 225
250 3.8 263
260 4.9 312
270 4.7 359
280 6.3 422
290 6 482
300 7.5 557
310 7.6 633
320 8.3 716
330 8 796
340 9 886
350 12 1006
360 12.1 1127
370 15 1277
380 15.4 1431
390 17.7 1608
400 16.2 1770
410 21 1980
420 21.9 2199
430 22.5 2424
440 24.9 2673
450 25.3 2926
460 25.7 3183
470 26.3 3446
480 29.6 3742
490 26 4002
500 23.4 4236
510 17 4406
520 14.9 4555
530 10.1 4656
540 8.6 4742
550 10.9 4851
560 8.6 4937
570 6 4997
580 3.4 5031
590 2.9 5060
600 0.8 5068
610 0.7 5075
620 0.1 5076
630 0.1 5077
640 0.1 5078
650 0 5078
660 0.1 5079
662 0 5079
