0 2.9 257.6221629175647 434.2505348405786 1598.18896484375 7.7021484375 0 0
10 8.1 193.07159348476088 312.5986229036346 1606.817138671875 5.571044921875 257.6221629175647 29
20 8.5 132.20106272977947 226.93305944382396 1606.817138671875 5.571044921875 210.0894708806819 110
30 12.8 238.7699851989746 363.1663125179858 2247.758056640625 5.571044921875 176.1381134815706 195
40 18.3 494.94825286031397 757.5487490350783 4600.5458984375 0.800048828125 200.95817410023224 323
50 21 277.29819452194926 545.5562388017983 6700.781982421875 0.653076171875 307.2826492249258 506
60 27.5 166.13916015624994 248.1639309282335 6700.781982421875 0.653076171875 298.4883259181869 716
70 31.1 230.35223447548228 279.3235649660097 6700.781982421875 0.653076171875 261.7617662970641 991
80 37.5 269.3529433593751 381.1788578971214 6700.781982421875 0.653076171875 254.25918227516553 1302
90 40 364.74539123535146 404.70666218039213 6700.781982421875 0.653076171875 257.63435246394226 1677
100 38.8 485.1617897269652 483.5906669606133 6700.781982421875 0.653076171875 278.2623811151525 2077
110 44.3 506.90570881242945 898.789549932122 16473.799072265625 0.653076171875 310.8291034443141 2465
120 49.9 397.1491586689 812.9429275288218 16473.799072265625 0.653076171875 340.6990952524555 2908
130 46.2 416.4637287354569 421.23964471633013 16473.799072265625 0.60400390625 348.96695015260394 3407
140 46.3 611.3256820118453 458.9253185281898 16473.799072265625 0.60400390625 357.0267877605848 3869
150 41.5 1170.921524967055 1026.0068755495101 17460.879150390625 0.60400390625 384.20600937608197 4332
160 46.9 1285.6707412296782 790.203018887587 17460.879150390625 0.60400390625 452.9835402314124 4747
170 41.5 1811.7894678322666 759.1389535744592 17460.879150390625 0.60400390625 527.8551463027673 5216
180 39.2 2377.2138983278855 863.5785141376313 17460.879150390625 0.60400390625 622.4800341441351 5631
190 43.5 2919.1115627244963 1030.9130431490996 17460.879150390625 0.60400390625 736.6848614328666 6023
200 41.5 3549.5164233104283 1173.9112623899282 17460.879150390625 0.60400390625 883.6894472275179 6458
210 46.9 3859.4567225604696 2870.263281884766 17460.879150390625 0.60400390625 1044.655283845357 6873
220 48.9 3870.015547114646 3237.5786859767177 20266.73291015625 0.60400390625 1224.4621314015255 7342
230 65.4 3049.39799961475 3341.9932724550877 20266.73291015625 0.60400390625 1389.6614188850801 7831
240 76.5 2786.574736391954 3314.0188039779982 20266.73291015625 0.60400390625 1517.5892590497476 8485
250 104.6 1929.097691960818 3157.7128829649528 20266.73291015625 0.60400390625 1622.5377877164274 9250
260 117.2 1905.250605560407 3212.9710037663804 22090.328125 0.60400390625 1653.6820825726466 10296
270 127.3 1763.1663757947515 2992.8614414784374 22090.328125 0.5380859375 1679.391736299683 11468
280 140.2 1468.5753097207673 2691.9252871787003 22090.328125 0.5380859375 1687.761967527783 12741
290 132 1636.0683858235689 2767.1622891347915 22090.328125 0.5380859375 1666.033925793679 14143
300 149.5 1382.472818085023 2546.535691056938 22090.328125 0.5380859375 1663.4759155265542 15463
310 154.4 1368.701627741205 2525.329294023694 22090.328125 0.5380859375 1638.702968794918 16958
320 162 1261.6250625422 2609.5956932812596 22090.328125 0.5380859375 1616.171238679961 18502
330 176.2 1256.7257502682478 2635.1947417793626 22090.328125 0.5380859375 1587.627117551685 20122
340 189.6 1095.0693938822685 2479.2569193884615 22090.328125 0.5380859375 1560.984446689255 21884
350 194.6 1134.4353579357467 2534.0714432559603 22090.328125 0.5380859375 1523.8366359187737 23780
360 196.7 1046.1385976522781 2498.796105913691 22090.328125 0.5380859375 1494.3810312015626 25726
370 219.3 948.7432894169658 2497.5609445563678 25115.594970703125 0.5380859375 1462.5429180758108 27693
380 235.1 887.6258321134961 2260.965652311608 25115.594970703125 0.5380859375 1424.840897542824 29886
390 249.1 863.7040669652944 2273.3802971753184 25115.594970703125 0.5380859375 1385.6625428936832 32237
400 269.5 784.730295088561 2312.02484617728 25115.594970703125 0.5380859375 1348.2230541947192 34728
410 283 788.9267012201876 2361.316650293305 25115.594970703125 0.5380859375 1307.6433843181435 37423
420 286.6 638.1233537118911 2100.3739839031455 25115.594970703125 0.5380859375 1271.1748425158626 40253
430 310.2 781.5779211559586 2697.080103735195 26379.197021484375 0.5380859375 1229.0976708070525 43119
440 333.6 671.1979779945581 2086.811509950341 26379.197021484375 0.5380859375 1199.0635680525104 46221
450 327 619.559850887566 2021.701548947449 26379.197021484375 0.5380859375 1163.529544434589 49557
460 357.9 584.1301635844522 1980.4221542050195 26379.197021484375 0.5380859375 1129.8577308184692 52827
470 363.5 642.9225832428871 2117.498119406189 26379.197021484375 0.5380859375 1095.2309364503074 56406
480 309.4 555.8601242292283 2077.443201340175 26379.197021484375 0.5380859375 1067.8473008694714 60041
490 265.9 910.3116504200069 2932.0371444906386 26379.197021484375 0.5380859375 1042.7568070938332 63135
500 217.6 1085.3902038125436 2696.6010301267484 26379.197021484375 0.5380859375 1037.4041659472896 65794
510 151.1 1388.7440165349947 2280.8583874701426 26379.197021484375 0.5380859375 1038.9403969079308 67970
520 118.7 2028.851134071256 2217.6685268977253 26379.197021484375 0.5380859375 1046.5475595747964 69481
530 85.1 2353.1392095007714 1440.1894052875189 26379.197021484375 0.5380859375 1063.0471682085104 70668
540 76.5 2299.071057368258 856.1908651767577 26379.197021484375 0.5380859375 1078.397890773699 71519
550 86 1009.2899093273077 878.2575545248392 26379.197021484375 0.5380859375 1091.3165860927852 72284
560 64.5 72.11354280220455 212.04445078010338 26379.197021484375 0.5380859375 1090.3521468767415 73144
570 47.9 42.2857163972795 115.72999235682987 26379.197021484375 0.5380859375 1081.451580401683 73789
580 37 64.46254882812497 157.8727251588871 26379.197021484375 0.5380859375 1074.7493607531385 74268
590 21 45.11937430245534 122.5840000796595 26379.197021484375 0.5380859375 1069.7411059712279 74638
600 18.9 68.59021964905753 158.1782437083696 26379.197021484375 0.5380859375 1066.8663389280143 74848
610 10.7 57.91735725759347 142.47812531763847 26379.197021484375 0.5380859375 1064.35192355235 75037
620 5.6 75.89683314732143 173.21020631850146 26379.197021484375 0.5380859375 1062.9188284470383 75144
630 2.8 71.61171177455358 168.09426452996536 26379.197021484375 0.5380859375 1062.1838120675598 75200
640 0.8 109.53314208984375 187.09574154111766 26379.197021484375 0.5380859375 1061.8151193094352 75228
650 0.9 136.01394314236111 225.21701753364542 26379.197021484375 0.5380859375 1061.713861190745 75236
660 0.1 22.879150390625 0.0 26379.197021484375 0.5380859375 1061.6031388934173 75245
662 0 0 0 26379.197021484375 0.5380859375 1061.5893345185866 75246
