10 0.1 214 0 214 214 0 0
20 0.1 440.0 0.0 440 214 214.0 1
30 0.1 459.0 0.0 459 214 327.0 2
40 0.1 836.0 0.0 836 214 371.0 3
50 0.1 1343.0 0.0 1343 214 487.25 4
60 0.1 1459.0 0.0 1459 214 658.4 5
70 0.1 1.6e3 0.0 1600 214 791.8333333333334 6
80 0.1 2053.0 0.0 2053 214 907.2857142857143 7
90 0.1 2189.0 0.0 2189 214 1050.5 8
100 0.1 2551.0 0.0 2551 214 1177.0 9
110 0.1 2.5e3 0.0 2551 214 1314.4 10
120 0.1 2620.0 0.0 2620 214 1422.1818181818182 11
130 0.1 2784.0 0.0 2784 214 1522.0 12
140 0.1 2801.0 0.0 2801 214 1619.076923076923 13
150 0.1 2854.0 0.0 2854 214 1703.5 14
160 0.1 2542.0 0.0 2854 214 1780.2 15
170 0.1 2943.0 0.0 2943 214 1827.8125 16
180 0.1 2645.0 0.0 2943 214 1893.4117647058824 17
190 0.1 2766.0 0.0 2943 214 1935.1666666666667 18
200 0.1 2881.0 0.0 2943 214 1978.8947368421052 19
210 0.1 2646.0 0.0 2943 214 2024.0 20
220 0.1 2645.0 0.0 2943 214 2053.6190476190477 21
230 0.1 2585.0 0.0 2943 214 2080.5 22
240 0.1 3118.0 0.0 3118 214 2102.4347826086955 23
250 0.1 3328.0 0.0 3328 214 2144.75 24
260 0.1 3534.0 0.0 3534 214 2192.08 25
270 0.1 3517.0 0.0 3534 214 2243.6923076923076 26
280 0.1 3968.0 0.0 3968 214 2290.8518518518517 27
290 0.1 3978.0 0.0 3978 214 2350.75 28
300 0.1 4201.0 0.0 4201 214 2406.862068965517 29
310 0.1 4396.0 0.0 4396 214 2466.6666666666665 30
320 0.1 4392.0 0.0 4396 214 2528.9032258064517 31
330 0.1 4371.0 0.0 4396 214 2587.125 32
340 0.1 4657.0 0.0 4657 214 2641.181818181818 33
350 0.1 4783.0 0.0 4783 214 2700.470588235294 34
360 0.1 4688.0 0.0 4783 214 2759.9714285714285 35
370 0.1 5090.0 0.0 5090 214 2813.527777777778 36
380 0.1 5664.0 0.0 5664 214 2875.054054054054 37
390 0.1 5820.0 0.0 5820 214 2948.4473684210525 38
400 0.1 5703.0 0.0 5820 214 3022.076923076923 39
410 0.1 5985.0 0.0 5985 214 3089.0999999999995 40
420 0.1 6172.0 0.0 6172 214 3159.7317073170725 41
430 0.1 6201.0 0.0 6201 214 3231.4523809523803 42
440 0.1 7636.0 0.0 7636 214 3300.511627906976 43
450 0.1 7175.0 0.0 7636 214 3399.045454545454 44
460 0.1 7287.0 0.0 7636 214 3482.955555555555 45
470 0.1 7390.0 0.0 7636 214 3565.652173913043 46
480 0.1 6164.0 0.0 7636 214 3647.021276595744 47
490 0.1 5201.0 0.0 7636 214 3699.4583333333326 48
500 0.1 4809.0 0.0 7636 214 3730.102040816326 49
510 0.1 4488.0 0.0 7636 214 3751.6799999999994 50
520 0.1 4490.0 0.0 7636 214 3766.117647058823 51
530 0.1 4308.0 0.0 7636 214 3780.038461538461 52
540 0.1 4085.0 0.0 7636 214 3789.9999999999995 53
550 0.1 4374.0 0.0 7636 214 3795.4629629629626 54
560 0.1 3581.0 0.0 7636 214 3805.9818181818177 55
570 0.1 1877.0 0.0 7636 214 3801.9642857142853 56
580 0.1 1756.0 0.0 7636 214 3768.19298245614 57
590 0.1 909.0 0.0 7636 214 3733.4999999999995 58
600 0.1 776.0 0.0 7636 214 3685.627118644067 59
610 0.1 549.0 0.0 7636 214 3637.1333333333328 60
620 0.1 300.0 0.0 7636 214 3586.508196721311 61
630 0.1 148.0 0.0 7636 148 3533.4999999999995 62
640 0.1 108.0 0.0 7636 108 3479.761904761904 63
650 0.1 91.0 0.0 7636 91 3427.0781249999995 64
660 0.1 57.0 0.0 7636 57 3375.7538461538456 65
