0 2.9 257.6221629175647 434.2505348405786 1598.18896484375 7.7021484375 0 0
10 9 173.75658637152765 292.6476014191759 1606.817138671875 5.571044921875 257.6221629175647 29
20 9.8 114.6541748046875 212.82006177193213 1606.817138671875 5.571044921875 194.1944159499737 119
30 15.4 202.9443977653206 316.624492090654 2130.636962890625 5.571044921875 158.27301672307024 217
40 21.9 410.4136923872716 685.0954377524171 4540.19189453125 0.800048828125 176.81585413683453 371
50 24.1 241.621349033973 507.1502110331236 6700.781982421875 0.653076171875 263.52420426708153 590
60 30.9 150.38731685502637 235.5660023765095 6700.781982421875 0.653076171875 257.1721126772149 831
70 35.2 201.28799993341624 248.05963158102972 6700.781982421875 0.653076171875 228.22781275699012 1140
80 41.8 241.63801187761655 343.68846791503285 6700.781982421875 0.653076171875 221.87203922220593 1492
90 44.1 333.59268264597506 364.89626655216415 6700.781982421875 0.653076171875 226.1977861174738 1910
100 42.7 440.4248835900906 412.49807682331385 6700.781982421875 0.653076171875 246.34289431358997 2351
110 46 489.47078698199726 866.9857451736345 16473.799072265625 0.653076171875 276.1747911534265 2778
120 52.9 371.5267774729738 773.3649794854654 16473.799072265625 0.653076171875 306.4762606040573 3238
130 50.2 383.27377307177545 379.71149365032494 16473.799072265625 0.60400390625 315.6113079689781 3767
140 49.7 575.8211264658265 402.39751249994106 16473.799072265625 0.60400390625 323.5678686346151 4269
150 44.8 1086.7441602434444 921.8996271008017 17460.879150390625 0.60400390625 349.8729188113067 4766
160 51.4 1185.5550052627989 592.1428321562997 17460.879150390625 0.60400390625 413.18675006592844 5214
170 46.9 1624.88877963003 452.80352239159396 17460.879150390625 0.60400390625 482.4949349771001 5728
180 43.8 2131.960928024223 432.51187327756446 17460.879150390625 0.60400390625 568.9533363232715 6197
190 48.7 2628.5337199812298 479.6401917012316 17460.879150390625 0.60400390625 672.1330386842385 6635
200 46.6 3199.9998454474585 492.30871225711974 17460.879150390625 0.60400390625 805.9110689835413 7122
210 52.6 3566.3676159064585 2444.758948134356 17460.879150390625 0.60400390625 952.938661212348 7588
220 56.1 3449.381844641265 2544.541572489817 20266.73291015625 0.60400390625 1122.3573979844828 8114
230 76.3 2575.3948073880865 2646.228744018141 20266.73291015625 0.60400390625 1272.8427829498378 8675
240 91.6 2356.397902309631 2708.9882320701263 20266.73291015625 0.60400390625 1378.1455160126034 9438
250 122.5 1660.4538797433024 2647.205521303856 20266.73291015625 0.60400390625 1464.6897680744228 10354
260 135.4 1607.3513553230582 2589.9805880295467 22090.328125 0.60400390625 1485.4006271118506 11579
270 146.9 1515.833123151912 2428.6461474911484 22090.328125 0.5380859375 1498.1680659116632 12933
280 160.6 1275.1862916103184 2259.643921874777 22090.328125 0.5380859375 1499.9698968438897 14402
290 148.9 1460.5794422772224 2341.680313650722 22090.328125 0.5380859375 1477.418518157913 16008
300 167.6 1267.23577735191 2240.381485265225 22090.328125 0.5380859375 1475.9855076997574 17497
310 173.8 1176.2829797742554 2094.257734770882 22090.328125 0.5380859375 1457.7377348909642 19173
320 185.8 1138.6527347954782 2280.0898809116134 22090.328125 0.5380859375 1434.344862030133 20911
330 203.7 1057.8089639760128 2145.1881508803076 22090.328125 0.5380859375 1410.2157403119204 22769
340 221.5 955.315673277017 2131.6361097115864 22090.328125 0.5380859375 1381.2770721108304 24806
350 228.3 953.5074154373024 2075.1329858416198 22090.328125 0.5380859375 1346.3596190773787 27021
360 225.7 904.0849761895282 2111.707223166393 22090.328125 0.5380859375 1315.7535045227003 29304
370 254.6 835.1612354167693 2142.0410989145917 25115.594970703125 0.5380859375 1286.3141373148183 31561
380 274.7 767.9378275057171 1918.3025461640982 25115.594970703125 0.5380859375 1252.6367312623236 34107
390 295.1 710.7752882861464 1874.9189599168465 25115.594970703125 0.5380859375 1216.5085528116967 36854
400 322.6 671.3572438778697 1982.7054566728195 25115.594970703125 0.5380859375 1179.0153016217732 39805
410 333.8 661.5344350916534 1951.2271380545794 25115.594970703125 0.5380859375 1140.9565789734072 43031
420 342 543.6717780576107 1790.4240481452978 25115.594970703125 0.5380859375 1106.444057325813 46369
430 362.6 667.6904358819121 2306.007592671432 26379.197021484375 0.5380859375 1067.7873019160388 49789
440 392.6 544.2068966181984 1675.286579259871 26379.197021484375 0.5380859375 1040.6273049818492 53415
450 387.1 539.3749397689744 1779.1739776920833 26379.197021484375 0.5380859375 1006.6385966712915 57341
460 426.6 485.19585761004623 1679.4179909228612 26379.197021484375 0.5380859375 977.0892008686895 61212
470 426.9 548.5653982906402 1851.354266570506 26379.197021484375 0.5380859375 945.0415359683968 65478
480 367.6 491.04473923443476 1824.5694391199395 26379.197021484375 0.5380859375 920.7744473230595 69747
490 302.4 784.6520110438123 2486.8490833928818 26379.197021484375 0.5380859375 899.2595758667885 73423
500 234.2 962.5388427525882 2295.408590070063 26379.197021484375 0.5380859375 894.7260653820778 76447
510 157.1 1352.3064123356446 2148.068137184732 26379.197021484375 0.5380859375 896.7417975858339 78789
520 120.3 1954.9100675638363 2050.536694173601 26379.197021484375 0.5380859375 905.6478703804077 80360
530 85.8 2325.5229594624097 1402.820909088337 26379.197021484375 0.5380859375 921.1237898930748 81563
540 76.5 2299.071057368258 856.1908651767577 26379.197021484375 0.5380859375 935.7435407756228 82421
550 86 1009.2899093273077 878.2575545248392 26379.197021484375 0.5380859375 948.2810537007949 83186
560 64.5 72.11354280220455 212.04445078010338 26379.197021484375 0.5380859375 948.9053263114938 84046
570 47.9 42.2857163972795 115.72999235682987 26379.197021484375 0.5380859375 942.2277489967438 84691
580 37 64.46254882812497 157.8727251588871 26379.197021484375 0.5380859375 937.1664335850362 85170
590 21 45.11937430245534 122.5840000796595 26379.197021484375 0.5380859375 933.3915862930083 85540
600 18.9 68.59021964905753 158.1782437083696 26379.197021484375 0.5380859375 931.2162257738478 85750
610 10.7 57.91735725759347 142.47812531763847 26379.197021484375 0.5380859375 929.3191090380517 85939
620 5.6 75.89683314732143 173.21020631850146 26379.197021484375 0.5380859375 928.2355027409488 86046
630 2.8 71.61171177455358 168.09426452996536 26379.197021484375 0.5380859375 927.6811490035532 86102
640 0.8 109.53314208984375 187.09574154111766 26379.197021484375 0.5380859375 927.4028494071011 86130
650 0.9 136.01394314236111 225.21701753364542 26379.197021484375 0.5380859375 927.3268903918171 86138
660 0.1 22.879150390625 0.0 26379.197021484375 0.5380859375 927.2442198806531 86147
662 0 0 0 26379.197021484375 0.5380859375 927.2337220737453 86148
