10 0.1 161 0 161 161 0 0
20 0.1 359.0 0.0 359 161 161.0 1
30 0.1 359.0 0.0 359 161 260.0 2
40 0.1 602.0 0.0 602 161 293.0 3
50 0.1 929.0 0.0 929 161 370.25 4
60 0.1 1070.0 0.0 1070 161 482.0 5
70 0.1 1204.0 0.0 1204 161 580.0 6
80 0.1 1503.0 0.0 1503 161 669.1428571428571 7
90 0.1 1629.0 0.0 1629 161 773.375 8
100 0.1 1866.0 0.0 1866 161 868.4444444444445 9
110 0.1 1747.0 0.0 1866 161 968.2 10
120 0.1 1920.0 0.0 1920 161 1039.0 11
130 0.1 2086.0 0.0 2086 161 1112.4166666666667 12
140 0.1 2017.0 0.0 2086 161 1187.3076923076924 13
150 0.1 2025.0 0.0 2086 161 1246.5714285714287 14
160 0.1 1850.0 0.0 2086 161 1298.4666666666667 15
170 0.1 2154.0 0.0 2154 161 1332.9375 16
180 0.1 1818.0 0.0 2154 161 1381.235294117647 17
190 0.1 2004.0 0.0 2154 161 1405.5 18
200 0.1 2109.0 0.0 2154 161 1437.0 19
210 0.1 2050.0 0.0 2154 161 1470.6 20
220 0.1 2105.0 0.0 2154 161 1498.1904761904761 21
230 0.1 2137.0 0.0 2154 161 1525.7727272727273 22
240 0.1 2609.0 0.0 2609 161 1552.3478260869565 23
250 0.1 3168.0 0.0 3168 161 1596.375 24
260 0.1 3410.0 0.0 3410 161 1659.24 25
270 0.1 3501.0 0.0 3501 161 1726.576923076923 26
280 0.1 4027.0 0.0 4027 161 1792.2962962962963 27
290 0.1 4002.0 0.0 4027 161 1872.107142857143 28
300 0.1 4141.0 0.0 4141 161 1945.551724137931 29
310 0.1 4580.0 0.0 4580 161 2018.7333333333333 30
320 0.1 4803.0 0.0 4803 161 2101.3548387096776 31
330 0.1 4876.0 0.0 4876 161 2185.78125 32
340 0.1 5366.0 0.0 5366 161 2267.3030303030305 33
350 0.1 5594.0 0.0 5594 161 2358.4411764705883 34
360 0.1 5550.0 0.0 5594 161 2450.885714285714 35
370 0.1 6087.0 0.0 6087 161 2536.972222222222 36
380 0.1 6721.0 0.0 6721 161 2632.9189189189187 37
390 0.1 7161.0 0.0 7161 161 2740.5 38
400 0.1 7281.0 0.0 7281 161 2853.846153846154 39
410 0.1 7677.0 0.0 7677 161 2964.525 40
420 0.1 7820.0 0.0 7820 161 3079.4634146341464 41
430 0.1 8180.0 0.0 8180 161 3192.3333333333335 42
440 0.1 9455.0 0.0 9455 161 3308.3255813953488 43
450 0.1 9554.0 0.0 9554 161 3448.0227272727275 44
460 0.1 9622.0 0.0 9622 161 3583.711111111111 45
470 0.1 9902.0 0.0 9902 161 3714.978260869565 46
480 0.1 8650.0 0.0 9902 161 3846.6170212765956 47
490 0.1 6870.0 0.0 9902 161 3946.6875 48
500 0.1 5731.0 0.0 9902 161 4006.3469387755104 49
510 0.1 4713.0 0.0 9902 161 4040.84 50
520 0.1 4097.0 0.0 9902 161 4054.0196078431372 51
530 0.1 3628.0 0.0 9902 161 4054.846153846154 52
540 0.1 3318.0 0.0 9902 161 4046.7924528301887 53
550 0.1 3586.0 0.0 9902 161 4033.296296296296 54
560 0.1 3062.0 0.0 9902 161 4025.163636363636 55
570 0.1 1926.0 0.0 9902 161 4007.964285714286 56
580 0.1 1640.0 0.0 9902 161 3971.438596491228 57
590 0.1 916.0 0.0 9902 161 3931.2413793103447 58
600 0.1 710.0 0.0 9902 161 3880.135593220339 59
610 0.1 499.0 0.0 9902 161 3827.3 60
620 0.1 280.0 0.0 9902 161 3772.7377049180327 61
630 0.1 151.0 0.0 9902 151 3716.4032258064517 62
640 0.1 102.0 0.0 9902 102 3659.809523809524 63
650 0.1 86.0 0.0 9902 86 3604.21875 64
660 0.1 60.0 0.0 9902 60 3550.0923076923077 65
