40 0.1 45116.237060546875 0 45116.237060546875 45116.237060546875 0 0
50 0.3 41226.210286458336 9485.833261117083 54451.77587890625 32667.955810546875 45116.237060546875 1
60 0.4 40642.10125732422 11968.648903390127 55268.626953125 21951.994140625 42198.71697998047 4
70 0.4 56939.03576660156 16283.013916072998 75029.42016601563 21951.994140625 41420.409118652344 8
80 0.5 52960.65717773438 15846.329098136663 75029.42016601563 21951.994140625 46593.28466796875 12
90 0.4 57147.370544433594 19936.438389003022 90385.17114257813 21951.994140625 48466.04128848805 17
100 1.1 65210.86956232244 25083.72584207233 106499.68896484375 21951.994140625 50119.62781343006 21
110 1 73308.53762207032 24865.01881995924 106499.68896484375 21951.994140625 55307.24216461182 32
120 1.1 70229.42946555397 20471.870711228283 106499.68896484375 21951.994140625 59593.264892578125 42
130 0.4 61684.752502441406 11984.772174342235 106499.68896484375 21951.994140625 61800.7707473467 53
140 0.8 61923.30099487305 21089.33796382585 107695.328125 21951.994140625 61792.629116125274 57
150 0.8 72203.25158691406 20762.12574460531 107695.328125 21951.994140625 61808.71180889423 65
160 1 82299.41804199219 26416.262882075494 132429.43310546875 21951.994140625 62947.83945580052 73
170 0.6 87569.67431640625 26730.20472430836 132429.43310546875 21951.994140625 65279.35494811276 83
180 0.6 106110.27054850261 14924.575466219505 133867.72314453125 21951.994140625 66782.073107773 89
190 0.2 86145.77648925781 28282.923461914063 133867.72314453125 21951.994140625 69265.95926192435 95
200 0.9 106919.25032552083 25857.36687663009 146283.65405273438 21951.994140625 69613.99673052916 97
210 0.6 72091.34297688802 49258.07177676988 146283.65405273438 16479.827880859375 72781.42392255676 106
220 1.2 87985.74989827473 42577.80176676345 146283.65405273438 16479.827880859375 72744.45530046737 112
230 1.4 87315.9753766741 47471.04719262173 166947.70703125 16479.827880859375 74219.41929380356 124
240 1.8 85780.12417263455 50319.89678602143 169388.9521484375 16479.827880859375 75548.05541815274 138
250 1.2 105614.44848632813 39466.472950917465 169388.9521484375 16479.827880859375 76728.67873597756 156
260 2 90539.13100585938 46758.925559940224 198853.67602539063 16479.827880859375 78791.94800385975 168
270 2.7 84142.27700014468 43517.22587249249 198853.67602539063 16479.827880859375 80041.64832322142 188
280 3.1 84429.56731980847 37721.472831240404 198853.67602539063 16479.827880859375 80556.6109942769 215
290 3.3 75043.0185546875 43176.356638770674 198853.67602539063 16479.827880859375 81044.66646619348 246
300 6.1 90023.26774622183 45256.435965011675 198853.67602539063 16479.827880859375 80334.79413257449 279
310 6 93857.89128824869 44202.4225347488 203441.59594726563 16479.827880859375 82073.02028090533 340
320 6.3 98893.69200691344 48004.03592005884 207382.4609375 16479.827880859375 83840.75093200683 400
330 5.2 99122.6607431265 47026.41706525914 207382.4609375 16479.827880859375 85888.99129425114 463
340 6.9 90348.19260572351 52808.950446176656 229996.22680664063 16479.827880859375 87225.20646190459 515
350 7 92059.7912562779 48443.69974935817 229996.22680664063 16479.827880859375 87594.1894138284 584
360 8.8 89291.80867697978 44705.498765432196 229996.22680664063 16479.827880859375 88072.15902999272 654
370 10.9 88957.82196548885 48272.203018039974 229996.22680664063 14742.948974609375 88216.80750564617 742
380 10.5 77402.72411644342 40766.013418532726 229996.22680664063 12516.95703125 88311.72005103141 851
390 12.8 79867.7819786072 43446.53862152613 229996.22680664063 12516.95703125 87113.55627160492 956
400 8.9 76132.78308242626 34444.19417477571 229996.22680664063 12516.95703125 86257.9666871919 1084
410 11.1 71626.88182713969 40334.05429142258 229996.22680664063 12516.95703125 85489.73025000168 1173
420 14.2 68641.39136429907 35259.94157131191 229996.22680664063 12516.95703125 84291.30643774492 1284
430 12.6 68882.67484925286 28266.15415086967 229996.22680664063 12516.95703125 82732.8997474018 1426
440 16.1 69717.60711252915 30105.32402826022 229996.22680664063 12516.95703125 81608.46138582527 1552
450 16.7 69096.14060014735 27197.512265540907 229996.22680664063 12516.95703125 80490.87379796733 1713
460 14.5 68805.68314587824 30629.162202579537 229996.22680664063 12516.95703125 79478.6820724163 1880
470 17.7 67051.50706490553 34059.093715587675 241900.4140625 12516.95703125 78714.44264310863 2025
480 18.3 70444.73401479254 30887.584394579208 241900.4140625 12516.95703125 77776.95872061003 2202
490 17 70097.6009837431 30279.61103585749 241900.4140625 12516.95703125 77214.36034695609 2385
500 17.1 70269.51450994835 26939.123264618633 241900.4140625 12516.95703125 76740.83819754465 2555
510 14.6 79977.24245337916 29395.122562992052 241900.4140625 12516.95703125 76334.89676299624 2726
520 13 81391.89409555285 26391.408505795498 241900.4140625 12516.95703125 76520.05779043214 2872
530 10.5 86974.9396926154 23849.503171782253 241900.4140625 12516.95703125 76731.03004881511 3002
540 9 91692.66980523005 19100.319675099203 241900.4140625 12516.95703125 77077.21946387755 3107
550 12 100366.9016438802 19461.792014562478 241900.4140625 12516.95703125 77488.66473466945 3197
560 9.4 108940.08297145113 22405.27562946684 241900.4140625 12516.95703125 78316.33685679948 3317
570 6.7 114730.58202760611 17558.30046238836 241900.4140625 12516.95703125 79160.26301768406 3411
580 4.6 122506.29233716882 17331.114321715297 241900.4140625 12516.95703125 79845.48767946231 3478
590 2.7 130879.07981589988 17788.29567051749 241900.4140625 12516.95703125 80402.35402856972 3524
600 1.1 141771.16930042615 13624.688114416222 241900.4140625 12516.95703125 80786.15340797212 3551
610 1.6 151206.554397583 15594.019937629766 241900.4140625 12516.95703125 80974.48445087414 3562
620 0.8 171753.42700195313 16852.044497426185 241900.4140625 12516.95703125 81288.54625052404 3578
630 0.4 160451.87170410156 5964.992112577728 241900.4140625 12516.95703125 81490.36416631083 3586
640 0.1 174447.97998046875 0.0 241900.4140625 12516.95703125 81578.34356189611 3590
650 0.1 185571.55615234375 0.0 241900.4140625 12516.95703125 81604.20533756266 3591
660 0.1 202577.22290039063 0.0 241900.4140625 12516.95703125 81633.1494775445 3592
662 0 0 0 241900.4140625 12516.95703125 81666.81050549408 3593
