0 15.88359375 15.88359375
10 47.7796875 63.66328125
20 54.44765625 118.1109375
30 93.37578125 211.48671875
40 124.07421875 335.5609375
50 135.2484375 470.809375
60 173.28671875 644.09609375
70 206.61796875 850.7140625
80 234.803125 1085.5171875
90 243.43359375 1328.95078125
100 251.8734375 1580.82421875
110 258.590625 1839.41484375
120 292.2453125 2131.66015625
130 291.303125 2422.96328125
140 285.4453125 2708.40859375
150 263.97109375 2972.3796875
160 282.246875 3254.6265625
170 282.64375 3537.2703125
180 263.4796875 3800.75
190 282.003125 4082.753125
200 272.49921875 4355.25234375
210 285.40234375 4640.6546875
220 315.08359375 4955.73828125
230 410.99296875 5366.73125
240 485.93359375 5852.66484375
250 633.17265625 6485.8375
260 693.14140625 7178.97890625
270 745.3046875 7924.28359375
280 829.56484375 8753.8484375
290 748.15078125 9501.99921875
300 824.36640625 10326.365625
310 833.91953125 11160.28515625
320 878.85859375 12039.14375
330 949.44375 12988.5875
340 1016.71328125 14005.30078125
350 1059.16796875 15064.46875
360 1027.86015625 16092.32890625
370 1095.50078125 17187.8296875
380 1160.4921875 18348.321875
390 1234.69921875 19583.02109375
400 1358.3390625 20941.36015625
410 1416.55390625 22357.9140625
420 1444.93046875 23802.84453125
430 1467.24453125 25270.0890625
440 1619.0765625 26889.165625
450 1570.92109375 28460.08671875
460 1744.78125 30204.86796875
470 1713.3875 31918.25546875
480 1509.33671875 33427.5921875
490 1276.89375 34704.4859375
500 1017.39140625 35721.87734375
510 667.17890625 36389.05625
520 507.084375 36896.140625
530 372.9234375 37269.0640625
540 307.71171875 37576.77578125
550 326.59296875 37903.36875
560 302.75 38206.11875
570 244.6953125 38450.8140625
580 197.55 38648.3640625
590 115.6859375 38764.05
600 107.19453125 38871.24453125
610 60.66015625 38931.9046875
620 31.0265625 38962.93125
630 16.07265625 38979.00390625
640 4.515625 38983.51953125
650 5.18671875 38988.70625
660 0.52578125 38989.23203125
662 0 38989.23203125
