0 87.4359375 87.4359375
10 267.7078125 355.14375
20 288.31171875 643.45546875
30 524.659375 1168.11484375
40 838.4953125 2006.61015625
50 893.315625 2899.92578125
60 1095.88125 3995.80703125
70 1106.6859375 5102.49296875
80 1389.44921875 6491.9421875
90 1500.97109375 7992.91328125
100 1359.32890625 9352.2421875
110 1524.81796875 10877.06015625
120 1587.1875 12464.24765625
130 1515.47578125 13979.7234375
140 1563.01796875 15542.74140625
150 1468.58984375 17011.33125
160 1607.08671875 18618.41796875
170 1531.76484375 20150.1828125
180 1516.88203125 21667.06484375
190 1557.43203125 23224.496875
200 1561.6578125 24786.1546875
210 1282.91953125 26069.07421875
220 1323.45625 27392.53046875
230 1507.83984375 28900.3703125
240 1503.4046875 30403.775
250 1617.65078125 32021.42578125
260 1609.28515625 33630.7109375
270 1652.84765625 35283.55859375
280 1697.97890625 36981.5375
290 1838.44140625 38819.97890625
300 1818.559375 40638.53828125
310 1939.38203125 42577.9203125
320 1712.6921875 44290.6125
330 1893.79296875 46184.40546875
340 1798.6828125 47983.08828125
350 1923.01796875 49906.10625
360 1820.9578125 51727.0640625
370 2064.1484375 53791.2125
380 2189.49140625 55980.70390625
390 2165.30625 58146.01015625
400 2114.5796875 60260.58984375
410 2261.9765625 62522.56640625
420 2130.83828125 64653.4046875
430 2754.35234375 67407.75703125
440 2624.48515625 70032.2421875
450 2312.07890625 72344.32109375
460 2561.22421875 74905.5453125
470 2655.9828125 77561.528125
480 2003.10078125 79564.62890625
490 2009.74765625 81574.3765625
500 2058.2328125 83632.609375
510 2081.41328125 85714.02265625
520 2324.290625 88038.31328125
530 2164.9390625 90203.25234375
540 2201.43515625 92404.6875
550 2466.77265625 94871.46015625
560 1758.61953125 96630.0796875
570 1210.13984375 97840.21953125
580 1015.18046875 98855.4
590 583.69921875 99439.09921875
600 529.4921875 99968.59140625
610 297.07890625 100265.6703125
620 157.5453125 100423.215625
630 63.0359375 100486.2515625
640 20.965625 100507.2171875
650 26.4875 100533.7046875
660 3.6578125 100537.3625
662 0 100537.3625
