0 0.7 7
10 1.1 18
20 0.6 24
30 0.8 32
40 0.6 38
50 1.1 49
60 1.5 64
70 1.6 80
80 1.1 91
90 1.7 108
100 0.8 116
110 1.7 133
120 1.7 150
130 1.1 161
140 2.4 185
150 2.2 207
160 2.8 235
170 1.7 252
180 3.1 283
190 3.2 315
200 4.9 364
210 4.8 412
220 3.3 445
230 4.4 489
240 6.2 551
250 5.8 609
260 5.8 667
270 5.8 725
280 5.7 782
290 4.1 823
300 8.9 912
310 10 1012
320 10.6 1118
330 11.1 1229
340 10.1 1330
350 10.3 1433
360 11.8 1551
370 17.2 1723
380 16.7 1890
390 17.1 2061
400 17.3 2234
410 15.4 2388
420 14.5 2533
430 21.8 2751
440 20.8 2959
450 21.8 3177
460 20 3377
470 18.9 3566
480 2.7 3593
490 0 3593
500 0 3593
510 0 3593
520 0 3593
530 0 3593
540 0 3593
550 0 3593
560 0 3593
570 0 3593
580 0 3593
590 0 3593
600 0 3593
610 0 3593
620 0 3593
630 0 3593
640 0 3593
650 0 3593
660 0 3593
662 0 3593
