0 7 7
10 18 18
20 24 24
30 32 32
40 37 37
50 45 45
60 56 56
70 68 68
80 74 74
90 87 87
100 84 87
110 91 92
120 97 97
130 104 104
140 120 120
150 134 134
160 152 155
170 163 163
180 188 188
190 218 218
200 258 258
210 300 300
220 321 321
230 351 353
240 395 395
250 441 442
260 479 479
270 510 513
280 536 539
290 544 547
300 572 574
310 612 614
320 655 655
330 714 714
340 746 746
350 779 790
360 809 809
370 872 872
380 934 936
390 977 984
400 1061 1061
410 1104 1106
420 1107 1110
430 1199 1200
440 1246 1248
450 1297 1299
460 1352 1358
470 1364 1377
480 1208 1377
490 1038 1377
500 867 1377
510 721 1377
520 591 1377
530 486 1377
540 396 1377
550 276 1377
560 182 1377
570 115 1377
580 69 1377
590 42 1377
600 31 1377
610 15 1377
620 7 1377
630 3 1377
640 2 1377
650 1 1377
660 0 1377
662 0 1377
