0 1.5 15
10 3.2 47
20 9.6 143
30 14.4 287
40 18.3 470
50 21.5 685
60 21.5 900
70 21 1110
80 24 1350
90 25.3 1603
100 21.5 1818
110 20.1 2019
120 20.6 2225
130 21.8 2443
140 22.1 2664
150 17.3 2837
160 16.6 3003
170 17.3 3176
180 20.7 3383
190 20.6 3589
200 19.1 3780
210 16.4 3944
220 14 4084
230 15.8 4242
240 17.3 4415
250 13.1 4546
260 15.9 4705
270 15.1 4856
280 14 4996
290 13.4 5130
300 15.3 5283
310 16.2 5445
320 13.3 5578
330 13.3 5711
340 11.3 5824
350 13.4 5958
360 12.7 6085
370 10.5 6190
380 9.8 6288
390 13.4 6422
400 12.7 6549
410 12.2 6671
420 14.5 6816
430 14 6956
440 13.6 7092
450 17.9 7271
460 24.2 7513
470 36.3 7876
480 39.9 8275
490 35.2 8627
500 38.1 9008
510 29.1 9299
520 31.4 9613
530 20.8 9821
540 14.5 9966
550 9.2 10058
560 6.5 10123
570 2.8 10151
580 0.6 10157
590 0.5 10162
600 0.5 10167
604 0 10167
