10 0.1 1
20 0.9 10
30 0.9 19
40 1.3 32
50 1 42
60 1.5 57
70 1.3 70
80 2.9 99
90 1.9 118
100 2.1 139
110 1.8 157
120 1.6 173
130 1.1 184
140 1.6 200
150 1.7 217
160 1 227
170 1.7 244
180 1 254
190 1.4 268
200 0.8 276
210 1.2 288
220 0.8 296
230 1.4 310
240 1.3 323
250 0.6 329
260 0.7 336
270 0.9 345
280 0.6 351
290 0.4 355
300 1 365
310 0.3 368
320 0.6 374
330 0.4 378
340 0.4 382
350 0.3 385
360 0.3 388
370 0 388
380 0.1 389
390 0.2 391
400 0.1 392
410 0.3 395
420 0 395
430 0 395
440 0.1 396
450 0.6 402
460 0.3 405
470 1.6 421
480 3.1 452
490 4 492
500 6.5 557
510 4.9 606
520 5.5 661
530 3.8 699
540 2.8 727
550 1.7 744
560 1.2 756
570 0.4 760
580 0.1 761
590 0.2 763
600 0.1 764
604 0 764
