0 0.6 6
10 0.9 15
20 2.3 38
30 0.9 47
40 1.8 65
50 1.8 83
60 1.5 98
70 2.2 120
80 2.1 141
90 1.5 156
100 1.4 170
110 1.6 186
120 1.4 200
130 1.8 218
140 1.3 231
150 1.9 250
160 1.8 268
170 1.9 287
180 2.1 308
190 2.1 329
200 2.7 356
210 2.4 380
220 2.6 406
230 2.6 432
240 2.1 453
250 2.8 481
260 2.7 508
270 3 538
280 3 568
290 2.7 595
300 3.4 629
310 2.8 657
320 3.3 690
330 3.3 723
340 4.2 765
350 3.7 802
360 4.7 849
370 3.6 885
380 3.5 920
390 4.1 961
400 3.7 998
410 2.8 1026
420 3.4 1060
430 3.2 1092
440 3.5 1127
450 2.3 1150
460 1.8 1168
470 1.4 1182
480 2.6 1208
490 0.5 1213
500 0.2 1215
510 0.2 1217
520 0 1217
530 0 1217
540 0 1217
550 0 1217
560 0 1217
570 0 1217
580 0 1217
590 0 1217
600 0 1217
604 0 1217
