40 0.1 1
50 0.2 3
60 0.2 5
70 0 5
80 0 5
90 0 5
100 0 5
110 0 5
120 0 5
130 0 5
140 0 5
150 0 5
160 0.1 6
170 0.1 7
180 0.4 11
190 0.4 15
200 0.4 19
210 0.6 25
220 0.3 28
230 0.6 34
240 0.3 37
250 0.6 43
260 0.3 46
270 0.8 54
280 1.1 65
290 0.6 71
300 0.7 78
310 1.6 94
320 1.1 105
330 1.1 116
340 1.8 134
350 1.5 149
360 1.9 168
370 1.9 187
380 1.3 200
390 2.3 223
400 2.2 245
410 3 275
420 1.9 294
430 1.6 310
440 2.2 332
450 1.3 345
460 0.6 351
470 0.1 352
480 0 352
490 0 352
500 0 352
510 0 352
520 0 352
530 0 352
540 0 352
550 0 352
560 0 352
570 0 352
580 0 352
590 0 352
600 0 352
604 0 352
