80 0.1 1
90 0 1
100 0 1
110 0.1 2
120 0 2
130 0 2
140 0 2
150 0 2
160 0 2
170 0 2
180 0.2 4
190 0.4 8
200 0.2 10
210 0.4 14
220 0.3 17
230 0.4 21
240 0.5 26
250 0.1 27
260 0.3 30
270 0.1 31
280 0 31
290 0.4 35
300 0.2 37
310 0.2 39
320 0.3 42
330 0.4 46
340 0.4 50
350 0.6 56
360 0.7 63
370 0.2 65
380 0.6 71
390 0.4 75
400 0.6 81
410 0.5 86
420 0.3 89
430 0.7 96
440 1.3 109
450 0.9 118
460 0.1 119
470 0.2 121
480 0.5 126
490 1.2 138
500 1.9 157
510 1.8 175
520 2.3 198
530 1.2 210
540 1.7 227
550 0.7 234
560 0.2 236
570 0.1 237
580 0.1 238
590 0.2 240
600 0.1 241
604 0 241
