140 0.1 1
150 0 1
160 0.8 9
170 0.8 17
180 1 27
190 1.3 40
200 2.7 67
210 1.9 86
220 2.8 114
230 2.6 140
240 3.1 171
250 1.9 190
260 5 240
270 4.6 286
280 4.2 328
290 4.9 377
300 5.1 428
310 4.7 475
320 3.9 514
330 4.7 561
340 3.8 599
350 7.2 671
360 7.4 745
370 4.4 789
380 4.6 835
390 7.4 909
400 12.7 1036
410 10.3 1139
420 14.8 1287
430 8.9 1376
440 9.7 1473
450 22.3 1696
460 26.2 1958
470 32.2 2280
480 30 2580
490 16.8 2748
500 11.6 2864
510 4.3 2907
520 2.5 2932
530 0.4 2936
540 0.1 2937
550 0 2937
560 0 2937
570 0 2937
580 0 2937
590 0 2937
600 0 2937
604 0 2937
