130 0.5 5
140 5.3 58
150 10.9 167
160 17.6 343
170 19.4 537
180 27 807
190 41.9 1226
200 49.4 1720
210 65.5 2375
220 66.4 3039
230 74.4 3783
240 71.4 4497
250 90.1 5398
260 78.6 6184
270 97.7 7161
280 95.4 8115
290 90.6 9021
300 97.9 10000
310 122.7 11227
320 141.8 12645
330 155.9 14204
340 160.5 15809
350 174.5 17554
360 184.5 19399
370 222.8 21627
380 249.1 24118
390 239.9 26517
400 265.5 29172
410 245 31622
420 245.8 34080
430 198.6 36066
440 152.1 37587
450 93 38517
460 44.5 38962
470 5.7 39019
480 0 39019
490 0 39019
500 0 39019
510 0 39019
520 0 39019
530 0 39019
540 0 39019
550 0 39019
560 0 39019
570 0 39019
580 0 39019
590 0 39019
600 0 39019
604 0 39019
