0 7 7
10 21 14
20 34 13
30 45 11
40 58 13
50 56 -2
60 64 8
70 78 14
80 84 6
90 99 15
100 111 12
110 129 18
120 139 10
130 150 11
140 164 14
150 181 17
160 192 11
170 211 19
180 245 34
190 268 23
200 292 24
210 318 26
220 321 3
230 333 12
240 349 16
250 374 25
260 394 20
270 396 2
280 395 -1
290 421 26
300 458 37
310 503 45
320 549 46
330 579 30
340 580 1
350 620 40
360 719 99
370 783 64
380 828 45
390 879 51
400 905 26
410 939 34
420 884 -55
430 780 -104
440 664 -116
450 556 -108
460 447 -109
470 355 -92
480 264 -91
490 209 -55
500 135 -74
510 102 -33
520 65 -37
530 41 -24
540 25 -16
550 15 -10
560 10 -5
570 5 -5
580 1 -4
590 1 0
600 0 -1
604 0 0
