0 0.7 18.609270368303573 38.298706665423886 111.880126953125 0.943115234375 0 0
10 1.4 3.9760567801339284 3.6438732501956217 111.880126953125 0.943115234375 18.609270368303573 7
20 1.3 3.1185021033653846 2.3231399045171153 111.880126953125 0.865966796875 8.853794642857142 21
30 1.1 4.772150213068182 3.4451618041165237 111.880126953125 0.635009765625 6.660888671875 34
40 1.4 3.9510323660714284 2.9470647197400073 111.880126953125 0.635009765625 6.199197048611111 45
50 0 0 0 111.880126953125 0.635009765625 5.665734242584746 59
60 1 4.9130859375 3.9761903584938207 111.880126953125 0.635009765625 5.665734242584746 59
70 1.5 3.219482421875 2.4794241528406418 111.880126953125 0.635009765625 5.55665477807971 69
80 1 2.2653564453125 2.429532366764696 111.880126953125 0.635009765625 5.139302571614583 84
90 1.5 2.796484375 2.2406828272977406 111.880126953125 0.635009765625 4.833563622007978 94
100 1.3 4.368145282451923 3.494917928424218 111.880126953125 0.635009765625 4.553231615538991 109
110 1.9 3.3401264391447367 3.4060931510520693 111.880126953125 0.635009765625 4.533509301357582 122
120 1.6 5.8998565673828125 11.280280579187881 111.880126953125 0.635009765625 4.37269884474734 141
130 1.2 2.5852864583333335 2.242234182665624 111.880126953125 0.635009765625 4.528332752786624 157
140 2 3.7180419921875 2.851510512936286 111.880126953125 0.635009765625 4.3903649685650885 169
150 2.1 4.325346447172619 3.3619671622395626 111.880126953125 0.635009765625 4.319219680059524 189
160 1.6 2.2235260009765625 1.9082338531127496 111.880126953125 0.635009765625 4.319832356770833 210
170 2.3 4.256230893342392 3.161007911292556 111.880126953125 0.635009765625 4.171421287334071 226
180 4.1 3.3312214176829267 2.992915295683002 111.880126953125 0.635009765625 4.179255106362952 249
190 4 4.019549560546875 3.670740805177077 111.880126953125 0.635009765625 4.05936068830819 290
200 3.6 3.4610188802083335 3.1414848176561745 111.880126953125 0.635009765625 4.054535097064394 330
210 4.9 3.147675183354591 2.67467275889781 111.880126953125 0.614013671875 3.9961564527834708 366
220 2.4 4.925567626953124 3.1486059135221276 111.880126953125 0.614013671875 3.8959743269954825 415
230 3.9 3.7982459435096154 3.6228422559643767 111.880126953125 0.614013671875 3.9522618878132123 439
240 4.9 3.710793008609694 3.177653093885633 111.880126953125 0.614013671875 3.939695733361664 478
250 5.7 3.2605280290570167 3.188336797954489 111.880126953125 0.614013671875 3.918412557815465 527
260 4.6 3.2134903617527173 2.847756702471903 111.880126953125 0.614013671875 3.8542012253852738 584
270 5.1 3.3050896139705883 2.9041755843691086 111.880126953125 0.614013671875 3.807419162326389 630
280 5.4 3.0233742042824074 2.950594121292766 111.880126953125 0.614013671875 3.769799768837188 681
290 6.6 3.351458925189394 3.330308770582177 111.880126953125 0.614013671875 3.714960339604592 735
300 7.4 3.5933013091216215 4.024679954960823 111.880126953125 0.614013671875 3.6850089121995944 801
310 10.5 3.5877720424107142 2.9784440290177234 111.880126953125 0.5830078125 3.6772530691964285 875
320 9.5 3.5209318462171053 3.076080229977076 111.880126953125 0.5830078125 3.6676658163265308 980
330 8.9 4.942223709620786 5.3069278924807355 111.880126953125 0.5830078125 3.654698628270349 1075
340 7.9 3.474219986155063 3.206509526439685 111.880126953125 0.5830078125 3.7531434154182777 1164
350 10.7 3.0122344115070088 2.9503862395304474 111.880126953125 0.5830078125 3.7354161821827234 1243
360 17.2 2.9194534656613373 3.311971218871394 111.880126953125 0.5830078125 3.6780973307291664 1350
370 14.7 3.406201836203232 3.4415475746864908 111.880126953125 0.5830078125 3.592363595649228 1522
380 13.5 3.255394603587963 3.0899687589246194 111.880126953125 0.5830078125 3.575967083582984 1669
390 14.9 3.334757760067114 2.9396819685191704 111.880126953125 0.580078125 3.5519774578627357 1804
400 19.8 3.2434550583964645 3.404713677608689 111.880126953125 0.580078125 3.5354051409290195 1953
410 21.2 3.071080621683373 4.831333736902306 111.880126953125 0.580078125 3.5085310747544747 2151
420 12.3 2.828414792936991 2.974790184041421 111.880126953125 0.580078125 3.4692845677502118 2363
430 2.4 3.8928629557291665 2.933285259434034 111.880126953125 0.580078125 3.4375762080148835 2486
440 0.1 0.8779296875 0.0 111.880126953125 0.580078125 3.441929547435259 2510
450 0 0 0 111.880126953125 0.580078125 3.4409084403624055 2511
460 0.1 1.587890625 0.0 111.880126953125 0.580078125 3.4409084403624055 2511
470 0 0 0 111.880126953125 0.580078125 3.440170774034634 2512
480 0 0 0 111.880126953125 0.580078125 3.440170774034634 2512
490 0 0 0 111.880126953125 0.580078125 3.440170774034634 2512
500 0 0 0 111.880126953125 0.580078125 3.440170774034634 2512
510 0 0 0 111.880126953125 0.580078125 3.440170774034634 2512
520 0 0 0 111.880126953125 0.580078125 3.440170774034634 2512
530 0 0 0 111.880126953125 0.580078125 3.440170774034634 2512
540 0 0 0 111.880126953125 0.580078125 3.440170774034634 2512
550 0 0 0 111.880126953125 0.580078125 3.440170774034634 2512
560 0 0 0 111.880126953125 0.580078125 3.440170774034634 2512
570 0 0 0 111.880126953125 0.580078125 3.440170774034634 2512
580 0 0 0 111.880126953125 0.580078125 3.440170774034634 2512
590 0 0 0 111.880126953125 0.580078125 3.440170774034634 2512
600 0 0 0 111.880126953125 0.580078125 3.440170774034634 2512
604 0 0 0 111.880126953125 0.580078125 3.440170774034634 2512
