0 0.1 5.330623296849409 0 5.330623296849409 5.330623296849409 0 0
10 0.1 2.7559055118110236 0.0 5.330623296849409 2.7559055118110236 5.330623296849409 1
20 0.1 1.383399209486166 0.0 5.330623296849409 1.383399209486166 4.043264404330216 2
30 0.1 1.593625498007968 0.0 5.330623296849409 1.383399209486166 3.156642672715533 3
40 0.1 2.2794846382556986 0.0 5.330623296849409 1.383399209486166 2.7658883790386417 4
50 0.1 1.9019019019019021 0.0 5.330623296849409 1.383399209486166 2.668607630882053 5
60 0.1 2.4875621890547266 0.0 5.330623296849409 1.383399209486166 2.5408233427186944 6
70 0.1 2.19560878243513 0.0 5.330623296849409 1.383399209486166 2.533214606480985 7
80 0.1 2.4072216649949847 0.0 5.330623296849409 1.383399209486166 2.491013878475253 8
90 0.1 2.7027027027027026 0.0 5.330623296849409 1.383399209486166 2.481703632533001 9
100 0.1 2.4096385542168677 0.0 5.330623296849409 1.383399209486166 2.5038035395499714 10
110 0.1 2.5974025974025974 0.0 5.330623296849409 1.383399209486166 2.495243086337871 11
120 0.1 2.689243027888446 0.0 5.330623296849409 1.383399209486166 2.503756378926598 12
130 0.1 2.5974025974025974 0.0 5.330623296849409 1.383399209486166 2.5180245826928944 13
140 0.1 2.6 0.0 5.330623296849409 1.383399209486166 2.5236944408864446 14
150 0.1 2.6 0.0 5.330623296849409 1.383399209486166 2.5287814781606817 15
160 0.1 2.902902902902903 0.0 5.330623296849409 1.383399209486166 2.533232635775639 16
170 0.1 2.610441767068273 0.0 5.330623296849409 1.383399209486166 2.554977945606655 17
180 0.1 2.9233870967741935 0.0 5.330623296849409 1.383399209486166 2.558059269021189 18
190 0.1 3.9078156312625247 0.0 5.330623296849409 1.383399209486166 2.5772870494292417 19
200 0.1 4.1751527494908345 0.0 5.330623296849409 1.383399209486166 2.6438134785209058 20
210 0.1 3.881511746680286 0.0 5.330623296849409 1.383399209486166 2.7167343961861405 21
220 0.1 4.39223697650664 0.0 5.330623296849409 1.383399209486166 2.769678821208602 22
230 0.1 4.59652706843718 0.0 5.330623296849409 1.383399209486166 2.8402248279606903 23
240 0.1 4.405737704918033 0.0 5.330623296849409 1.383399209486166 2.913404087980544 24
250 0.1 4.5595854922279795 0.0 5.330623296849409 1.383399209486166 2.973097432658044 25
260 0.1 5.236139630390143 0.0 5.330623296849409 1.383399209486166 3.0341162041799645 26
270 0.1 5.274043433298862 0.0 5.330623296849409 1.383399209486166 3.115672627372934 27
280 0.1 5.834186284544525 0.0 5.834186284544525 1.383399209486166 3.1927572990131456 28
290 0.1 5.76725025746653 0.0 5.834186284544525 1.383399209486166 3.2838410571349175 29
300 0.1 5.181347150259067 0.0 5.834186284544525 1.383399209486166 3.366621363812638 30
310 0.1 6.742738589211618 0.0 6.742738589211618 1.383399209486166 3.4251609053109098 31
320 0.1 7.210031347962382 0.0 7.210031347962382 1.383399209486166 3.528835207932807 32
330 0.1 8.682008368200837 0.0 8.682008368200837 1.383399209486166 3.6403866061155212 33
340 0.1 8.535300316122234 0.0 8.682008368200837 1.383399209486166 3.788669599118031 34
350 0.1 8.535300316122234 0.0 8.682008368200837 1.383399209486166 3.924287619603865 35
360 0.1 9.680851063829788 0.0 9.680851063829788 1.383399209486166 4.052371305618264 36
370 0.1 11.78343949044586 0.0 11.78343949044586 1.383399209486166 4.204492380164521 37
380 0.1 11.745689655172415 0.0 11.78343949044586 1.383399209486166 4.4039383567508725 38
390 0.1 12.892741061755148 0.0 12.892741061755148 1.383399209486166 4.592188390043733 39
400 0.1 14.408602150537634 0.0 14.408602150537634 1.383399209486166 4.799702206836518 40
410 0.1 14.47084233261339 0.0 14.47084233261339 1.383399209486166 5.03406562009752 41
420 0.1 13.733905579399142 0.0 14.47084233261339 1.383399209486166 5.2587507799193265 42
430 0.1 11.909871244635193 0.0 14.47084233261339 1.383399209486166 5.455847403163043 43
440 0.1 9.401709401709402 0.0 14.47084233261339 1.383399209486166 5.6025297631965 44
450 0.1 7.383966244725738 0.0 14.47084233261339 1.383399209486166 5.686955977385676 45
460 0.1 4.916317991631799 0.0 14.47084233261339 1.383399209486166 5.723847504936546 46
470 0.1 4.578563995837669 0.0 14.47084233261339 1.383399209486166 5.706666025930062 47
480 0.1 4.123711340206185 0.0 14.47084233261339 1.383399209486166 5.6831639003031365 48
490 0.1 4.378818737270876 0.0 14.47084233261339 1.383399209486166 5.651338337852178 49
500 0.1 3.8696537678207736 0.0 14.47084233261339 1.383399209486166 5.625887945840552 50
510 0.1 2.9292929292929295 0.0 14.47084233261339 1.383399209486166 5.591451981565654 51
520 0.1 3.3000000000000003 0.0 14.47084233261339 1.383399209486166 5.540256615175794 52
530 0.1 2.293120638085743 0.0 14.47084233261339 1.383399209486166 5.497987622436629 53
540 0.1 2.286282306163022 0.0 14.47084233261339 1.383399209486166 5.438638233837538 54
550 0.1 2.073050345508391 0.0 14.47084233261339 1.383399209486166 5.381322671516183 55
560 0.1 1.87192118226601 0.0 14.47084233261339 1.383399209486166 5.322246379980329 56
570 0.1 1.1846001974333662 0.0 14.47084233261339 1.1846001974333662 5.261714358967797 57
580 0.1 0.9871668311944718 0.0 14.47084233261339 0.9871668311944718 5.191419287217204 58
590 0.1 1.085883514313919 0.0 14.47084233261339 0.9871668311944718 5.120160771013429 59
600 0.1 0.8884501480750246 0.0 14.47084233261339 0.8884501480750246 5.052922816735104 60
