0 0 0
10 0 0
20 0 0
30 0 0
40 0.1 1
50 0 1
60 0.4 5
70 0.1 6
80 0.4 10
90 0 10
100 0.1 11
110 0.1 12
120 0.6 18
130 0.1 19
140 0.6 25
150 0.4 29
160 0.5 34
170 0.3 37
180 0.9 46
190 1.7 63
200 1.1 74
210 2.1 95
220 2.3 118
230 2.8 146
240 3.2 178
250 3.3 211
260 2.6 237
270 4.8 285
280 5.5 340
290 4 380
300 3.8 418
310 5.7 475
320 5.1 526
330 6 586
340 7.1 657
350 6.9 726
360 7.1 797
370 8.6 883
380 9.3 976
390 9.1 1067
400 10.4 1171
410 13.2 1303
420 11.8 1421
430 13.1 1552
440 12.4 1676
450 10.4 1780
460 11.3 1893
470 9 1983
480 9.5 2078
490 5.2 2130
500 7.2 2202
510 3.5 2237
520 3.7 2274
530 2.3 2297
540 1.5 2312
550 1 2322
560 0.5 2327
570 0.6 2333
580 0.3 2336
590 0 2336
600 0.1 2337
604 0 2337
