0 0.1 3160.375 0 3160.375 3160.375 0 0
10 0.1 3161.36328125 0.0 3161.36328125 3160.375 3160.375 1
20 0.1 3158.7421875 0.0 3161.36328125 3158.7421875 3160.869140625 2
30 0.1 3156.08984375 0.0 3161.36328125 3156.08984375 3160.16015625 3
40 0.1 3153.328125 0.0 3161.36328125 3153.328125 3159.142578125 4
50 0.1 3151.54296875 0.0 3161.36328125 3151.54296875 3157.9796875 5
60 0.1 3151.2109375 0.0 3161.36328125 3151.2109375 3156.9069010416665 6
70 0.1 3150.39453125 0.0 3161.36328125 3150.39453125 3156.093191964286 7
80 0.1 3148.12890625 0.0 3161.36328125 3148.12890625 3155.380859375 8
90 0.1 3147.4296875 0.0 3161.36328125 3147.4296875 3154.5750868055557 9
100 0.1 3145.85546875 0.0 3161.36328125 3145.85546875 3153.860546875 10
110 0.1 3142.46875 0.0 3161.36328125 3142.46875 3153.1328125 11
120 0.1 3139.19921875 0.0 3161.36328125 3139.19921875 3152.244140625 12
130 0.1 3136.05078125 0.0 3161.36328125 3136.05078125 3151.240685096154 13
140 0.1 3134.14453125 0.0 3161.36328125 3134.14453125 3150.155691964286 14
150 0.1 3133.49609375 0.0 3161.36328125 3133.49609375 3149.08828125 15
160 0.1 3132.3125 0.0 3161.36328125 3132.3125 3148.11376953125 16
170 0.1 3131.390625 0.0 3161.36328125 3131.390625 3147.184283088235 17
180 0.1 3130.17578125 0.0 3161.36328125 3130.17578125 3146.3068576388887 18
190 0.1 3129.1953125 0.0 3161.36328125 3129.1953125 3145.4578536184213 19
200 0.1 3127.2890625 0.0 3161.36328125 3127.2890625 3144.6447265625 20
210 0.1 3124.15234375 0.0 3161.36328125 3124.15234375 3143.8182663690477 21
220 0.1 3123.2265625 0.0 3161.36328125 3123.2265625 3142.9243607954545 22
230 0.1 3122.9140625 0.0 3161.36328125 3122.9140625 3142.0679347826085 23
240 0.1 3122.65625 0.0 3161.36328125 3122.65625 3141.2698567708335 24
250 0.1 3122.421875 0.0 3161.36328125 3122.421875 3140.5253125 25
260 0.1 3121.8828125 0.0 3161.36328125 3121.8828125 3139.8290264423076 26
270 0.1 3120.9609375 0.0 3161.36328125 3120.9609375 3139.1643518518517 27
280 0.1 3119.73828125 0.0 3161.36328125 3119.73828125 3138.514229910714 28
290 0.1 3119.46875 0.0 3161.36328125 3119.46875 3137.8667834051726 29
300 0.1 3119.1640625 0.0 3161.36328125 3119.1640625 3137.253515625 30
310 0.1 3116.88671875 0.0 3161.36328125 3116.88671875 3136.669984879032 31
320 0.1 3113.99609375 0.0 3161.36328125 3113.99609375 3136.0517578125 32
330 0.1 3111.5546875 0.0 3161.36328125 3111.5546875 3135.3834043560605 33
340 0.1 3110.43359375 0.0 3161.36328125 3110.43359375 3134.682559742647 34
350 0.1 3109.71484375 0.0 3161.36328125 3109.71484375 3133.989732142857 35
360 0.1 3108.58984375 0.0 3161.36328125 3108.58984375 3133.3154296875 36
370 0.1 3104.640625 0.0 3161.36328125 3104.640625 3132.647170608108 37
380 0.1 3099.20703125 0.0 3161.36328125 3099.20703125 3131.9101562499995 38
390 0.1 3095.97265625 0.0 3161.36328125 3095.97265625 3131.071614583333 39
400 0.1 3093.75 0.0 3161.36328125 3093.75 3130.194140625 40
410 0.1 3092.81640625 0.0 3161.36328125 3092.81640625 3129.3052591463415 41
420 0.1 3090.04296875 0.0 3161.36328125 3090.04296875 3128.436476934524 42
430 0.1 3088.1484375 0.0 3161.36328125 3088.1484375 3127.5436046511627 43
440 0.1 3088.01171875 0.0 3161.36328125 3088.01171875 3126.648259943182 44
450 0.1 3087.9609375 0.0 3161.36328125 3087.9609375 3125.789670138889 45
460 0.1 3088.00390625 0.0 3161.36328125 3087.9609375 3124.9673063858695 46
470 0.1 3088.015625 0.0 3161.36328125 3087.9609375 3124.18085106383 47
480 0.1 3087.87890625 0.0 3161.36328125 3087.87890625 3123.4274088541665 48
490 0.1 3087.98828125 0.0 3161.36328125 3087.87890625 3122.7019292091836 49
500 0.1 3087.96484375 0.0 3161.36328125 3087.87890625 3122.00765625 50
510 0.1 3088.078125 0.0 3161.36328125 3087.87890625 3121.340150122549 51
520 0.1 3088.421875 0.0 3161.36328125 3087.87890625 3120.700495793269 52
530 0.1 3088.6484375 0.0 3161.36328125 3087.87890625 3120.091465212264 53
540 0.1 3091.671875 0.0 3161.36328125 3087.87890625 3119.509186921296 54
550 0.1 3096.78515625 0.0 3161.36328125 3087.87890625 3119.003053977273 55
560 0.1 3106.56640625 0.0 3161.36328125 3087.87890625 3118.6063058035716 56
570 0.1 3114.9453125 0.0 3161.36328125 3087.87890625 3118.395079495614 57
580 0.1 3118.0546875 0.0 3161.36328125 3087.87890625 3118.3356007543102 58
590 0.1 3119.41796875 0.0 3161.36328125 3087.87890625 3118.330839512712 59
600 0.1 3119.51953125 0.0 3161.36328125 3087.87890625 3118.3489583333335 60
