0 0.1 0.0 0 0.0 0.0 0 0
10 0.1 0.078125 0.0 0.078125 0.0 0.0 1
20 0.1 0.05859375 0.0 0.078125 0.0 0.0390625 2
30 0.1 0.05078125 0.0 0.078125 0.0 0.045572916666666664 3
40 0.1 0.05078125 0.0 0.078125 0.0 0.046875 4
50 0.1 0.0390625 0.0 0.078125 0.0 0.04765625 5
60 0.1 0.03125 0.0 0.078125 0.0 0.046223958333333336 6
70 0.1 0.03125 0.0 0.078125 0.0 0.04408482142857143 7
80 0.1 0.01953125 0.0 0.078125 0.0 0.04248046875 8
90 0.1 0.01953125 0.0 0.078125 0.0 0.03993055555555555 9
100 0.1 0.01953125 0.0 0.078125 0.0 0.037890625 10
110 0.1 0.01171875 0.0 0.078125 0.0 0.03622159090909091 11
120 0.1 0.01171875 0.0 0.078125 0.0 0.0341796875 12
130 0.1 0.08984375 0.0 0.08984375 0.0 0.03245192307692308 13
140 0.1 0.078125 0.0 0.08984375 0.0 0.03655133928571429 14
150 0.1 0.05859375 0.0 0.08984375 0.0 0.039322916666666666 15
160 0.1 0.05078125 0.0 0.08984375 0.0 0.04052734375 16
170 0.1 0.05078125 0.0 0.08984375 0.0 0.04113051470588235 17
180 0.1 0.0390625 0.0 0.08984375 0.0 0.041666666666666664 18
190 0.1 0.03125 0.0 0.08984375 0.0 0.041529605263157895 19
200 0.1 0.03125 0.0 0.08984375 0.0 0.041015625 20
210 0.1 0.01953125 0.0 0.08984375 0.0 0.04055059523809524 21
220 0.1 0.01953125 0.0 0.08984375 0.0 0.039595170454545456 22
230 0.1 0.01953125 0.0 0.08984375 0.0 0.03872282608695652 23
240 0.1 0.01171875 0.0 0.08984375 0.0 0.037923177083333336 24
250 0.1 0.01171875 0.0 0.08984375 0.0 0.036875 25
260 0.1 0.01171875 0.0 0.08984375 0.0 0.03590745192307692 26
270 0.1 0.01171875 0.0 0.08984375 0.0 0.03501157407407407 27
280 0.1 0.01171875 0.0 0.08984375 0.0 0.03417968749999999 28
290 0.1 0.01171875 0.0 0.08984375 0.0 0.033405172413793094 29
300 0.1 0.01171875 0.0 0.08984375 0.0 0.03268229166666666 30
310 0.1 0.0 0.0 0.08984375 0.0 0.032006048387096774 31
320 0.1 0.16015625 0.0 0.16015625 0.0 0.031005859375 32
330 0.1 0.140625 0.0 0.16015625 0.0 0.034919507575757576 33
340 0.1 0.26171875 0.0 0.26171875 0.0 0.03802849264705882 34
350 0.1 0.21875 0.0 0.26171875 0.0 0.04441964285714286 35
360 0.1 0.19140625 0.0 0.26171875 0.0 0.049262152777777776 36
370 0.1 0.16015625 0.0 0.26171875 0.0 0.053103885135135136 37
380 0.1 0.140625 0.0 0.26171875 0.0 0.05592105263157895 38
390 0.1 0.109375 0.0 0.26171875 0.0 0.05809294871794872 39
400 0.1 0.1015625 0.0 0.26171875 0.0 0.059375 40
410 0.1 0.16015625 0.0 0.26171875 0.0 0.060403963414634144 41
420 0.1 0.140625 0.0 0.26171875 0.0 0.06277901785714286 42
430 0.1 0.12109375 0.0 0.26171875 0.0 0.06458938953488373 43
440 0.1 0.1015625 0.0 0.26171875 0.0 0.06587357954545456 44
450 0.1 0.16015625 0.0 0.26171875 0.0 0.06666666666666668 45
460 0.1 0.140625 0.0 0.26171875 0.0 0.06869904891304349 46
470 0.1 0.12109375 0.0 0.26171875 0.0 0.07022938829787236 47
480 0.1 0.1015625 0.0 0.26171875 0.0 0.07128906250000001 48
490 0.1 0.078125 0.0 0.26171875 0.0 0.07190688775510205 49
500 0.1 0.0703125 0.0 0.26171875 0.0 0.07203125 50
510 0.1 0.05859375 0.0 0.26171875 0.0 0.07199754901960785 51
520 0.1 0.05078125 0.0 0.26171875 0.0 0.07173978365384616 52
530 0.1 0.0390625 0.0 0.26171875 0.0 0.07134433962264151 53
540 0.1 0.0390625 0.0 0.26171875 0.0 0.07074652777777779 54
550 0.1 0.109375 0.0 0.26171875 0.0 0.07017045454545456 55
560 0.1 0.08984375 0.0 0.26171875 0.0 0.07087053571428573 56
570 0.1 0.078125 0.0 0.26171875 0.0 0.07120339912280703 57
580 0.1 0.05859375 0.0 0.26171875 0.0 0.07132273706896554 58
590 0.1 0.05078125 0.0 0.26171875 0.0 0.07110699152542374 59
600 0.1 0.05078125 0.0 0.26171875 0.0 0.07076822916666668 60
