30 0.4 4
40 0.5 9
50 1.1 20
60 1.1 31
70 0.8 39
80 0.7 46
90 0.9 55
100 0.8 63
110 0.8 71
120 0.6 77
130 0.8 85
140 1 95
150 1 105
160 1 115
170 1.1 126
180 2.1 147
190 2.7 174
200 2.8 202
210 4.1 243
220 3.3 276
230 5.5 331
240 5.1 382
250 4 422
260 5.7 479
270 7.1 550
280 6.9 619
290 6 679
300 6 739
310 7.4 813
320 7.9 892
330 10.1 993
340 12 1113
350 12.2 1235
360 10.9 1344
370 13.9 1483
380 14.9 1632
390 15.4 1786
400 17.8 1964
410 17.9 2143
420 18.8 2331
430 17.7 2508
440 16.6 2674
450 13.4 2808
460 11.8 2926
470 9.3 3019
480 9.8 3117
490 5.3 3170
500 6.2 3232
510 3.1 3263
520 3.1 3294
530 1.5 3309
540 0.8 3317
550 0.7 3324
560 0.1 3325
570 0.1 3326
580 0.1 3327
590 0 3327
600 0 3327
604 0 3327
