0 1.8 150.07491048177084 132.3084200559347 424.48291015625 5.950927734375 0 0
10 3.4 784.1200310202206 863.9176160554725 3214.22216796875 5.950927734375 150.07491048177084 18
20 10.5 1263.1721726190476 1380.2702576399752 7128.191162109375 5.950927734375 564.6428739107572 52
30 12.5 556.0980605468751 609.1027185908198 7128.191162109375 5.652099609375 1031.8121501169387 157
40 18.4 493.18926338527524 506.5267827428848 7128.191162109375 2.622802734375 820.9459756621233 282
50 21.1 549.7686900640552 602.9134751540092 7128.191162109375 0.890869140625 691.5313081536682 466
60 22 316.85719992897725 418.3624347035915 7128.191162109375 0.39208984375 647.3482765186485 677
70 21.5 539.8470521438953 534.0017833710468 7128.191162109375 0.39208984375 566.2913792502787 897
80 26.7 830.2542015961493 572.4390224778604 7128.191162109375 0.39208984375 561.1784922647819 1112
90 25.4 538.2036171259842 504.65004815837125 7128.191162109375 0.39208984375 613.2765447604129 1379
100 22.1 1842.244899559884 825.069158796433 7128.191162109375 0.39208984375 601.5995554039249 1633
110 20.4 2783.583237591912 1105.6172797895936 7128.191162109375 0.39208984375 749.4866217785026 1854
120 20.3 3799.6906774361146 1321.9235668201402 7650.325927734375 0.39208984375 951.1171901098609 2058
130 22.1 4322.777627660138 1666.4643829306556 9029.996826171875 0.39208984375 1206.8714660617536 2261
140 25.9 3682.0823413745775 2245.3591488518186 9293.682861328125 0.39208984375 1484.3151653821578 2482
150 27.3 3493.1790847498855 2895.4315027392768 10177.115966796875 0.39208984375 1691.9845191151153 2741
160 31.6 3120.669074336185 3267.883433337915 11210.72705078125 0.39208984375 1855.131870282432 3014
170 35.6 3023.6576448933447 3325.208174880305 12251.02490234375 0.39208984375 1975.224890246692 3330
180 46.6 2435.2816796036727 2959.7981573630536 12251.02490234375 0.39208984375 2076.4842664415396 3686
190 60 1830.3994978841154 2510.5712897986737 12251.02490234375 0.39208984375 2116.753918304149 4152
200 65.8 1666.7797020445478 2458.8513197651464 12251.02490234375 0.384033203125 2080.598057140003 4752
210 75.6 1370.1582505967885 2550.9810115342693 12251.02490234375 0.368896484375 2030.2667304019608 5410
220 73.4 1225.9534399879728 2422.6644813281864 12251.02490234375 0.368896484375 1949.3322492581542 6166
230 84.3 1351.7484419020639 2600.4368823118925 12251.02490234375 0.347900390625 1872.3815179531814 6900
240 82.6 1316.099174000736 2425.9918051432833 12251.02490234375 0.347900390625 1815.6988777476936 7743
250 94 928.6484756794382 2180.1420565199005 12251.02490234375 0.347900390625 1767.5404747490954 8569
260 87.3 1387.4989174474692 2663.2440918727107 12256.598876953125 0.347900390625 1684.6128820342485 9509
270 105.5 1081.0405217898403 2323.7877547536186 12256.598876953125 0.329833984375 1659.6292092270576 10382
280 102 989.249503102022 2191.223434391832 12256.598876953125 0.329833984375 1606.2576025779133 11437
290 99.4 1059.237661565091 2355.1193579051605 12256.598876953125 0.31298828125 1555.7359471660639 12457
300 108 992.5594378436066 2096.0936427543716 12256.598876953125 0.302001953125 1519.0457906061524 13451
310 130 834.6552918419468 1990.6380945992848 12256.598876953125 0.302001953125 1479.9152929815189 14531
320 136.6 797.0287304901968 2077.145311701352 12256.598876953125 0.302001953125 1426.9282421646756 15831
330 147.4 711.8750914285106 1896.5443457629958 12256.598876953125 0.302001953125 1376.8937749350812 17197
340 155 692.7278466796872 1994.1709748745163 12256.598876953125 0.302001953125 1324.3932372301545 18671
350 169.9 654.7944900665375 1778.4725929643735 12256.598876953125 0.302001953125 1275.9741998258114 20221
360 181.4 588.1349257834042 1603.3316091232884 12256.598876953125 0.302001953125 1227.827104621386 21920
370 204.4 459.7006519414673 1570.5115259254844 12256.598876953125 0.302001953125 1178.9351516251738 23734
380 223.7 518.936223418467 1889.5607098568557 12875.30908203125 0.302001953125 1121.9053076747705 25778
390 228.7 496.5280555688395 1574.1218239015207 12875.30908203125 0.302001953125 1073.7581778699748 28015
400 252.9 475.35676388271037 1517.346947814505 12875.30908203125 0.302001953125 1030.192562078849 30302
410 235.2 508.10730188071324 1434.4523006372826 12875.30908203125 0.2958984375 987.4530861677274 32831
420 240.6 702.8529439341097 1741.834801380508 12875.30908203125 0.2958984375 955.4085963674529 35183
430 196 536.2726941167073 1476.2387376164386 12875.30908203125 0.2958984375 939.2429920748507 37589
440 164 711.4410677281809 1758.4106402136822 12875.30908203125 0.2958984375 919.2722776699869 39549
450 129.3 864.9874455451231 1333.7928302586058 12875.30908203125 0.2958984375 910.9971754751155 41189
460 94.4 1133.247245142015 1169.25745672096 12875.30908203125 0.2958984375 909.596804004858 42482
470 75.3 1253.426059434137 536.4691548649535 12875.30908203125 0.2958984375 914.4585461969427 43426
480 75.3 462.6911313081007 419.2586844023496 12875.30908203125 0.2958984375 920.2360091876761 44179
490 57.5 93.55138714334241 116.45101998623404 12875.30908203125 0.2958984375 912.5681712760916 44932
500 58 105.16654936691815 128.18730158390443 12875.30908203125 0.2958984375 902.2195512643058 45507
510 40.3 41.988333955296206 70.73437356725742 12875.30908203125 0.2958984375 892.1887238921513 46087
520 41.7 31.374117112559933 49.606017593224074 12875.30908203125 0.2958984375 884.8187355689731 46490
530 26.2 20.54109576276241 25.585286592154535 12875.30908203125 0.2958984375 877.2316716788006 46907
540 19.1 18.534063369191756 26.727922001689524 12875.30908203125 0.2958984375 872.4731876980081 47169
550 11.6 15.341944201239224 20.024282527887788 12875.30908203125 0.2958984375 869.0293031383205 47360
560 7.9 17.035490011867097 24.24721511087439 12875.30908203125 0.2958984375 866.9434548436726 47476
570 3.3 12.416141394412879 12.882265376956099 12875.30908203125 0.2958984375 865.5315585294741 47555
580 0.8 10.150665283203125 5.195550342991764 12875.30908203125 0.2958984375 864.9399638256526 47588
590 0.9 12.49728732638889 5.808231247466407 12875.30908203125 0.2958984375 864.7962896852135 47596
600 0.7 8.378243582589286 4.511447799207731 12875.30908203125 0.2958984375 864.6351576398143 47605
604 0 0 0 12875.30908203125 0.2958984375 864.509269241965 47612
