10 0.1 114 0 114 114 0 0
20 0.1 231.0 0.0 231 114 114.0 1
30 0.1 538.0 0.0 538 114 172.5 2
40 0.1 728.0 0.0 728 114 294.3333333333333 3
50 0.1 864.0 0.0 864 114 402.75 4
60 0.1 1012.0 0.0 1012 114 495.0 5
70 0.1 907.0 0.0 1012 114 581.1666666666666 6
80 0.1 1101.0 0.0 1101 114 627.7142857142857 7
90 0.1 1204.0 0.0 1204 114 686.875 8
100 0.1 1092.0 0.0 1204 114 744.3333333333334 9
110 0.1 994.0 0.0 1204 114 779.1 10
120 0.1 1045.0 0.0 1204 114 798.6363636363636 11
130 0.1 1015.0 0.0 1204 114 819.1666666666666 12
140 0.1 1025.0 0.0 1204 114 834.2307692307693 13
150 0.1 1056.0 0.0 1204 114 847.8571428571429 14
160 0.1 1117.0 0.0 1204 114 861.7333333333333 15
170 0.1 1117.0 0.0 1204 114 877.6875 16
180 0.1 1199.0 0.0 1204 114 891.7647058823529 17
190 0.1 1506.0 0.0 1506 114 908.8333333333334 18
200 0.1 1791.0 0.0 1791 114 940.2631578947369 19
210 0.1 1759.0 0.0 1791 114 982.8 20
220 0.1 1962.0 0.0 1962 114 1019.7619047619048 21
230 0.1 1851.0 0.0 1962 114 1062.590909090909 22
240 0.1 1922.0 0.0 1962 114 1096.8695652173913 23
250 0.1 2204.0 0.0 2204 114 1131.25 24
260 0.1 2104.0 0.0 2204 114 1174.16 25
270 0.1 2296.0 0.0 2296 114 1209.9230769230771 26
280 0.1 2260.0 0.0 2296 114 1250.1481481481485 27
290 0.1 2325.0 0.0 2325 114 1286.214285714286 28
300 0.1 2318.0 0.0 2325 114 1322.034482758621 29
310 0.1 2584.0 0.0 2584 114 1355.2333333333336 30
320 0.1 2969.0 0.0 2969 114 1394.8709677419358 31
330 0.1 3208.0 0.0 3208 114 1444.0625000000002 32
340 0.1 3174.0 0.0 3208 114 1497.5151515151517 33
350 0.1 3319.0 0.0 3319 114 1546.8235294117649 34
360 0.1 3725.0 0.0 3725 114 1597.457142857143 35
370 0.1 4238.0 0.0 4238 114 1656.5555555555557 36
380 0.1 4272.0 0.0 4272 114 1726.3243243243244 37
390 0.1 4645.0 0.0 4645 114 1793.3157894736842 38
400 0.1 5363.0 0.0 5363 114 1866.4358974358975 39
410 0.1 5408.0 0.0 5408 114 1953.85 40
420 0.1 4886.0 0.0 5408 114 2038.0975609756097 41
430 0.1 4636.0 0.0 5408 114 2105.904761904762 42
440 0.1 3619.0 0.0 5408 114 2164.7441860465115 43
450 0.1 3086.0 0.0 5408 114 2197.7954545454545 44
460 0.1 2605.0 0.0 5408 114 2217.5333333333333 45
470 0.1 2746.0 0.0 5408 114 2225.9565217391305 46
480 0.1 2734.0 0.0 5408 114 2237.021276595745 47
490 0.1 2255.0 0.0 5408 114 2247.3750000000005 48
500 0.1 2178.0 0.0 5408 114 2247.5306122448987 49
510 0.1 1568.0 0.0 5408 114 2246.140000000001 50
520 0.1 1269.0 0.0 5408 114 2232.843137254903 51
530 0.1 876.0 0.0 5408 114 2214.3076923076933 52
540 0.1 714.0 0.0 5408 114 2189.056603773586 53
550 0.1 381.0 0.0 5408 114 2161.7407407407422 54
560 0.1 276.0 0.0 5408 114 2129.363636363638 55
570 0.1 125.0 0.0 5408 114 2096.2678571428587 56
580 0.1 35.0 0.0 5408 35 2061.684210526317 57
590 0.1 24.0 0.0 5408 24 2026.7413793103462 58
600 0.1 22.0 0.0 5408 22 1992.796610169493 59
