0 2.1 128.62459309895831 114.07280635769933 365.510986328125 5.950927734375 0 0
10 4.2 789.5880824497768 824.5970385374793 2578.973876953125 5.950927734375 128.62459309895831 21
20 12.8 992.8752155303941 1142.8164840616178 6617.482177734375 5.950927734375 569.2669193328373 63
30 16.2 437.18341893325623 441.87969502783767 6617.482177734375 5.652099609375 853.1510131196817 191
40 21.5 428.940728333939 397.22864051139567 6617.482177734375 2.622802734375 662.2537036063646 353
50 24.4 465.125364209785 454.02944516958775 6617.482177734375 0.890869140625 573.9398133183867 568
60 24.8 276.064723845451 336.2430960893881 6617.482177734375 0.39208984375 541.2418754089055 812
70 24.5 492.66128427933694 434.40846774444555 6617.482177734375 0.39208984375 479.2004286280218 1060
80 29.1 745.8402179311643 394.4167332706186 6617.482177734375 0.39208984375 481.72756244761734 1305
90 28.7 494.71580244855164 398.5290915850804 6617.482177734375 0.39208984375 529.8834413609708 1596
100 25 1675.2286445312502 476.2706537387119 6617.482177734375 0.39208984375 524.5233179579627 1883
110 23.6 2494.305346472787 506.54136549738394 6617.482177734375 0.39208984375 659.3926717523002 2133
120 23.5 3385.251112657911 438.1845452539924 6617.482177734375 0.39208984375 842.186842809301 2369
130 25.3 3814.6559344506545 781.3668189517994 6617.482177734375 0.39208984375 1071.6876505721364 2604
140 30.4 3152.54528487356 1522.4393177756199 6617.482177734375 0.39208984375 1314.589637208911 2857
150 31.8 2996.1746649592164 2192.3356815147226 6617.482177734375 0.39208984375 1491.3496868419554 3161
160 37.9 2681.971361467265 2529.743596897363 6617.482177734375 0.39208984375 1628.8990812200204 3479
170 41.2 2625.8406028377203 2531.4500130528977 6726.128173828125 0.39208984375 1732.3501942873368 3858
180 52.4 2067.623004476537 2217.586130106756 6726.128173828125 0.39208984375 1818.5605100537905 4270
190 68.1 1587.9968817398587 2047.659419587435 6726.128173828125 0.39208984375 1845.7838615509784 4794
200 75.3 1437.8613025113114 2049.8616954185813 6726.128173828125 0.384033203125 1813.7193988566637 5475
210 88.4 1205.923105921681 2108.9872982042243 6844.010009765625 0.368896484375 1768.2760548380302 6228
220 87.1 1068.7866073590874 1983.3242635900567 6844.010009765625 0.368896484375 1698.3772912213185 7112
230 97.9 1136.8800279502377 2063.2886630250064 6887.540771484375 0.347900390625 1629.684633618412 7983
240 95.9 1096.451002834984 1907.1615303640638 6887.540771484375 0.347900390625 1575.8511467907906 8962
250 109.3 871.4157151957769 1925.448630233653 6887.540771484375 0.347900390625 1529.5105825277508 9921
260 103.5 1114.1363413345423 2034.5657031479236 7446.208984375 0.347900390625 1464.2030021760306 11014
270 122.2 934.5770565351371 1912.7775314013786 7446.208984375 0.329833984375 1434.1325403973815 12049
280 118.3 867.2478797119344 1831.6496863769964 7446.208984375 0.329833984375 1388.1332335418572 13271
290 113 923.298247372787 1900.2555750694871 7446.208984375 0.31298828125 1345.5009259743467 14454
300 123.6 846.8994039887357 1699.197469220078 7446.208984375 0.302001953125 1314.886897045974 15584
310 148.5 730.0930241543033 1665.2566365099046 7446.208984375 0.302001953125 1280.4973285906383 16820
320 164.3 668.4056571082828 1722.2872135408932 7446.208984375 0.302001953125 1235.8455726721484 18305
330 179.1 591.277607247392 1565.6839231477304 7446.208984375 0.302001953125 1189.1088681768892 19948
340 182.4 604.285329986037 1709.116220243821 7446.208984375 0.302001953125 1139.8556463946209 21739
350 201.2 528.6569002731652 1394.6669299966372 7446.208984375 0.302001953125 1098.3974170889612 23563
360 212.2 511.1024939620647 1366.053680163682 7446.208984375 0.302001953125 1053.5756020417127 25575
370 243.3 398.296812384402 1356.0322664917805 7446.208984375 0.302001953125 1012.0141356249524 27697
380 269.1 433.22964288150894 1557.152778945897 7569.31103515625 0.302001953125 962.4564108508315 30130
390 267.5 412.6976588967584 1264.9916238101064 7569.31103515625 0.302001953125 919.0650080110203 32821
400 297.6 401.06706631568267 1313.23657108 7569.31103515625 0.302001953125 880.9048587299561 35496
410 274.1 455.53853663124727 1262.965778082496 7569.31103515625 0.2958984375 843.7870257546787 38472
420 280.8 584.7763873586638 1426.1901131090779 8164.912109375 0.2958984375 817.9653406386395 41213
430 227 467.86884421462 1258.9821074208846 8164.912109375 0.2958984375 803.0907448591212 44021
440 182.5 620.4279798533805 1452.4918101378748 8164.912109375 0.2958984375 786.6522640645171 46291
450 138.3 804.8985557749231 1188.411483153654 8164.912109375 0.2958984375 780.3475147361165 48116
460 97.7 1087.2422787091364 1031.5326136617182 8164.912109375 0.2958984375 781.033469801 49499
470 77.4 1211.2965356003726 406.76455665984736 8164.912109375 0.2958984375 786.960365876427 50476
480 76.2 449.64558182363464 367.20777146942515 8164.912109375 0.2958984375 793.3688770055262 51250
490 57.7 93.22690057341315 116.23545234018087 8164.912109375 0.2958984375 788.3331708044841 52012
500 58.3 104.62502680102916 126.29488101189618 8164.912109375 0.2958984375 780.7065508283802 52589
510 40.3 41.988333955296206 70.73437356725742 8164.912109375 0.2958984375 773.2937108278546 53172
520 41.7 31.374117112559933 49.606017593224074 8164.912109375 0.2958984375 767.7927109794246 53575
530 26.2 20.54109576276241 25.585286592154535 8164.912109375 0.2958984375 762.1050803370612 53992
540 19.1 18.534063369191756 26.727922001689524 8164.912109375 0.2958984375 758.5239662448566 54254
550 11.6 15.341944201239224 20.024282527887788 8164.912109375 0.2958984375 755.9279873404714 54445
560 7.9 17.035490011867097 24.24721511087439 8164.912109375 0.2958984375 754.3534564300381 54561
570 3.3 12.416141394412879 12.882265376956099 8164.912109375 0.2958984375 753.2874220349606 54640
580 0.8 10.150665283203125 5.195550342991764 8164.912109375 0.2958984375 752.8402405694999 54673
590 0.9 12.49728732638889 5.808231247466407 8164.912109375 0.2958984375 752.7315827797321 54681
600 0.7 8.378243582589286 4.511447799207731 8164.912109375 0.2958984375 752.6097669329762 54690
604 0 0 0 8164.912109375 0.2958984375 752.5145218434201 54697
