10 0.1 110 0 110 110 0 0
20 0.1 218.0 0.0 218 110 110.0 1
30 0.1 460.0 0.0 460 110 164.0 2
40 0.1 614.0 0.0 614 110 262.6666666666667 3
50 0.1 728.0 0.0 728 110 350.5 4
60 0.1 802.0 0.0 802 110 426.0 5
70 0.1 781.0 0.0 802 110 488.6666666666667 6
80 0.1 979.0 0.0 979 110 530.4285714285714 7
90 0.1 1065.0 0.0 1065 110 586.5 8
100 0.1 967.0 0.0 1065 110 639.6666666666666 9
110 0.1 907.0 0.0 1065 110 672.4 10
120 0.1 924.0 0.0 1065 110 693.7272727272727 11
130 0.1 918.0 0.0 1065 110 712.9166666666666 12
140 0.1 883.0 0.0 1065 110 728.6923076923077 13
150 0.1 991.0 0.0 1065 110 739.7142857142857 14
160 0.1 1094.0 0.0 1094 110 756.4666666666667 15
170 0.1 1109.0 0.0 1109 110 777.5625 16
180 0.1 1261.0 0.0 1261 110 797.0588235294117 17
190 0.1 1537.0 0.0 1537 110 822.8333333333334 18
200 0.1 1925.0 0.0 1925 110 860.421052631579 19
210 0.1 2004.0 0.0 2004 110 913.65 20
220 0.1 2287.0 0.0 2287 110 965.5714285714286 21
230 0.1 2294.0 0.0 2294 110 1025.6363636363637 22
240 0.1 2326.0 0.0 2326 110 1080.7826086956522 23
250 0.1 2588.0 0.0 2588 110 1132.6666666666667 24
260 0.1 2606.0 0.0 2606 110 1190.88 25
270 0.1 2830.0 0.0 2830 110 1245.3076923076924 26
280 0.1 2757.0 0.0 2830 110 1304.0 27
290 0.1 2885.0 0.0 2885 110 1355.892857142857 28
300 0.1 2856.0 0.0 2885 110 1408.6206896551723 29
310 0.1 3317.0 0.0 3317 110 1456.8666666666666 30
320 0.1 3733.0 0.0 3733 110 1516.8709677419354 31
330 0.1 4174.0 0.0 4174 110 1586.125 32
340 0.1 4226.0 0.0 4226 110 1664.5454545454545 33
350 0.1 4410.0 0.0 4410 110 1739.8823529411766 34
360 0.1 4828.0 0.0 4828 110 1816.1714285714286 35
370 0.1 5633.0 0.0 5633 110 1899.8333333333333 36
380 0.1 5988.0 0.0 5988 110 2000.7297297297298 37
390 0.1 6383.0 0.0 6383 110 2105.657894736842 38
400 0.1 6749.0 0.0 6749 110 2215.3333333333335 39
410 0.1 6965.0 0.0 6965 110 2328.675 40
420 0.1 6419.0 0.0 6965 110 2441.756097560976 41
430 0.1 5831.0 0.0 6965 110 2536.452380952381 42
440 0.1 4759.0 0.0 6965 110 2613.0697674418607 43
450 0.1 3709.0 0.0 6965 110 2661.8409090909095 44
460 0.1 2883.0 0.0 6965 110 2685.1111111111113 45
470 0.1 2782.0 0.0 6965 110 2689.413043478261 46
480 0.1 2683.0 0.0 6965 110 2691.3829787234044 47
490 0.1 2273.0 0.0 6965 110 2691.2083333333335 48
500 0.1 2151.0 0.0 6965 110 2682.673469387755 49
510 0.1 1603.0 0.0 6965 110 2672.04 50
520 0.1 1370.0 0.0 6965 110 2651.078431372549 51
530 0.1 971.0 0.0 6965 110 2626.4423076923076 52
540 0.1 790.0 0.0 6965 110 2595.2075471698113 53
550 0.1 437.0 0.0 6965 110 2561.777777777778 54
560 0.1 287.0 0.0 6965 110 2523.1454545454544 55
570 0.1 145.0 0.0 6965 110 2483.214285714286 56
580 0.1 49.0 0.0 6965 49 2442.1929824561403 57
590 0.1 30.0 0.0 6965 30 2400.9310344827586 58
600 0.1 30.0 0.0 6965 30 2360.7457627118642 59
