40 0.1 46731.949951171875 0 46731.949951171875 46731.949951171875 0 0
50 0 0 0 46731.949951171875 46731.949951171875 46731.949951171875 1
60 0.4 50486.87677001953 5388.407837849253 55417.93896484375 41587.676025390625 46731.949951171875 1
70 0.1 73380.0859375 0.0 73380.0859375 41587.676025390625 49735.89140625 5
80 0.4 70455.52569580078 7158.046630541526 78770.13500976563 41587.676025390625 53676.590494791664 6
90 0 0 0 78770.13500976563 41587.676025390625 60388.16457519531 10
100 0.1 62915.43798828125 0.0 78770.13500976563 41587.676025390625 60388.16457519531 10
110 0.1 97711.63012695313 0.0 97711.63012695313 41587.676025390625 60617.91670365767 11
120 0.6 115839.87150065105 5578.208439236728 123506.68383789063 41587.676025390625 63709.05948893229 12
130 0.1 88236.63989257813 0.0 123506.68383789063 41587.676025390625 81085.99682617188 18
140 0.6 98151.79435221355 18772.887820520697 129408.24584960938 41587.676025390625 81462.34646124589 19
150 0.4 98524.09826660156 31287.804102476857 149407.73095703125 41587.676025390625 85467.81395507812 25
160 0.5 113943.90024414062 27398.59861156451 154233.83813476563 41587.676025390625 87268.68075666757 29
170 0.3 97484.85668945313 27032.49754808228 154233.83813476563 41587.676025390625 91191.50715188419 34
180 0.9 93211.08029513889 28227.33075740513 154233.83813476563 41587.676025390625 91701.7787360114 37
190 1.7 108883.19561408547 34882.82823018225 168255.85180664063 41587.676025390625 91997.07686714504 46
200 1.1 92449.5371315696 22529.21452949116 168255.85180664063 41587.676025390625 96553.64859250993 63
210 2.1 92368.96387881324 40974.95193012327 193626.3779296875 34555.007080078125 95943.57796993772 74
220 2.3 115078.25752590013 54014.52225805304 201992.419921875 28205.9267578125 95153.40011821546 95
230 2.8 100822.73035539899 54991.899974722735 219121.40893554688 28205.9267578125 99037.05876547603 118
240 3.2 99833.19944763184 47086.26896422566 230964.43383789063 28205.9267578125 99379.51633066674 146
250 3.3 93860.78057676373 51034.217371264574 230964.43383789063 28205.9267578125 99461.07734045821 178
260 2.6 92688.76183143028 55867.52074406324 240151.0380859375 28205.9267578125 98585.20154329273 211
270 4.8 101976.69670613606 60397.81409863232 264003.61083984375 25916.957763671875 97938.33473945972 237
280 5.5 91695.36070667613 53448.50653499602 264003.61083984375 25916.957763671875 98618.47991279468 285
290 4 91475.01355590821 51532.01164989051 264003.61083984375 25916.957763671875 97498.56357062844 340
300 3.8 81802.4270469264 47283.727239779684 264003.61083984375 25916.957763671875 96864.5056743421 380
310 5.7 90959.3036552563 55509.98106046118 294784.56494140625 25916.957763671875 95495.22579912249 418
320 5.1 85321.09425742953 48930.13412572037 294784.56494140625 25916.957763671875 94950.91514185855 475
330 6 82765.7042195638 45334.34873874206 294784.56494140625 17194.884765625 94017.22528424281 526
340 7.1 81408.67049268264 43041.454584268125 294784.56494140625 17194.884765625 92865.19241072619 586
350 6.9 80105.4278971354 44327.07115686866 294784.56494140625 15778.94921875 91627.12078792392 657
360 7.1 65533.89148808869 31082.475801587705 294784.56494140625 15778.94921875 90532.08386028699 726
370 8.6 74097.96948809954 38012.57766657407 294784.56494140625 13686.710205078125 88305.14326000333 797
380 9.3 72974.00455466646 33535.98019504226 294784.56494140625 13686.710205078125 86921.43211121089 883
390 9.1 71065.99070655908 28418.91772016588 294784.56494140625 13686.710205078125 85592.42518215493 976
400 10.4 65078.31025108924 24228.708387114966 294784.56494140625 13686.710205078125 84353.52589698226 1067
410 13.2 65901.86809562916 32167.26415499736 294784.56494140625 13686.710205078125 82641.63654841448 1171
420 11.8 66224.82484151552 26355.920454167455 294784.56494140625 13686.710205078125 80945.81963685066 1303
430 13.1 66933.58339918297 26740.96747721326 294784.56494140625 13686.710205078125 79723.38657150966 1421
440 12.4 67074.1225054341 27540.913707596435 294784.56494140625 13686.710205078125 78643.83488621663 1552
450 10.4 73495.51963454027 30792.19495634166 294784.56494140625 13686.710205078125 77787.84184611101 1676
460 11.3 80237.2571297705 26295.643975978364 294784.56494140625 13686.710205078125 77537.05448094058 1780
470 9 79551.03266601564 21320.56080742547 294784.56494140625 13686.710205078125 77698.23931946028 1893
480 9.5 94150.53490182973 27521.74523076276 294784.56494140625 13686.710205078125 77782.32978904675 1983
490 5.2 95007.92627422627 18023.806077377616 294784.56494140625 13686.710205078125 78530.6356050787 2078
500 7.2 102608.98449367947 16975.810686853176 294784.56494140625 13686.710205078125 78932.89810028794 2130
510 3.5 112122.99026227678 16016.819129766933 294784.56494140625 13686.710205078125 79707.04806410456 2202
520 3.7 122261.62536291174 19093.56677256256 294784.56494140625 13686.710205078125 80214.22641767452 2237
530 2.3 129822.66762907608 21489.67630125345 294784.56494140625 13686.710205078125 80898.37494932527 2274
540 1.5 138970.75201822922 13811.794036394002 294784.56494140625 13686.710205078125 81388.25685251824 2297
550 1 145479.85844726564 17417.091661303704 294784.56494140625 13686.710205078125 81761.84570523696 2312
560 0.5 148947.6126953125 10256.980908236463 294784.56494140625 13686.710205078125 82036.25575149893 2322
570 0.6 168579.0223388672 17338.738488356164 294784.56494140625 13686.710205078125 82180.02746818095 2327
580 0.3 182462.73592122397 16951.402567849513 294784.56494140625 13686.710205078125 82402.22805507513 2333
590 0 0 0 294784.56494140625 13686.710205078125 82530.73041962927 2336
600 0.1 194088.1650390625 0.0 294784.56494140625 13686.710205078125 82530.73041962927 2336
604 0 0 0 294784.56494140625 13686.710205078125 82578.4657361117 2337
