0 7.7546875 7.7546875
10 21.25625 29.0109375
20 51.334375 80.3453125
30 81.23359375 161.57890625
40 93.3859375 254.96484375
50 106.42421875 361.3890625
60 104.2140625 465.603125
70 120.228125 585.83125
80 122.028125 707.859375
90 129.2625 837.121875
100 124.21328125 961.33515625
110 112.0484375 1073.38359375
120 105.075 1178.45859375
130 111.94921875 1290.4078125
140 129.79140625 1420.19921875
150 144.0328125 1564.23203125
160 162.1125 1726.34453125
170 168.525 1894.86953125
180 206.484375 2101.35390625
190 265.89453125 2367.2484375
200 293.5359375 2660.784375
210 331.61015625 2992.39453125
220 330.15546875 3322.55
230 369.7609375 3692.3109375
240 349.01171875 4041.32265625
250 378.71875 4420.04140625
260 360.40546875 4780.446875
270 426.05546875 5206.50234375
280 411.57109375 5618.0734375
290 382.1875 6000.2609375
300 427.95078125 6428.21171875
310 483.70859375 6911.9203125
320 531.82890625 7443.74921875
330 569.69609375 8013.4453125
340 577.4703125 8590.915625
350 607.20234375 9198.11796875
360 652.83515625 9850.953125
370 722.0734375 10573.0265625
380 778.98203125 11352.00859375
390 763.99921875 12116.0078125
400 827.4421875 12943.45
410 778.8578125 13722.3078125
420 777.253125 14499.5609375
430 673.990625 15173.5515625
440 562.7859375 15736.3375
450 427.0390625 16163.3765625
460 293.7203125 16457.096875
470 230.7265625 16687.8234375
480 226.2546875 16914.078125
490 215.64609375 17129.72421875
500 214.8796875 17344.60390625
510 169.56171875 17514.165625
520 174.99375 17689.159375
530 113.7640625 17802.9234375
540 84.48203125 17887.40546875
550 51.53671875 17938.9421875
560 35.42890625 17974.37109375
570 14.82109375 17989.1921875
580 3.55625 17992.7484375
590 4.03125 17996.7796875
600 3.13671875 17999.91640625
604 0 17999.91640625
