0 64.83046875 64.83046875
10 144.7734375 209.60390625
20 398.89453125 608.4984375
30 537.78046875 1146.27890625
40 669.0859375 1815.36484375
50 798.25390625 2613.61875
60 815.28671875 3428.90546875
70 837.603125 4266.50859375
80 962.79375 5229.30234375
90 892.884375 6122.18671875
100 838.128125 6960.31484375
110 739.940625 7700.25546875
120 800.26328125 8500.51875
130 757.69765625 9258.21640625
140 916.05234375 10174.26875
150 719.6453125 10893.9140625
160 779.590625 11673.5046875
170 744.57421875 12418.07890625
180 842.684375 13260.76328125
190 904.05703125 14164.8203125
200 929.153125 15093.9734375
210 938.80234375 16032.77578125
220 776.48203125 16809.2578125
230 955.07421875 17764.33203125
240 1030.125 18794.45703125
250 939.07421875 19733.53125
260 976.3578125 20709.8890625
270 1030.47109375 21740.36015625
280 961.14375 22701.50390625
290 906.234375 23607.73828125
300 1037.678125 24645.41640625
310 1170.6875 25816.10390625
320 1122.478125 26938.58203125
330 1194.04609375 28132.628125
340 1142.39609375 29275.02421875
350 1314.4625 30589.48671875
360 1318.0078125 31907.49453125
370 1318.603125 33226.09765625
380 1415.53828125 34641.6359375
390 1551.70078125 36193.33671875
400 1625.36484375 37818.7015625
410 1535.34609375 39354.04765625
420 1664.33125 41018.37890625
430 1442.55859375 42460.9375
440 1293.54375 43754.48125
450 1423.15390625 45177.63515625
460 1488.25546875 46665.890625
470 1983.96875 48649.859375
480 2018.321875 50668.18125
490 1657.6203125 52325.8015625
500 1832.9984375 54158.8
510 1113.10390625 55271.90390625
520 966.4296875 56238.33359375
530 639.78828125 56878.121875
540 306.47734375 57184.59921875
550 272.2171875 57456.81640625
560 276.4828125 57733.29921875
570 71.7765625 57805.07578125
580 5.9796875 57811.05546875
590 4.1671875 57815.22265625
600 2.10078125 57817.3234375
604 0 57817.3234375
