0 9 9
10 24 24
20 36 36
30 47 47
40 58 58
50 59 59
60 70 70
70 80 81
80 85 85
90 102 102
100 115 115
110 135 135
120 142 145
130 153 153
140 165 169
150 183 185
160 193 194
170 217 217
180 248 248
190 271 272
200 305 305
210 324 324
220 325 325
230 341 342
240 361 361
250 381 383
260 403 404
270 402 416
280 405 416
290 425 427
300 468 468
310 520 521
320 573 573
330 595 596
340 605 605
350 637 645
360 739 739
370 810 810
380 851 854
390 902 904
400 948 948
410 983 983
420 916 1010
430 785 1010
440 661 1010
450 557 1010
460 444 1010
470 354 1010
480 259 1010
490 207 1010
500 135 1010
510 100 1010
520 63 1010
530 40 1010
540 25 1010
550 15 1010
560 10 1010
570 4 1010
580 1 1010
590 1 1010
600 0 1010
604 0 1010
