0 0.9 9
10 1.5 24
20 1.2 36
30 1.1 47
40 1.2 59
50 0.1 60
60 1.5 75
70 1.1 86
80 0.9 95
90 1.7 112
100 1.4 126
110 2.1 147
120 1.3 160
130 1.2 172
140 1.8 190
150 2.2 212
160 1.5 227
170 2.7 254
180 4 294
190 4 334
200 4.5 379
210 4 419
220 2.4 443
230 4.4 487
240 5.2 539
250 5.3 592
260 4.8 640
270 4.7 687
280 5.8 745
290 6 805
300 8.1 886
310 10.9 995
320 10.4 1099
330 8.2 1181
340 8.1 1262
350 10.1 1363
360 17.3 1536
370 15.7 1693
380 13.4 1827
390 14.2 1969
400 15 2119
410 16.7 2286
420 5.1 2337
430 0 2337
440 0 2337
450 0 2337
460 0 2337
470 0 2337
480 0 2337
490 0 2337
500 0 2337
510 0 2337
520 0 2337
530 0 2337
540 0 2337
550 0 2337
560 0 2337
570 0 2337
580 0 2337
590 0 2337
600 0 2337
604 0 2337
