0 3.7 37
10 15.3 190
20 21 400
30 24.1 641
40 27.8 919
50 24.2 1161
60 15.6 1317
70 17.8 1495
80 30.5 1800
90 31 2110
100 29.4 2404
110 23.8 2642
120 24.6 2888
130 28 3168
140 31.8 3486
150 31.1 3797
160 33.9 4136
170 31.7 4453
180 31.1 4764
190 25.3 5017
200 23.9 5256
210 30.2 5558
220 36 5918
230 36.6 6284
240 45.4 6738
250 34.2 7080
260 31.5 7395
270 30.4 7699
280 40.1 8100
290 38.4 8484
300 35.3 8837
310 29 9127
320 34.7 9474
330 28.7 9761
340 37.5 10136
350 39.1 10527
360 40.5 10932
370 25 11182
380 30 11482
390 30.8 11790
400 28.1 12071
410 31.5 12386
420 39.1 12777
430 57.9 13356
440 59.5 13951
450 37.7 14328
457 3 14358
