0 0.8 8
10 1.2 20
20 0.8 28
30 1.9 47
40 1.3 60
50 0 60
60 1.2 72
70 1.4 86
80 1.7 103
90 1.2 115
100 1.3 128
110 0.8 136
120 1.8 154
130 1.9 173
140 2.1 194
150 2 214
160 1.8 232
170 2 252
180 2.1 273
190 2.9 302
200 3.2 334
210 2.4 358
220 1.7 375
230 1.4 389
240 0.8 397
250 2.7 424
260 2.8 452
270 2.7 479
280 1.5 494
290 1.4 508
300 1.7 525
310 2.9 554
320 1.9 573
330 2.6 599
340 1.4 613
350 2.1 634
360 1.6 650
370 3.6 686
380 2.4 710
390 2.1 731
400 2.9 760
410 2.5 785
420 1.9 804
430 0 804
440 0 804
450 0 804
457 0 804
