0 0.8 19.181488037109375 35.601855836818274 113.0849609375 0.785888671875 0 0
10 1.2 1.4211018880208333 2.3478082169362358 113.0849609375 0.630126953125 19.181488037109375 8
20 0.9 1.9982096354166667 1.8310741680097997 113.0849609375 0.630126953125 8.52525634765625 20
30 1.9 2.8116519325657894 2.853258890872486 113.0849609375 0.6240234375 6.499621161099138 29
40 1.2 3.0010986328125 3.4941096872204267 113.0849609375 0.5322265625 5.0398000081380205 48
50 0 0 0 113.0849609375 0.5322265625 4.632059733072917 60
60 1.2 2.6252644856770835 3.06235574275217 113.0849609375 0.5322265625 4.632059733072917 60
70 1.5 0.9766764322916666 0.9278294130780065 113.0849609375 0.5322265625 4.297593858506945 72
80 1.6 2.37939453125 2.8995467708406797 113.0849609375 0.5322265625 3.7250218884698274 87
90 1.3 2.189509465144231 2.2474272318874435 113.0849609375 0.5322265625 3.515992396086165 103
100 1.3 0.9821026141826923 0.9046002881000864 113.0849609375 0.5322265625 3.367334826239224 116
110 0.8 3.2587890625 3.1432720577513087 113.0849609375 0.5322265625 3.1269625878149223 129
120 1.8 2.226847330729167 2.7051995820506285 113.0849609375 0.5322265625 3.134660484146898 137
130 2.2 2.478315873579546 2.7607248600681698 113.0849609375 0.5322265625 3.029237021169355 155
140 2 2.13790283203125 2.5862036510716755 113.0849609375 0.505126953125 2.960760946327684 177
150 2.1 2.0357724144345237 2.526635192993506 113.0849609375 0.505126953125 2.877222051475254 197
160 1.9 3.802027652138158 3.2338748391864214 113.0849609375 0.505126953125 2.796164976347477 218
170 2.4 3.3736572265625 3.1141360859104807 113.0849609375 0.50390625 2.8768037562631856 237
180 2.8 3.5139247349330356 3.278946747062576 113.0849609375 0.50390625 2.9224914316930075 261
190 4.7 3.257313829787234 3.530629786427905 113.0849609375 0.50390625 2.979792928200692 289
200 4.1 3.3829792301829267 3.076551503687024 113.0849609375 0.50390625 3.018612816220238 336
210 4.9 2.970264668367347 3.507216724454851 113.0849609375 0.476806640625 3.0582388718501328 377
220 4.1 3.138713557545732 3.301344914217189 113.0849609375 0.476806640625 3.048119773327465 426
230 3.4 3.5225901884191178 3.559041523608488 113.0849609375 0.476806640625 3.0560734032053 467
240 4.5 3.306537543402778 3.252545442598837 113.0849609375 0.476806640625 3.087733224956337 501
250 7.3 3.1166022313784256 3.0288930398864107 113.0849609375 0.47607421875 3.10576654790522 546
260 6.7 3.495681990438432 3.451701637068627 113.0849609375 0.47607421875 3.107044423339055 619
270 5.7 3.175344366776316 3.205114140785095 113.0849609375 0.47607421875 3.145001736743805 686
280 6 3.448392740885417 3.624809998183852 113.0849609375 0.47607421875 3.1473295024394345 743
290 5.6 2.7851736886160707 3.0523390018765375 113.0849609375 0.47607421875 3.1698248876284247 803
300 9.5 2.8085295024671053 3.180973546412983 113.0849609375 0.47607421875 3.1447486744215656 859
310 9.6 3.3652420043945313 3.4755294081810764 113.0849609375 0.47607421875 3.111267729625262 954
320 10.5 3.918924386160713 4.158724239956266 113.0849609375 0.47607421875 3.1344882347470238 1050
330 11.4 2.9935645387883767 3.3922269820899533 113.0849609375 0.47607421875 3.2058006121482685 1155
340 9.1 3.880464993990386 3.7568788381072578 113.0849609375 0.47607421875 3.1867344873547085 1269
350 10.1 3.38245958384901 3.2076708738768263 113.0849609375 0.47607421875 3.233153219784007 1360
360 12 3.6965352376302083 3.8284253048688717 113.0849609375 0.47607421875 3.243474878080082 1461
370 16.9 2.972647582285504 3.3880424672960596 113.0849609375 0.47607421875 3.2778627611578908 1581
380 15.5 2.6795189642137096 3.223546098070048 113.0849609375 0.47607421875 3.2483876953125 1750
390 15.3 3.3414362489787583 3.558169330180081 113.0849609375 0.464111328125 3.202101788057743 1905
400 16.2 2.9748354311342604 3.191133683645674 113.0849609375 0.464111328125 3.212460472470238 2058
410 16.3 3.299906537576687 3.6119701292570716 113.0849609375 0.464111328125 3.1951202667511263 2220
420 2.7 2.5933521412037037 3.192680144517033 113.0849609375 0.464111328125 3.2022877707983635 2383
430 0 0 0 113.0849609375 0.464111328125 3.1954656703838173 2410
440 0 0 0 113.0849609375 0.464111328125 3.1954656703838173 2410
450 0 0 0 113.0849609375 0.464111328125 3.1954656703838173 2410
457 0 0 0 113.0849609375 0.464111328125 3.1954656703838173 2410
