0 0.1 4.123307442489628 0 4.123307442489628 4.123307442489628 0 0
10 0.1 2.5540275049115913 0.0 4.123307442489628 2.5540275049115913 4.123307442489628 1
20 0.1 3.057199211045365 0.0 4.123307442489628 2.5540275049115913 3.3386674737006095 2
30 0.1 4.284323271665044 0.0 4.284323271665044 2.5540275049115913 3.2448447194821948 3
40 0.1 4.6078431372549025 0.0 4.6078431372549025 2.5540275049115913 3.5047143575279067 4
50 0.1 4.035433070866142 0.0 4.6078431372549025 2.5540275049115913 3.725340113473306 5
60 0.1 4.007820136852395 0.0 4.6078431372549025 2.5540275049115913 3.7770222730387784 6
70 0.1 2.7586206896551726 0.0 4.6078431372549025 2.5540275049115913 3.8099933964407238 7
80 0.1 3.6274509803921573 0.0 4.6078431372549025 2.5540275049115913 3.6785718080925296 8
90 0.1 5.0 0.0 5.0 2.5540275049115913 3.672891716125821 9
100 0.1 4.52755905511811 0.0 5.0 2.5540275049115913 3.8056025445132393 10
110 0.1 4.2281219272369714 0.0 5.0 2.5540275049115913 3.8712349545682274 11
120 0.1 3.631010794896958 0.0 5.0 2.5540275049115913 3.900975535623956 12
130 0.1 4.027504911591356 0.0 5.0 2.5540275049115913 3.8802090171064947 13
140 0.1 4.416094210009813 0.0 5.0 2.5540275049115913 3.890730152426842 14
150 0.1 4.630541871921182 0.0 5.0 2.5540275049115913 3.925754422932373 15
160 0.1 5.0 0.0 5.0 2.5540275049115913 3.9698036384941737 16
170 0.1 5.0 0.0 5.0 2.5540275049115913 4.030403424465105 17
180 0.1 4.887585532746823 0.0 5.0 2.5540275049115913 4.08426990088371 18
190 0.1 4.729064039408867 0.0 5.0 2.5540275049115913 4.126549670981769 19
200 0.1 5.299313052011776 0.0 5.299313052011776 2.5540275049115913 4.156675389403124 20
210 0.1 6.8493150684931505 0.0 6.8493150684931505 2.5540275049115913 4.211086706670202 21
220 0.1 10.154738878143133 0.0 10.154738878143133 2.5540275049115913 4.331006177662155 22
230 0.1 12.03079884504331 0.0 12.03079884504331 2.5540275049115913 4.584211947248284 23
240 0.1 10.603112840466926 0.0 12.03079884504331 2.5540275049115913 4.894486401323077 24
250 0.1 11.165048543689322 0.0 12.03079884504331 2.5540275049115913 5.122831458888831 25
260 0.1 11.900191938579654 0.0 12.03079884504331 2.5540275049115913 5.355224423688849 26
270 0.1 12.993262752646775 0.0 12.993262752646775 2.5540275049115913 5.597630627944064 27
280 0.1 14.299332697807435 0.0 14.299332697807435 2.5540275049115913 5.861760346683448 28
290 0.1 14.217098943323728 0.0 14.299332697807435 2.5540275049115913 6.152711117411862 29
300 0.1 13.763233878729547 0.0 14.299332697807435 2.5540275049115913 6.421524044942257 30
310 0.1 16.22390891840607 0.0 16.22390891840607 2.5540275049115913 6.658353394419266 31
320 0.1 18.0188679245283 0.0 18.0188679245283 2.5540275049115913 6.957277004543854 32
330 0.1 21.624173748819643 0.0 21.624173748819643 2.5540275049115913 7.2924767293918675 33
340 0.1 23.062558356676004 0.0 23.062558356676004 2.5540275049115913 7.713997229963272 34
350 0.1 20.400381315538606 0.0 23.062558356676004 2.5540275049115913 8.152527547869349 35
360 0.1 19.769673704414586 0.0 23.062558356676004 2.5540275049115913 8.492745708082383 36
370 0.1 23.374175306314797 0.0 23.374175306314797 2.5540275049115913 8.79752754582109 37
380 0.1 27.37430167597765 0.0 27.37430167597765 2.5540275049115913 9.181123539518293 38
390 0.1 28.517110266159694 0.0 28.517110266159694 2.5540275049115913 9.647615286606996 39
400 0.1 29.577464788732392 0.0 29.577464788732392 2.5540275049115913 10.119352661095814 40
410 0.1 29.924953095684803 0.0 29.924953095684803 2.5540275049115913 10.593940761769877 41
420 0.1 27.178030303030305 0.0 29.924953095684803 2.5540275049115913 11.054202960196424 42
430 0.1 18.779790276453763 0.0 29.924953095684803 2.5540275049115913 11.429175689099537 43
440 0.1 10.758885686839577 0.0 29.924953095684803 2.5540275049115913 11.596235111539405 44
450 0.1 7.371483996120272 0.0 29.924953095684803 2.5540275049115913 11.577627346546077 45
457 0.1 2.2549019607843137 0.0 29.924953095684803 2.2549019607843137 11.486189447623776 46
