0 0 0
10 0 0
20 0.6 6
30 1.4 20
40 0.9 29
50 1.6 45
60 1.3 58
70 0.3 61
80 0.8 69
90 1.9 88
100 1.3 101
110 1.2 113
120 1.4 127
130 0.7 134
140 1.2 146
150 1 156
160 0.7 163
170 1.5 178
180 0.8 186
190 0.9 195
200 2 215
210 1.6 231
220 1.8 249
230 5 299
240 5 349
250 7.3 422
260 4.4 466
270 4.1 507
280 5.5 562
290 6.9 631
300 7.1 702
310 7 772
320 7.6 848
330 9.3 941
340 9.3 1034
350 11.6 1150
360 11.1 1261
370 10.9 1370
380 11.6 1486
390 14.6 1632
400 15.7 1789
410 16.2 1951
420 14.8 2099
430 11.2 2211
440 9.5 2306
450 9.3 2399
457 1.1 2410
