0 0.1 3161.89453125 0 3161.89453125 3161.89453125 0 0
10 0.1 3158.64453125 0.0 3161.89453125 3158.64453125 3161.89453125 1
20 0.1 3153.9609375 0.0 3161.89453125 3153.9609375 3160.26953125 2
30 0.1 3151.390625 0.0 3161.89453125 3151.390625 3158.1666666666665 3
40 0.1 3150.984375 0.0 3161.89453125 3150.984375 3156.47265625 4
50 0.1 3152.5546875 0.0 3161.89453125 3150.984375 3155.375 5
60 0.1 3152.62890625 0.0 3161.89453125 3150.984375 3154.9049479166665 6
70 0.1 3152.70703125 0.0 3161.89453125 3150.984375 3154.5797991071427 7
80 0.1 3152.32421875 0.0 3161.89453125 3150.984375 3154.345703125 8
90 0.1 3150.39453125 0.0 3161.89453125 3150.39453125 3154.12109375 9
100 0.1 3150.0390625 0.0 3161.89453125 3150.0390625 3153.7484375 10
110 0.1 3152.5625 0.0 3161.89453125 3150.0390625 3153.411221590909 11
120 0.1 3152.6328125 0.0 3161.89453125 3150.0390625 3153.3404947916665 12
130 0.1 3152.640625 0.0 3161.89453125 3150.0390625 3153.2860576923076 13
140 0.1 3151.52734375 0.0 3161.89453125 3150.0390625 3153.2399553571427 14
150 0.1 3148.49609375 0.0 3161.89453125 3148.49609375 3153.12578125 15
160 0.1 3146.1015625 0.0 3161.89453125 3146.1015625 3152.83642578125 16
170 0.1 3144.17578125 0.0 3161.89453125 3144.17578125 3152.440257352941 17
180 0.1 3143.5859375 0.0 3161.89453125 3143.5859375 3151.9811197916665 18
190 0.1 3138.75 0.0 3161.89453125 3138.75 3151.5392680921054 19
200 0.1 3137.3515625 0.0 3161.89453125 3137.3515625 3150.8998046875 20
210 0.1 3136.96484375 0.0 3161.89453125 3136.96484375 3150.2546502976193 21
220 0.1 3135.80078125 0.0 3161.89453125 3135.80078125 3149.650568181818 22
230 0.1 3132.5234375 0.0 3161.89453125 3132.5234375 3149.0484035326085 23
240 0.1 3130.69140625 0.0 3161.89453125 3130.69140625 3148.35986328125 24
250 0.1 3130.58203125 0.0 3161.89453125 3130.58203125 3147.653125 25
260 0.1 3130.44921875 0.0 3161.89453125 3130.44921875 3146.996544471154 26
270 0.1 3130.16796875 0.0 3161.89453125 3130.16796875 3146.3836805555557 27
280 0.1 3129.92578125 0.0 3161.89453125 3129.92578125 3145.8045479910716 28
290 0.1 3129.3125 0.0 3161.89453125 3129.3125 3145.2570043103447 29
300 0.1 3128.09375 0.0 3161.89453125 3128.09375 3144.725520833333 30
310 0.1 3127.609375 0.0 3161.89453125 3127.609375 3144.189012096774 31
320 0.1 3127.48046875 0.0 3161.89453125 3127.48046875 3143.6708984375 32
330 0.1 3125.30078125 0.0 3161.89453125 3125.30078125 3143.1802793560605 33
340 0.1 3121.734375 0.0 3161.89453125 3121.734375 3142.654411764706 34
350 0.1 3121.10546875 0.0 3161.89453125 3121.10546875 3142.0566964285713 35
360 0.1 3120.97265625 0.0 3161.89453125 3120.97265625 3141.4747178819443 36
370 0.1 3120.0625 0.0 3161.89453125 3120.0625 3140.920608108108 37
380 0.1 3117.67578125 0.0 3161.89453125 3117.67578125 3140.3717105263154 38
390 0.1 3114.421875 0.0 3161.89453125 3114.421875 3139.7897636217945 39
400 0.1 3112.80859375 0.0 3161.89453125 3112.80859375 3139.15556640625 40
410 0.1 3111.76953125 0.0 3161.89453125 3111.76953125 3138.512957317073 41
420 0.1 3111.390625 0.0 3161.89453125 3111.390625 3137.8762090773807 42
430 0.1 3111.27734375 0.0 3161.89453125 3111.27734375 3137.260265261628 43
440 0.1 3111.0390625 0.0 3161.89453125 3111.0390625 3136.669744318182 44
450 0.1 3111.4609375 0.0 3161.89453125 3111.0390625 3136.100173611111 45
457 0.1 3116.4140625 0.0 3161.89453125 3111.0390625 3135.5645380434785 46
