0 0.1 0.3984375 0 0.3984375 0.3984375 0 0
10 0.1 0.33984375 0.0 0.3984375 0.33984375 0.3984375 1
20 0.1 0.2890625 0.0 0.3984375 0.2890625 0.369140625 2
30 0.1 0.23828125 0.0 0.3984375 0.23828125 0.3424479166666667 3
40 0.1 0.2890625 0.0 0.3984375 0.23828125 0.31640625 4
50 0.1 0.23828125 0.0 0.3984375 0.23828125 0.3109375 5
60 0.1 0.2890625 0.0 0.3984375 0.23828125 0.298828125 6
70 0.1 0.23828125 0.0 0.3984375 0.23828125 0.2974330357142857 7
80 0.1 0.28125 0.0 0.3984375 0.23828125 0.2900390625 8
90 0.1 0.23046875 0.0 0.3984375 0.23046875 0.2890625 9
100 0.1 0.19921875 0.0 0.3984375 0.19921875 0.283203125 10
110 0.1 0.171875 0.0 0.3984375 0.171875 0.2755681818181818 11
120 0.1 0.140625 0.0 0.3984375 0.140625 0.2669270833333333 12
130 0.1 0.19921875 0.0 0.3984375 0.140625 0.25721153846153844 13
140 0.1 0.25 0.0 0.3984375 0.140625 0.2530691964285714 14
150 0.1 0.2109375 0.0 0.3984375 0.140625 0.2528645833333333 15
160 0.1 0.1796875 0.0 0.3984375 0.140625 0.25024414062499994 16
170 0.1 0.1484375 0.0 0.3984375 0.140625 0.24609374999999994 17
180 0.1 0.12890625 0.0 0.3984375 0.12890625 0.24066840277777773 18
190 0.1 0.109375 0.0 0.3984375 0.109375 0.23478618421052627 19
200 0.1 0.08984375 0.0 0.3984375 0.08984375 0.22851562499999994 20
210 0.1 0.078125 0.0 0.3984375 0.078125 0.22191220238095233 21
220 0.1 0.140625 0.0 0.3984375 0.078125 0.21537642045454541 22
230 0.1 0.12109375 0.0 0.3984375 0.078125 0.21212635869565213 23
240 0.1 0.1015625 0.0 0.3984375 0.078125 0.2083333333333333 24
250 0.1 0.16015625 0.0 0.3984375 0.078125 0.20406249999999995 25
260 0.1 0.12890625 0.0 0.3984375 0.078125 0.20237379807692304 26
270 0.1 0.109375 0.0 0.3984375 0.078125 0.19965277777777773 27
280 0.1 0.1015625 0.0 0.3984375 0.078125 0.1964285714285714 28
290 0.1 0.078125 0.0 0.3984375 0.078125 0.19315732758620688 29
300 0.1 0.0703125 0.0 0.3984375 0.0703125 0.18932291666666665 30
310 0.1 0.05859375 0.0 0.3984375 0.05859375 0.1854838709677419 31
320 0.1 0.05078125 0.0 0.3984375 0.05078125 0.18151855468749997 32
330 0.1 0.0390625 0.0 0.3984375 0.0390625 0.17755681818181815 33
340 0.1 0.0390625 0.0 0.3984375 0.0390625 0.17348345588235292 34
350 0.1 0.03125 0.0 0.3984375 0.03125 0.16964285714285712 35
360 0.1 0.109375 0.0 0.3984375 0.03125 0.16579861111111108 36
370 0.1 0.171875 0.0 0.3984375 0.03125 0.16427364864864863 37
380 0.1 0.30078125 0.0 0.3984375 0.03125 0.1644736842105263 38
390 0.1 0.6015625 0.0 0.6015625 0.03125 0.16796874999999997 39
400 0.1 0.66015625 0.0 0.66015625 0.03125 0.17880859374999997 40
410 0.1 0.7109375 0.0 0.7109375 0.03125 0.19054878048780483 41
420 0.1 0.6796875 0.0 0.7109375 0.03125 0.20293898809523805 42
430 0.1 0.6484375 0.0 0.7109375 0.03125 0.21402616279069764 43
440 0.1 0.55078125 0.0 0.7109375 0.03125 0.22389914772727268 44
450 0.1 0.46875 0.0 0.7109375 0.03125 0.23116319444444441 45
457 0.1 0.3984375 0.0 0.7109375 0.03125 0.23632812499999997 46
