10 0.1 358 0 358 358 0 0
20 0.1 1140.0 0.0 1140 358 358.0 1
30 0.1 1493.0 0.0 1493 358 749.0 2
40 0.1 1874.0 0.0 1874 358 997.0 3
50 0.1 1907.0 0.0 1907 358 1216.25 4
60 0.1 1492.0 0.0 1907 358 1354.4 5
70 0.1 1104.0 0.0 1907 358 1377.3333333333333 6
80 0.1 1452.0 0.0 1907 358 1338.2857142857142 7
90 0.1 2304.0 0.0 2304 358 1352.5 8
100 0.1 2187.0 0.0 2304 358 1458.2222222222222 9
110 0.1 2095.0 0.0 2304 358 1531.1 10
120 0.1 1561.0 0.0 2304 358 1582.3636363636363 11
130 0.1 1936.0 0.0 2304 358 1580.5833333333333 12
140 0.1 2066.0 0.0 2304 358 1607.923076923077 13
150 0.1 2446.0 0.0 2446 358 1640.642857142857 14
160 0.1 2369.0 0.0 2446 358 1694.3333333333333 15
170 0.1 2505.0 0.0 2505 358 1736.5 16
180 0.1 2240.0 0.0 2505 358 1781.7058823529412 17
190 0.1 2293.0 0.0 2505 358 1807.1666666666667 18
200 0.1 2220.0 0.0 2505 358 1832.7368421052631 19
210 0.1 2610.0 0.0 2610 358 1852.1 20
220 0.1 3256.0 0.0 3256 358 1888.1904761904761 21
230 0.1 4053.0 0.0 4053 358 1950.3636363636363 22
240 0.1 3931.0 0.0 4053 358 2041.7826086956522 23
250 0.1 4240.0 0.0 4240 358 2120.5 24
260 0.1 3672.0 0.0 4240 358 2205.28 25
270 0.1 3776.0 0.0 4240 358 2261.692307692308 26
280 0.1 4271.0 0.0 4271 358 2317.777777777778 27
290 0.1 4293.0 0.0 4293 358 2387.535714285714 28
300 0.1 4495.0 0.0 4495 358 2453.2413793103447 29
310 0.1 4294.0 0.0 4495 358 2521.3 30
320 0.1 4804.0 0.0 4804 358 2578.483870967742 31
330 0.1 5.5e3 0.0 5500 358 2648.03125 32
340 0.1 5720.0 0.0 5720 358 2734.4545454545455 33
350 0.1 5560.0 0.0 5720 358 2822.264705882353 34
360 0.1 5862.0 0.0 5862 358 2900.4857142857145 35
370 0.1 6028.0 0.0 6028 358 2982.75 36
380 0.1 7011.0 0.0 7011 358 3065.054054054054 37
390 0.1 7885.0 0.0 7885 358 3168.8947368421054 38
400 0.1 7703.0 0.0 7885 358 3289.8205128205127 39
410 0.1 7418.0 0.0 7885 358 3400.15 40
420 0.1 7190.0 0.0 7885 358 3498.1463414634145 41
430 0.1 6041.0 0.0 7885 358 3586.0476190476193 42
440 0.1 4851.0 0.0 7885 358 3643.139534883721 43
450 0.1 3839.0 0.0 7885 358 3670.590909090909 44
457 0.1 518.0 0.0 7885 358 3674.3333333333335 45
