0 4.5 109.7115234375 95.58613942126091 351.27001953125 18.633056640625 0 0
10 16.5 75.33349461410985 133.72804973912093 747.989013671875 4.551025390625 109.7115234375 45
20 21.8 58.84458769352066 74.60584554429296 747.989013671875 4.551025390625 82.70021507626488 210
30 26 99.66583064152641 141.34876934424202 997.337158203125 4.551025390625 70.549451596269 428
40 29.1 75.25134906572167 112.7514960484126 1106.490966796875 4.551025390625 81.552734375 688
50 24.2 34.08282420260851 28.432391073052948 1106.490966796875 4.551025390625 79.67969747510215 979
60 16.8 51.40404982793899 80.5212667609758 1106.490966796875 4.551025390625 70.64247934902232 1221
70 19.2 49.095855712890625 75.15010241878093 1106.490966796875 4.39892578125 68.31558506569475 1389
80 32.2 161.26448390794846 185.601178296616 1196.822021484375 4.39892578125 65.98150028660658 1581
90 32.1 121.33201451762072 154.13714032173095 1196.822021484375 4.39892578125 82.10400198186254 1903
100 30.8 81.98760827795248 93.2578247688272 1196.822021484375 4.39892578125 87.76595882717655 2224
110 24.5 51.750919762436226 83.65488837586446 1196.822021484375 4.39892578125 87.0630631047591 2532
120 26.5 102.96958652712263 141.15873598795127 1196.822021484375 4.39892578125 83.94765974902661 2777
130 29.8 179.63876527107794 241.63146669774247 1196.822021484375 4.39892578125 85.60473095093175 3042
140 34 572.8375502642459 264.40833369205177 1928.5869140625 4.39892578125 93.99459389326815 3340
150 33 843.7693322384 300.29804579408096 1934.7451171875 4.39892578125 138.23551921015198 3680
160 35.8 1031.837225034916 270.12625678048505 2443.421142578125 4.39892578125 196.29690531970854 4010
170 33.7 1409.4505865170627 331.4601308355105 2796.76513671875 4.39892578125 264.7775450765868 4368
180 33.2 1718.438616281532 396.75341982139906 2976.919921875 4.39892578125 346.76581605755183 4705
190 33.5 2358.198597831158 1096.4131662907541 4621.840087890625 0.549072265625 437.1758556990768 5037
200 59.6 1846.6637347944627 2042.642238137082 5606.72607421875 0.544921875 556.9715777047073 5372
210 83.3 1263.438566539897 1609.052703793001 5606.72607421875 0.544921875 685.7679124274778 5968
220 105.9 1046.9356218001183 1425.3690271490323 5606.72607421875 0.537109375 756.522162519471 6801
230 111.3 944.2614349063623 1312.5094746520829 5606.72607421875 0.531005859375 795.6503881401078 7860
240 101.2 1020.2323118669719 1121.5567402668353 5606.72607421875 0.531005859375 814.0839215236854 8973
250 112 983.9627753121513 1413.5257774925333 5606.72607421875 0.52392578125 834.9774789625843 9985
260 119 891.4733109161638 1409.333615717455 5606.72607421875 0.52392578125 850.0034611248099 11105
270 136.8 760.72917309142 1348.6600375938535 5606.72607421875 0.52392578125 854.0172164116509 12295
280 145 757.5126424434266 1197.5240742668962 5606.72607421875 0.52392578125 844.6768048430293 13663
290 136.4 760.2123296743265 1180.461609304288 5606.72607421875 0.52392578125 836.3139360890148 15113
300 142.7 722.5175606741653 1225.4276143011475 5606.72607421875 0.52392578125 830.0140883527985 16477
310 178.8 617.4200266042274 1323.0020945671804 5606.72607421875 0.52392578125 821.4463076894043 17904
320 205.8 533.4531002063206 1132.0911214184237 5606.72607421875 0.52392578125 802.9210694921518 19692
330 248.1 434.67617407925195 1126.2912056642099 5606.72607421875 0.52392578125 777.4238243983477 21750
340 224.1 487.00398163835877 1046.328528932896 5606.72607421875 0.52392578125 742.330063495303 24231
350 240.3 461.71440504870236 1010.9126772697183 5606.72607421875 0.512939453125 720.7153101921369 26472
360 217.1 470.71791906721364 949.6713671101111 5606.72607421875 0.512939453125 699.1610530472132 28875
370 292.1 375.3800584165579 1108.7664181402824 5606.72607421875 0.512939453125 683.1863689052761 31046
380 322.2 352.31033342244325 1006.9783765195906 5606.72607421875 0.512939453125 656.7164942346386 33967
390 345.5 318.1774749005072 934.279753329796 5606.72607421875 0.512939453125 630.3431943304494 37189
400 342.7 318.795141081508 956.0632400818478 5606.72607421875 0.512939453125 603.8071112522472 40644
410 365 334.88821001444745 1008.3629497036 5606.72607421875 0.512939453125 581.6443279758269 44071
420 267.8 423.7973383019633 978.9801020283741 5606.72607421875 0.512939453125 562.7708795870874 47721
430 155.4 698.8967764325441 892.407505222739 5606.72607421875 0.512939453125 555.3863849827984 50399
440 66 1407.561754631274 535.6742041561631 5606.72607421875 0.512939453125 559.6790177145541 51953
450 37.7 409.69371295797396 389.5790196830355 5606.72607421875 0.512939453125 570.3152218155374 52613
457 3 10.195458984375 5.775636411873762 5606.72607421875 0.512939453125 569.172472073335 52990
