10 0.1 285 0 285 285 0 0
20 0.1 965.0 0.0 965 285 285.0 1
30 0.1 1242.0 0.0 1242 285 625.0 2
40 0.1 1565.0 0.0 1565 285 830.6666666666666 3
50 0.1 1629.0 0.0 1629 285 1014.25 4
60 0.1 1299.0 0.0 1629 285 1137.2 5
70 0.1 982.0 0.0 1629 285 1164.1666666666667 6
80 0.1 1233.0 0.0 1629 285 1138.142857142857 7
90 0.1 1870.0 0.0 1870 285 1150.0 8
100 0.1 1812.0 0.0 1870 285 1230.0 9
110 0.1 1777.0 0.0 1870 285 1288.2 10
120 0.1 1391.0 0.0 1870 285 1332.6363636363637 11
130 0.1 1622.0 0.0 1870 285 1337.5000000000002 12
140 0.1 1757.0 0.0 1870 285 1359.3846153846157 13
150 0.1 2196.0 0.0 2196 285 1387.7857142857144 14
160 0.1 2066.0 0.0 2196 285 1441.666666666667 15
170 0.1 2174.0 0.0 2196 285 1480.6875000000002 16
180 0.1 1970.0 0.0 2196 285 1521.4705882352944 17
190 0.1 2014.0 0.0 2196 285 1546.3888888888891 18
200 0.1 2041.0 0.0 2196 285 1571.0000000000002 19
210 0.1 2574.0 0.0 2574 285 1594.5000000000002 20
220 0.1 3401.0 0.0 3401 285 1641.142857142857 21
230 0.1 4211.0 0.0 4211 285 1721.1363636363637 22
240 0.1 4030.0 0.0 4211 285 1829.391304347826 23
250 0.1 4346.0 0.0 4346 285 1921.0833333333333 24
260 0.1 4020.0 0.0 4346 285 2018.08 25
270 0.1 4285.0 0.0 4346 285 2095.076923076923 26
280 0.1 4819.0 0.0 4819 285 2176.1851851851848 27
290 0.1 4752.0 0.0 4819 285 2270.571428571428 28
300 0.1 4777.0 0.0 4819 285 2356.1379310344823 29
310 0.1 4994.0 0.0 4994 285 2436.833333333333 30
320 0.1 5625.0 0.0 5625 285 2519.322580645161 31
330 0.1 6782.0 0.0 6782 285 2616.3749999999995 32
340 0.1 7078.0 0.0 7078 285 2742.60606060606 33
350 0.1 6844.0 0.0 7078 285 2870.117647058823 34
360 0.1 6941.0 0.0 7078 285 2983.6571428571424 35
370 0.1 7441.0 0.0 7441 285 3093.583333333333 36
380 0.1 8754.0 0.0 8754 285 3211.081081081081 37
390 0.1 9618.0 0.0 9618 285 3356.947368421052 38
400 0.1 9520.0 0.0 9618 285 3517.4871794871788 39
410 0.1 9573.0 0.0 9618 285 3667.5499999999993 40
420 0.1 9029.0 0.0 9618 285 3811.585365853658 41
430 0.1 6686.0 0.0 9618 285 3935.809523809523 42
440 0.1 4494.0 0.0 9618 285 3999.7674418604643 43
450 0.1 3430.0 0.0 9618 285 4010.9999999999995 44
457 0.1 494.0 0.0 9618 285 3998.088888888888 45
