20 0.6 20546.277018229168 4165.460721074045 26768.5439453125 12718.506103515625 0 0
30 1.4 22063.662440708704 3948.52708795959 29311.43115234375 12718.506103515625 20546.277018229168 6
40 0.9 21301.759467230902 3965.3306272460795 29311.43115234375 12718.506103515625 21608.446813964845 20
50 1.6 21367.85530090332 2997.9535644659377 29311.43115234375 12718.506103515625 21513.267982219826 29
60 1.3 23469.47648737981 3465.4033789745604 30783.890869140625 12718.506103515625 21461.565695529513 45
70 0.3 23235.792561848957 4176.637245308777 30783.890869140625 12718.506103515625 21911.61466611665 58
80 0.8 20435.97723388672 2905.5801134669355 30783.890869140625 12718.506103515625 21976.73816918545 61
90 1.9 21456.600830078125 4953.60234034726 32549.989990234375 12718.506103515625 21798.099220165306 69
100 1.3 23361.27234825721 3381.2649059949076 32549.989990234375 12718.506103515625 21724.366613214665 88
110 1.2 20297.666544596355 3726.2425185091024 32549.989990234375 12718.506103515625 21935.05745039836 101
120 1.4 22884.46266392299 5117.121951518469 33030.424072265625 12718.506103515625 21761.17523031319 113
130 0.7 21548.783063616072 4103.902830981031 33030.424072265625 12718.506103515625 21885.002191498523 127
140 1.2 23781.454671223957 2685.4248084984833 33030.424072265625 12718.506103515625 21867.43850571362 134
150 1 29976.057495117188 3608.116083961328 36898.85791015625 12718.506103515625 22024.754902878853 146
160 0.7 31152.832449776786 3140.590450244448 36898.85791015625 12718.506103515625 22534.453786996695 156
170 1.5 36670.90546875 3876.145933703758 42283.61376953125 12718.506103515625 22904.56820809768 163
180 0.8 40864.576110839844 3216.540111160752 46202.64306640625 12718.506103515625 24064.652808714447 178
190 0.9 48283.330457899305 3333.7132331750117 55711.278076171875 12718.506103515625 24787.230155042424 186
200 2 52347.67731933594 4325.240931893582 60088.7451171875 12718.506103515625 25871.665553635816 195
210 1.6 51941.174713134766 4628.029918877241 61716.114990234375 12718.506103515625 28334.550369049783 215
220 1.8 52995.374891493055 7472.135795514734 62918.950927734375 12718.506103515625 29969.64123270935 231
230 5 47629.044506835955 9415.745656197716 67789.16015625 12718.506103515625 31634.152099609375 249
240 5 47491.99750976563 8701.491499897751 67789.16015625 12718.506103515625 34308.88327138639 299
250 7.3 44686.19950971212 9433.083861216548 72613.82104492188 12718.506103515625 36197.581586340435 349
260 4.4 42919.598244406974 8628.430939160282 72613.82104492188 12718.506103515625 37665.991795833645 422
270 4.1 38928.73348775724 8040.498828573412 72613.82104492188 12718.506103515625 38162.04047338135 466
280 5.5 35878.92558149858 6965.895315414283 72613.82104492188 12718.506103515625 38224.04128913955 507
290 6.9 38162.37893455616 7864.140115386273 72613.82104492188 12718.506103515625 37994.53708287576 562
300 7.1 39171.544798085386 7488.9484336161595 72613.82104492188 12718.506103515625 38012.89062925602 631
310 7 36404.71286621094 8345.979735955503 72613.82104492188 12718.506103515625 38130.07644975016 702
320 7.6 34756.755621659126 8152.075202972636 72613.82104492188 12718.506103515625 37973.631565232354 772
330 9.3 29463.042501470096 6961.448113417792 72613.82104492188 12718.506103515625 37685.32664576117 848
340 9.3 31637.342054141463 7508.969198422857 72613.82104492188 12718.506103515625 36872.709828100094 941
350 11.6 31815.884965567755 7594.863358002278 72613.82104492188 12718.506103515625 36401.83052154482 1034
360 11.1 30745.369182414837 5799.172584885577 72613.82104492188 12718.506103515625 35939.248187202786 1150
370 10.9 29666.520344305474 6374.236658273721 72613.82104492188 12718.506103515625 35482.055031349126 1261
380 11.6 28213.08533767174 7223.439204750913 72613.82104492188 12718.506103515625 35019.35920588361 1370
390 14.6 26271.139875856163 6063.522017579113 72613.82104492188 12718.506103515625 34488.048459778234 1486
400 15.7 27096.998916140026 6269.856786726456 72613.82104492188 11651.625 33752.95737322638 1632
410 16.2 27464.400640793796 7070.897037812098 72613.82104492188 10910.973876953125 33168.84028112881 1789
420 14.8 27117.912803856103 6173.114815650163 72613.82104492188 10654.633056640625 32695.175892746305 1951
430 11.2 28360.485621861048 5608.906153000392 72613.82104492188 10654.633056640625 32301.92437433004 2099
440 9.5 34217.69353412829 5343.130640711387 72613.82104492188 10654.633056640625 32102.267594467296 2211
450 9.3 36926.35306147092 3962.265987652728 72613.82104492188 10654.633056640625 32189.41653820875 2306
457 1.1 43242.966064453125 2715.719299478571 72613.82104492188 10654.633056640625 32373.04934215347 2399
