0 153.9640625 153.9640625
10 625.55390625 779.51796875
20 854.41171875 1633.9296875
30 985.72265625 2619.65234375
40 1131.49921875 3751.1515625
50 978.98671875 4730.13828125
60 637.43203125 5367.5703125
70 727.915625 6095.4859375
80 1242.6 7338.0859375
90 1256.85390625 8594.93984375
100 1200.46484375 9795.4046875
110 963.3296875 10758.734375
120 1008.82109375 11767.55546875
130 1139.65 12907.20546875
140 1301.21484375 14208.4203125
150 1265.75390625 15474.17421875
160 1385.39453125 16859.56875
170 1295.9421875 18155.5109375
180 1272.08359375 19427.59453125
190 1059.75703125 20487.3515625
200 1109.6453125 21596.996875
210 1445.2703125 23042.2671875
220 1755.9234375 24798.190625
230 1810.140625 26608.33125
240 2119.93671875 28728.26796875
250 1749.68046875 30477.9484375
260 1668.56796875 32146.51640625
270 1688.478125 33834.99453125
280 2096.1390625 35931.13359375
290 2001.3984375 37932.53203125
300 1904.16328125 39836.6953125
310 1805.83046875 41642.52578125
320 2137.021875 43779.54765625
330 2043.1046875 45822.65234375
340 2322.0390625 48144.69140625
350 2442.0234375 50586.71484375
360 2408.9546875 52995.66953125
370 2082.24296875 55077.9125
380 2388.50546875 57466.41796875
390 2514.24375 59980.66171875
400 2397.17890625 62377.840625
410 2619.45703125 64997.29765625
420 2531.66328125 67528.9609375
430 2881.3984375 70410.359375
440 2586.6640625 72997.0234375
450 1612.634375 74609.6578125
457 129.28671875 74738.94453125
