0 15.9234375 15.9234375
10 59.1671875 75.090625
20 79.921875 155.0125
30 94.27890625 249.29140625
40 105.98203125 355.2734375
50 90.58203125 445.85546875
60 60.2765625 506.13203125
70 70.21875 576.35078125
80 119.1421875 695.49296875
90 115.0765625 810.56953125
100 111.38203125 921.9515625
110 90.5671875 1012.51875
120 95.40625 1107.925
130 114.328125 1222.253125
140 120.73984375 1342.99296875
150 128.44140625 1471.434375
160 130.0703125 1601.5046875
170 126.240625 1727.7453125
180 125.8234375 1853.56875
190 127.19609375 1980.76484375
200 195.2203125 2175.98515625
210 280.09375 2456.07890625
220 359.06171875 2815.140625
230 374.00625 3189.146875
240 340.06953125 3529.21640625
250 351.77890625 3880.9953125
260 367.9265625 4248.921875
270 440.259375 4689.18125
280 467.6203125 5156.8015625
290 453.859375 5610.6609375
300 434.44140625 6045.10234375
310 515.753125 6560.85546875
320 595.3828125 7156.23828125
330 697.94140625 7854.1796875
340 653.36484375 8507.54453125
350 723.30390625 9230.8484375
360 650.16015625 9881.00859375
370 747.96640625 10628.975
380 817.8421875 11446.8171875
390 886.3984375 12333.215625
400 914.11328125 13247.32890625
410 897.1609375 14144.48984375
420 765.178125 14909.66796875
430 540.76640625 15450.434375
440 220.2890625 15670.7234375
450 114.984375 15785.7078125
457 10.75078125 15796.45859375
