0 10 10
10 21 21
20 23 25
30 30 30
40 31 32
50 15 32
60 14 32
70 27 32
80 34 37
90 28 37
100 28 37
110 24 37
120 28 37
130 44 44
140 52 53
150 62 64
160 74 74
170 83 86
180 103 103
190 141 142
200 163 163
210 195 196
220 218 218
230 202 221
240 200 221
250 199 221
260 222 227
270 237 242
280 242 245
290 230 245
300 254 254
310 279 284
320 309 313
330 330 344
340 329 344
350 311 344
360 327 344
370 381 385
380 422 423
390 428 429
400 439 439
410 435 443
420 311 443
430 199 443
440 104 443
450 11 443
457 0 443
