0 1 10
10 1.1 21
20 0.8 29
30 2.1 50
40 1 60
50 0 60
60 1.2 72
70 1.6 88
80 1.5 103
90 1.3 116
100 1.3 129
110 0.8 137
120 1.8 155
130 2.3 178
140 2 198
150 2 218
160 1.9 237
170 2.4 261
180 2.8 289
190 4.7 336
200 4.2 378
210 4.8 426
220 4.1 467
230 3.4 501
240 4.8 549
250 7.2 621
260 6.7 688
270 5.6 744
280 6 804
290 5.7 861
300 9.5 956
310 9.5 1051
320 10.6 1157
330 11.4 1271
340 9.2 1363
350 9.8 1461
360 12.7 1588
370 16.3 1751
380 15.7 1908
390 15.2 2060
400 16.8 2228
410 15.8 2386
420 2.4 2410
430 0 2410
440 0 2410
450 0 2410
457 0 2410
