0 2.6 26
10 3.7 63
20 2.9 92
30 3.4 126
40 5 176
50 4.8 224
60 3.9 263
70 6.1 324
80 8 404
90 5.2 456
100 6.5 521
110 7.4 595
120 4.3 638
130 8.2 720
140 9.1 811
150 6.9 880
160 6.8 948
170 7.7 1025
180 8.8 1113
190 10.2 1215
200 11.9 1334
210 10.8 1442
220 11.6 1558
230 9 1648
240 8.9 1737
250 8.9 1826
260 7.9 1905
270 7.8 1983
280 6.8 2051
290 6.5 2116
300 8.1 2197
310 6.2 2259
320 8.5 2344
330 8.5 2429
340 7.6 2505
350 9 2595
360 8.6 2681
370 5.7 2738
380 6.5 2803
390 8.4 2887
400 7.2 2959
410 5.6 3015
420 5.5 3070
430 5.4 3124
440 5.5 3179
450 7.2 3251
460 2.7 3278
464 0 3278
