0 1 14.7314453125 34.80676181901189 118.712890625 0.4990234375 0 0
10 0.9 2.4949815538194446 2.1537170832305153 118.712890625 0.4990234375 14.7314453125 10
20 0.5 2.61484375 2.2791991465716572 118.712890625 0.4990234375 8.935225637335526 19
30 1.2 2.2281087239583335 2.687204154929169 118.712890625 0.4990234375 7.618479410807292 24
40 1.5 3.7101236979166665 3.277344997215312 118.712890625 0.4990234375 5.821689181857639 36
50 0.9 1.6411404079861112 1.39546669203551 118.712890625 0.4990234375 5.200640510110294 51
60 0.9 2.0394422743055554 2.189367033764324 118.712890625 0.4990234375 4.666715494791666 60
70 2.2 1.9351029829545454 2.240816307433195 118.712890625 0.4990234375 4.324027683423913 69
80 1.3 3.344970703125 3.2491961294797855 118.712890625 0.4990234375 3.7464854481456045 91
90 1.7 1.266256893382353 1.1846248408155022 118.712890625 0.4990234375 3.6962961050180287 104
100 1.4 1.793212890625 1.8412753000741904 118.712890625 0.4990234375 3.354885637267562 121
110 1.5 4.029345703125 3.6558502056937385 118.712890625 0.4990234375 3.1929343894675926 135
120 1.7 2.8673454733455883 3.467438780960749 118.712890625 0.4990234375 3.276575520833333 150
130 2.8 2.2444109235491077 2.5375761660421157 118.712890625 0.4990234375 3.234917372286677 167
140 3 3.6754638671875 3.4848314560212943 118.712890625 0.4990234375 3.0926908052884614 195
150 1.5 3.540152994791667 2.783262059161459 118.712890625 0.4990234375 3.170393880208333 225
160 1.3 3.7607797475961537 3.5010887326548406 118.712890625 0.4990234375 3.193503824869792 240
170 1.7 3.1454360064338234 3.3166005940680345 118.712890625 0.4990234375 3.22265239006917 253
180 2.9 3.798205145474137 4.108383897249544 118.712890625 0.4990234375 3.217790617766204 270
190 3.6 3.027065700954861 2.4194307648436357 118.712890625 0.4990234375 3.2740850033967392 299
200 5 3.483994140625 3.162155946539648 118.712890625 0.4990234375 3.247539645522388 335
210 5.1 4.018861060049019 3.5419461853366174 118.712890625 0.4990234375 3.2782480215097403 385
220 4 3.0630798339843754 3.063482686773277 118.712890625 0.4990234375 3.3648793631737384 436
230 3.3 3.892874053030303 3.667614862054564 118.712890625 0.4990234375 3.3395180581998423 476
240 4.3 4.558781113735465 3.112728989149016 118.712890625 0.4990234375 3.375393790674116 509
250 5.8 3.4567113415948274 3.069476801283782 118.712890625 0.4990234375 3.4675779480865034 552
260 4.7 3.6375706449468086 2.5243675754184016 118.712890625 0.4990234375 3.4665447297643444 610
270 7.8 3.3858079176682687 3.244100968647426 118.712890625 0.4990234375 3.478779460378615 657
280 6.8 3.015879911534926 2.924923078032887 118.712890625 0.4990234375 3.4689130925807823 735
290 5.4 3.1322202329282396 2.9055342925173764 118.712890625 0.4990234375 3.430549137025218 803
300 7.6 3.085825066817434 2.958987126574458 118.712890625 0.4990234375 3.4117512830914527 857
310 10.6 3.4283401201356134 3.0651483437865337 118.712890625 0.4990234375 3.38520209505627 933
320 9.9 2.9136555989583344 2.824166138376906 118.712890625 0.4990234375 3.3896030870277913 1039
330 8.8 2.823527943004262 2.9940661043973784 118.712890625 0.4990234375 3.348198164954965 1138
340 9.9 3.5334127406881315 3.22959334257331 118.712890625 0.4990234375 3.3105383121558933 1226
350 9.3 3.0159478956653225 2.9972917555377827 118.712890625 0.493896484375 3.3271908166273585 1325
360 16.2 3.053864655671296 3.0512573946978994 118.712890625 0.493896484375 3.306777846493741 1418
370 17.5 3.055545479910715 3.072794020276094 118.712890625 0.493896484375 3.2808462408524526 1580
380 18.2 3.250099265968408 3.2610727861186732 118.712890625 0.489990234375 3.2583803530092594 1755
390 17.8 3.008952280108849 3.161907406733529 118.712890625 0.477783203125 3.2576022642940115 1937
400 15.7 3.2175215216958595 3.195274352849581 118.712890625 0.477783203125 3.236675693520981 2115
410 12.6 3.0965459914434526 3.2396494508080345 118.712890625 0.47705078125 3.2353520997813052 2272
420 0 0 0 118.712890625 0.47705078125 3.2280587012614683 2398
430 0 0 0 118.712890625 0.47705078125 3.2280587012614683 2398
440 0 0 0 118.712890625 0.47705078125 3.2280587012614683 2398
450 0 0 0 118.712890625 0.47705078125 3.2280587012614683 2398
460 0 0 0 118.712890625 0.47705078125 3.2280587012614683 2398
464 0 0 0 118.712890625 0.47705078125 3.2280587012614683 2398
