0 0.1 3.9913926637648576 0 3.9913926637648576 3.9913926637648576 0 0
10 0.1 2.55653883972468 0.0 3.9913926637648576 2.55653883972468 3.9913926637648576 1
20 0.1 1.3806706114398422 0.0 3.9913926637648576 1.3806706114398422 3.273965751744769 2
30 0.1 1.3847675568743818 0.0 3.9913926637648576 1.3806706114398422 2.642867371643127 3
40 0.1 1.9569471624266144 0.0 3.9913926637648576 1.3806706114398422 2.3283424179509407 4
50 0.1 1.6748768472906401 0.0 3.9913926637648576 1.3806706114398422 2.2540633668460752 5
60 0.1 1.8664047151277015 0.0 3.9913926637648576 1.3806706114398422 2.157532280253503 6
70 0.1 2.0588235294117645 0.0 3.9913926637648576 1.3806706114398422 2.1159426280926743 7
80 0.1 2.1632251720747298 0.0 3.9913926637648576 1.3806706114398422 2.1088027407575605 8
90 0.1 1.966568338249754 0.0 3.9913926637648576 1.3806706114398422 2.114849677570579 9
100 0.1 1.6798418972332017 0.0 3.9913926637648576 1.3806706114398422 2.100021543638497 10
110 0.1 1.8682399213372665 0.0 3.9913926637648576 1.3806706114398422 2.0618233939652884 11
120 0.1 1.768172888015717 0.0 3.9913926637648576 1.3806706114398422 2.045691437912953 12
130 0.1 2.2549019607843137 0.0 3.9913926637648576 1.3806706114398422 2.024343857151627 13
140 0.1 2.171767028627838 0.0 3.9913926637648576 1.3806706114398422 2.0408122931253905 14
150 0.1 2.371541501976284 0.0 3.9913926637648576 1.3806706114398422 2.0495426088255533 15
160 0.1 1.7769002961500493 0.0 3.9913926637648576 1.3806706114398422 2.0696675396474737 16
170 0.1 2.1632251720747298 0.0 3.9913926637648576 1.3806706114398422 2.0524459370888017 17
180 0.1 2.0689655172413794 0.0 3.9913926637648576 1.3806706114398422 2.0586003390324645 18
190 0.1 2.6522593320235757 0.0 3.9913926637648576 1.3806706114398422 2.0591458747276707 19
200 0.1 2.909796314258002 0.0 3.9913926637648576 1.3806706114398422 2.088801547592466 20
210 0.1 3.232125367286973 0.0 3.9913926637648576 1.3806706114398422 2.127896536481301 21
220 0.1 2.9296875 0.0 3.9913926637648576 1.3806706114398422 2.178088756063377 22
230 0.1 2.7450980392156863 0.0 3.9913926637648576 1.3806706114398422 2.210766962321491 23
240 0.1 2.845927379784102 0.0 3.9913926637648576 1.3806706114398422 2.233030757192082 24
250 0.1 3.7608486017357765 0.0 3.9913926637648576 1.3806706114398422 2.257546622095763 25
260 0.1 4.178537511870846 0.0 4.178537511870846 1.3806706114398422 2.315365929004994 26
270 0.1 3.522504892367906 0.0 4.178537511870846 1.3806706114398422 2.384372283925952 27
280 0.1 4.356243949661181 0.0 4.356243949661181 1.3806706114398422 2.425019877084593 28
290 0.1 4.3893129770992365 0.0 4.3893129770992365 1.3806706114398422 2.4916138106217165 29
300 0.1 4.725168756027001 0.0 4.725168756027001 1.3806706114398422 2.5548704495043006 30
310 0.1 4.975609756097561 0.0 4.975609756097561 1.3806706114398422 2.6248800722953556 31
320 0.1 5.815061963775023 0.0 5.815061963775023 1.3806706114398422 2.6983403749141743 32
330 0.1 5.392156862745098 0.0 5.815061963775023 1.3806706114398422 2.7927864836675336 33
340 0.1 5.480769230769231 0.0 5.815061963775023 1.3806706114398422 2.869238553640403 34
350 0.1 4.892367906066536 0.0 5.815061963775023 1.3806706114398422 2.9438537158440834 35
360 0.1 5.697445972495088 0.0 5.815061963775023 1.3806706114398422 2.9979791100169297 36
370 0.1 9.241245136186771 0.0 9.241245136186771 1.3806706114398422 3.070937673867691 37
380 0.1 9.395973154362416 0.0 9.395973154362416 1.3806706114398422 3.2333141860339825 38
390 0.1 9.602327837051407 0.0 9.602327837051407 1.3806706114398422 3.3913310826577887 39
400 0.1 9.205426356589147 0.0 9.602327837051407 1.3806706114398422 3.546606001517629 40
410 0.1 8.471275559883155 0.0 9.602327837051407 1.3806706114398422 3.6846260101779102 41
420 0.1 5.560975609756098 0.0 9.602327837051407 1.3806706114398422 3.7985938565994637 42
430 0.1 2.060843964671246 0.0 9.602327837051407 1.3806706114398422 3.8395794787658972 43
440 0.1 1.6765285996055226 0.0 9.602327837051407 1.3806706114398422 3.7991536716273826 44
450 0.1 2.34375 0.0 9.602327837051407 1.3806706114398422 3.751984225582452 45
460 0.1 1.4807502467917077 0.0 9.602327837051407 1.3806706114398422 3.72137043806979 46
