0 0.3 3
10 1 13
20 0.9 22
30 0.5 27
40 1.3 40
50 1.3 53
60 1 63
70 1 73
80 2.5 98
90 1 108
100 1.5 123
110 2.4 147
120 0.6 153
130 1.6 169
140 1.8 187
150 1.6 203
160 2.1 224
170 1.7 241
180 2.5 266
190 1.8 284
200 1.8 302
210 2.2 324
220 2 344
230 3.5 379
240 4.1 420
250 5.1 471
260 4.9 520
270 6.2 582
280 8 662
290 5.2 714
300 6.7 781
310 9.7 878
320 10.6 984
330 8.3 1067
340 9.5 1162
350 9.5 1257
360 11.8 1375
370 16.8 1543
380 17.3 1716
390 18.9 1905
400 15.9 2064
410 15 2214
420 7.2 2286
430 1.8 2304
440 3.2 2336
450 4.1 2377
460 2.1 2398
464 0 2398
