0 0.1 3162.13671875 0 3162.13671875 3162.13671875 0 0
10 0.1 3160.38671875 0.0 3162.13671875 3160.38671875 3162.13671875 1
20 0.1 3159.921875 0.0 3162.13671875 3159.921875 3161.26171875 2
30 0.1 3159.953125 0.0 3162.13671875 3159.921875 3160.8151041666665 3
40 0.1 3159.91796875 0.0 3162.13671875 3159.91796875 3160.599609375 4
50 0.1 3159.828125 0.0 3162.13671875 3159.828125 3160.46328125 5
60 0.1 3159.8671875 0.0 3162.13671875 3159.828125 3160.357421875 6
70 0.1 3159.875 0.0 3162.13671875 3159.828125 3160.2873883928573 7
80 0.1 3158.88671875 0.0 3162.13671875 3158.88671875 3160.23583984375 8
90 0.1 3158.53125 0.0 3162.13671875 3158.53125 3160.0859375 9
100 0.1 3158.90234375 0.0 3162.13671875 3158.53125 3159.93046875 10
110 0.1 3158.546875 0.0 3162.13671875 3158.53125 3159.837002840909 11
120 0.1 3158.31640625 0.0 3162.13671875 3158.31640625 3159.7294921875 12
130 0.1 3159.41796875 0.0 3162.13671875 3158.31640625 3159.620793269231 13
140 0.1 3158.5703125 0.0 3162.13671875 3158.31640625 3159.6063058035716 14
150 0.1 3157.0 0.0 3162.13671875 3157.0 3159.5372395833333 15
160 0.1 3156.40234375 0.0 3162.13671875 3156.40234375 3159.378662109375 16
170 0.1 3156.76953125 0.0 3162.13671875 3156.40234375 3159.2035845588234 17
180 0.1 3156.64453125 0.0 3162.13671875 3156.40234375 3159.068359375 18
190 0.1 3156.70703125 0.0 3162.13671875 3156.40234375 3158.940789473684 19
200 0.1 3155.6875 0.0 3162.13671875 3155.6875 3158.8291015625 20
210 0.1 3153.15625 0.0 3162.13671875 3153.15625 3158.6795014880954 21
220 0.1 3151.34375 0.0 3162.13671875 3151.34375 3158.4284446022725 22
230 0.1 3148.55859375 0.0 3162.13671875 3148.55859375 3158.120414402174 23
240 0.1 3147.9609375 0.0 3162.13671875 3147.9609375 3157.7220052083335 24
250 0.1 3147.74609375 0.0 3162.13671875 3147.74609375 3157.3315625 25
260 0.1 3147.73046875 0.0 3162.13671875 3147.73046875 3156.962890625 26
270 0.1 3147.73828125 0.0 3162.13671875 3147.73046875 3156.620949074074 27
280 0.1 3147.5546875 0.0 3162.13671875 3147.5546875 3156.3037109375 28
290 0.1 3147.421875 0.0 3162.13671875 3147.421875 3156.002020474138 29
300 0.1 3147.28515625 0.0 3162.13671875 3147.28515625 3155.716015625 30
310 0.1 3147.36328125 0.0 3162.13671875 3147.28515625 3155.4440524193546 31
320 0.1 3147.39453125 0.0 3162.13671875 3147.28515625 3155.1915283203125 32
330 0.1 3147.36328125 0.0 3162.13671875 3147.28515625 3154.955255681818 33
340 0.1 3147.33984375 0.0 3162.13671875 3147.28515625 3154.7319623161766 34
350 0.1 3147.19921875 0.0 3162.13671875 3147.19921875 3154.5207589285715 35
360 0.1 3147.1796875 0.0 3162.13671875 3147.1796875 3154.3173828125 36
370 0.1 3146.87890625 0.0 3162.13671875 3146.87890625 3154.1244721283783 37
380 0.1 3146.85546875 0.0 3162.13671875 3146.85546875 3153.9337993421054 38
390 0.1 3146.79296875 0.0 3162.13671875 3146.79296875 3153.7523036858975 39
400 0.1 3146.61328125 0.0 3162.13671875 3146.61328125 3153.5783203125 40
410 0.1 3146.546875 0.0 3162.13671875 3146.546875 3153.408441310976 41
420 0.1 3146.59765625 0.0 3162.13671875 3146.546875 3153.245070684524 42
430 0.1 3146.609375 0.0 3162.13671875 3146.546875 3153.0904796511627 43
440 0.1 3146.6171875 0.0 3162.13671875 3146.546875 3152.943181818182 44
450 0.1 3146.68359375 0.0 3162.13671875 3146.546875 3152.8026041666667 45
460 0.1 3146.84375 0.0 3162.13671875 3146.546875 3152.669582201087 46
