0 0.1 0.0 0 0.0 0.0 0 0
10 0.1 0.0 0.0 0.0 0.0 0.0 1
20 0.1 0.0 0.0 0.0 0.0 0.0 2
30 0.1 0.0 0.0 0.0 0.0 0.0 3
40 0.1 0.0 0.0 0.0 0.0 0.0 4
50 0.1 0.0 0.0 0.0 0.0 0.0 5
60 0.1 0.0 0.0 0.0 0.0 0.0 6
70 0.1 0.0 0.0 0.0 0.0 0.0 7
80 0.1 0.0 0.0 0.0 0.0 0.0 8
90 0.1 0.0 0.0 0.0 0.0 0.0 9
100 0.1 0.0 0.0 0.0 0.0 0.0 10
110 0.1 0.0 0.0 0.0 0.0 0.0 11
120 0.1 0.0 0.0 0.0 0.0 0.0 12
130 0.1 0.0 0.0 0.0 0.0 0.0 13
140 0.1 0.0 0.0 0.0 0.0 0.0 14
150 0.1 0.0 0.0 0.0 0.0 0.0 15
160 0.1 0.0 0.0 0.0 0.0 0.0 16
170 0.1 0.0 0.0 0.0 0.0 0.0 17
180 0.1 0.0 0.0 0.0 0.0 0.0 18
190 0.1 0.0 0.0 0.0 0.0 0.0 19
200 0.1 0.0 0.0 0.0 0.0 0.0 20
210 0.1 0.0 0.0 0.0 0.0 0.0 21
220 0.1 0.0 0.0 0.0 0.0 0.0 22
230 0.1 0.0 0.0 0.0 0.0 0.0 23
240 0.1 0.0 0.0 0.0 0.0 0.0 24
250 0.1 0.0 0.0 0.0 0.0 0.0 25
260 0.1 0.0703125 0.0 0.0703125 0.0 0.0 26
270 0.1 0.140625 0.0 0.140625 0.0 0.0026041666666666665 27
280 0.1 0.12109375 0.0 0.140625 0.0 0.007533482142857143 28
290 0.1 0.1015625 0.0 0.140625 0.0 0.011449353448275862 29
300 0.1 0.078125 0.0 0.140625 0.0 0.014453125 30
310 0.1 0.0703125 0.0 0.140625 0.0 0.016507056451612902 31
320 0.1 0.05859375 0.0 0.140625 0.0 0.0181884765625 32
330 0.1 0.12890625 0.0 0.140625 0.0 0.019412878787878788 33
340 0.1 0.109375 0.0 0.140625 0.0 0.02263327205882353 34
350 0.1 0.171875 0.0 0.171875 0.0 0.025111607142857144 35
360 0.1 0.140625 0.0 0.171875 0.0 0.029188368055555556 36
370 0.1 0.12109375 0.0 0.171875 0.0 0.03220016891891892 37
380 0.1 0.1015625 0.0 0.171875 0.0 0.03453947368421053 38
390 0.1 0.171875 0.0 0.171875 0.0 0.036258012820512824 39
400 0.1 0.140625 0.0 0.171875 0.0 0.03964843750000001 40
410 0.1 0.19140625 0.0 0.19140625 0.0 0.04211128048780489 41
420 0.1 0.16015625 0.0 0.19140625 0.0 0.04566592261904763 42
430 0.1 0.140625 0.0 0.19140625 0.0 0.04832848837209303 43
440 0.1 0.12109375 0.0 0.19140625 0.0 0.050426136363636374 44
450 0.1 0.1015625 0.0 0.19140625 0.0 0.05199652777777779 45
460 0.1 0.078125 0.0 0.19140625 0.0 0.05307404891304349 46
