10 0.1 254 0 254 254 0 0
20 0.1 352.0 0.0 352 254 254.0 1
30 0.1 277.0 0.0 352 254 303.0 2
40 0.1 309.0 0.0 352 254 294.3333333333333 3
50 0.1 507.0 0.0 507 254 298.0 4
60 0.1 415.0 0.0 507 254 339.8 5
70 0.1 458.0 0.0 507 254 352.3333333333333 6
80 0.1 612.0 0.0 612 254 367.42857142857144 7
90 0.1 676.0 0.0 676 254 398.0 8
100 0.1 565.0 0.0 676 254 428.8888888888889 9
110 0.1 715.0 0.0 715 254 442.5 10
120 0.1 555.0 0.0 715 254 467.27272727272725 11
130 0.1 546.0 0.0 715 254 474.5833333333333 12
140 0.1 824.0 0.0 824 254 480.0769230769231 13
150 0.1 865.0 0.0 865 254 504.64285714285717 14
160 0.1 596.0 0.0 865 254 528.6666666666666 15
170 0.1 708.0 0.0 865 254 532.875 16
180 0.1 761.0 0.0 865 254 543.1764705882352 17
190 0.1 968.0 0.0 968 254 555.2777777777778 18
200 0.1 970.0 0.0 970 254 577.0 19
210 0.1 1194.0 0.0 1194 254 596.65 20
220 0.1 1080.0 0.0 1194 254 625.0952380952381 21
230 0.1 1098.0 0.0 1194 254 645.7727272727273 22
240 0.1 924.0 0.0 1194 254 665.4347826086956 23
250 0.1 1048.0 0.0 1194 254 676.2083333333334 24
260 0.1 1.2e3 0.0 1200 254 691.08 25
270 0.1 1038.0 0.0 1200 254 710.6538461538462 26
280 0.1 1151.0 0.0 1200 254 722.7777777777778 27
290 0.1 1005.0 0.0 1200 254 738.0714285714286 28
300 0.1 1116.0 0.0 1200 254 747.2758620689655 29
310 0.1 1157.0 0.0 1200 254 759.5666666666667 30
320 0.1 1426.0 0.0 1426 254 772.3870967741935 31
330 0.1 1359.0 0.0 1426 254 792.8125 32
340 0.1 1339.0 0.0 1426 254 809.969696969697 33
350 0.1 1418.0 0.0 1426 254 825.5294117647059 34
360 0.1 1601.0 0.0 1601 254 842.4571428571429 35
370 0.1 1792.0 0.0 1792 254 863.5277777777778 36
380 0.1 1896.0 0.0 1896 254 888.6216216216217 37
390 0.1 2005.0 0.0 2005 254 915.1315789473684 38
400 0.1 1949.0 0.0 2005 254 943.0769230769231 39
410 0.1 1646.0 0.0 2005 254 968.225 40
420 0.1 1089.0 0.0 2005 254 984.7560975609756 41
430 0.1 558.0 0.0 2005 254 987.2380952380952 42
440 0.1 551.0 0.0 2005 254 977.2558139534884 43
450 0.1 611.0 0.0 2005 254 967.5681818181819 44
460 0.1 554.0 0.0 2005 254 959.6444444444444 45
