0 2.6 235.26610389122595 229.7076012976888 850.85498046875 6.260009765625 0 0
10 3.7 268.4165962837838 372.72858460197864 2102.258056640625 5.340087890625 235.26610389122595 26
20 2.9 124.30960398706897 95.07966713823448 2102.258056640625 5.340087890625 254.73544069320437 63
30 3.4 104.76543112362133 118.29893042004048 2102.258056640625 5.2099609375 213.6229486880095 92
40 5 533.4267626953128 1269.7372467969253 6417.287109375 5.2099609375 184.24869791666666 126
50 4.8 437.0065663655599 946.5371071367757 6630.239013671875 5.2099609375 283.4470117742366 176
60 3.9 358.0978565705128 720.961140833661 6630.239013671875 5.2099609375 316.3526306152345 224
70 6.1 291.54301677766387 413.75168568707824 6630.239013671875 5.2099609375 322.54298731582713 263
80 8 696.4006164550783 948.849536259359 7485.785888671875 4.970947265625 316.706573109568 324
90 5.2 146.38930100661057 180.39076023328252 7485.785888671875 4.493896484375 391.8935123859067 404
100 6.5 679.6327261117788 1225.2674597175858 9480.659912109375 4.493896484375 363.89741810581154 456
110 7.4 231.57336755701013 191.77599354109353 9480.659912109375 4.493896484375 403.2885793733506 521
120 4.3 146.8983693677326 192.2795095091359 9480.659912109375 4.493896484375 381.9324017693016 595
130 8.2 613.4702148437498 519.0790500705219 9480.659912109375 4.493896484375 366.0915500557162 638
140 9.1 1989.2036347441622 1738.0844191467484 16809.760009765625 4.493896484375 394.2652313232423 720
150 6.9 2925.712692481884 911.3422777148205 16809.760009765625 4.493896484375 573.2287266516068 811
160 6.8 4042.0436832203595 2428.5367029449317 21982.762939453125 4.493896484375 757.6848557905718 880
170 7.7 2557.5285327465504 2645.1838109095825 24090.95703125 4.493896484375 993.2717759015691 948
180 8.8 2224.1198092373934 1207.1237543075656 24090.95703125 4.493896484375 1110.7817956840702 1025
190 10.2 2146.9371242149214 870.7656617773465 24090.95703125 4.493896484375 1198.8085209245844 1113
200 11.9 3788.5508161272323 802.3657547027809 24090.95703125 4.493896484375 1278.4045024353782 1215
210 10.7 5630.0870167384655 1107.7256094535794 24090.95703125 4.493896484375 1502.3231016327773 1334
220 13.6 6527.050503001494 2695.8479086585658 24090.95703125 0.7119140625 1808.8260432818463 1441
230 14.5 6077.7317753232755 4791.063920318581 24090.95703125 0.640869140625 2215.724284576629 1577
240 16 6468.876742553713 5856.354708042954 24090.95703125 0.640869140625 2540.922360162148 1722
250 23.4 4487.2695813301325 5823.616103457369 30930.0810546875 0.640869140625 2874.861096178434 1882
260 17.9 5250.387382976172 5923.809841207146 30930.0810546875 0.635986328125 3053.1709192056064 2116
270 27.3 3868.3060378748846 6260.528860705964 30930.0810546875 0.6201171875 3224.5442294517643 2295
280 30.1 3209.073238943105 5884.594643146611 30930.0810546875 0.60302734375 3292.9815245060913 2568
290 21.9 4718.766919279755 7376.741260377789 34566.9150390625 0.60302734375 3284.1783199210586 2869
300 28.8 4107.414628770621 6688.3537099773175 35212.14404296875 0.572998046875 3385.918897401484 3088
310 40.4 2272.950508948599 5455.823399935755 36746.843994140625 0.572998046875 3447.468296286055 3376
320 39.8 3169.9291593465364 6179.40567451136 36746.843994140625 0.572998046875 3321.937823776973 3780
330 35 3128.680018833705 5534.639762066961 36746.843994140625 0.572021484375 3307.4573430581327 4178
340 40.9 2487.4988551058236 5199.5322940457945 36746.843994140625 0.572021484375 3293.638424445379 4528
350 37.3 3018.4958535365686 5380.275918629006 36746.843994140625 0.572021484375 3226.8547331632485 4937
360 53.6 1866.1419563862805 4378.531643485732 36746.843994140625 0.572021484375 3212.2186009408847 5310
370 71 1188.321896319323 4014.8600561012963 36746.843994140625 0.569091796875 3088.8013786553447 5846
380 72.3 1575.8772077336187 5032.721453481067 36746.843994140625 0.569091796875 2882.9837410015043 6556
390 71.9 1701.0930420261432 4732.044166409033 36746.843994140625 0.554931640625 2753.152991784211 7279
400 65 1420.1404912860585 4008.036957170293 36746.843994140625 0.554931640625 2658.5754594166124 7998
410 55.4 1599.3705909260773 4859.727401453913 37883.14599609375 0.554931640625 2565.4923501098524 8648
420 17.7 5794.045250154484 8713.949795998391 37883.14599609375 0.554931640625 2507.3276625867256 9202
430 5.9 18028.320891816737 6164.607894619516 37883.14599609375 0.554931640625 2569.354425887663 9379
440 5.5 18950.725825639198 2666.174583913292 37960.3740234375 0.554931640625 2665.9934406672583 9438
450 7.2 13188.590169270834 5033.153368097208 38791.5419921875 0.554931640625 2760.3429909857514 9493
460 2.7 4345.677137586806 6775.759710714431 38791.5419921875 0.554931640625 2838.841035610584 9565
464 0 0 0 38791.5419921875 0.554931640625 2843.08254674 9592
