10 0.1 186 0 186 186 0 0
20 0.1 266.0 0.0 266 186 186.0 1
30 0.1 220.0 0.0 266 186 226.0 2
40 0.1 247.0 0.0 266 186 224.0 3
50 0.1 385.0 0.0 385 186 229.75 4
60 0.1 320.0 0.0 385 186 260.8 5
70 0.1 360.0 0.0 385 186 270.6666666666667 6
80 0.1 498.0 0.0 498 186 283.42857142857144 7
90 0.1 532.0 0.0 532 186 310.25 8
100 0.1 432.0 0.0 532 186 334.8888888888889 9
110 0.1 569.0 0.0 569 186 344.6 10
120 0.1 411.0 0.0 569 186 365.0 11
130 0.1 444.0 0.0 569 186 368.8333333333333 12
140 0.1 664.0 0.0 664 186 374.61538461538464 13
150 0.1 680.0 0.0 680 186 395.2857142857143 14
160 0.1 474.0 0.0 680 186 414.26666666666665 15
170 0.1 573.0 0.0 680 186 418.0 16
180 0.1 617.0 0.0 680 186 427.11764705882354 17
190 0.1 826.0 0.0 826 186 437.6666666666667 18
200 0.1 772.0 0.0 826 186 458.10526315789474 19
210 0.1 1026.0 0.0 1026 186 473.8 20
220 0.1 921.0 0.0 1026 186 500.0952380952381 21
230 0.1 933.0 0.0 1026 186 519.2272727272727 22
240 0.1 838.0 0.0 1026 186 537.2173913043479 23
250 0.1 993.0 0.0 1026 186 549.7500000000001 24
260 0.1 1104.0 0.0 1104 186 567.4800000000001 25
270 0.1 1019.0 0.0 1104 186 588.1153846153848 26
280 0.1 1264.0 0.0 1264 186 604.0740740740742 27
290 0.1 1089.0 0.0 1264 186 627.6428571428575 28
300 0.1 1173.0 0.0 1264 186 643.5517241379313 29
310 0.1 1327.0 0.0 1327 186 661.2000000000003 30
320 0.1 1650.0 0.0 1650 186 682.6774193548389 31
330 0.1 1582.0 0.0 1650 186 712.9062500000002 32
340 0.1 1528.0 0.0 1650 186 739.2424242424245 33
350 0.1 1621.0 0.0 1650 186 762.4411764705884 34
360 0.1 1843.0 0.0 1843 186 786.9714285714288 35
370 0.1 2346.0 0.0 2346 186 816.3055555555558 36
380 0.1 2512.0 0.0 2512 186 857.6486486486489 37
390 0.1 2669.0 0.0 2669 186 901.184210526316 38
400 0.1 2508.0 0.0 2669 186 946.5128205128207 39
410 0.1 2191.0 0.0 2669 186 985.5500000000002 40
420 0.1 1360.0 0.0 2669 186 1014.9512195121953 41
430 0.1 460.0 0.0 2669 186 1023.1666666666669 42
440 0.1 426.0 0.0 2669 186 1010.0697674418607 43
450 0.1 471.0 0.0 2669 186 996.7954545454547 44
460 0.1 443.0 0.0 2669 186 985.1111111111113 45
