0 0.3 5351.760660807292 1274.0818434249557 6393.60986328125 3557.714111328125 0 0
10 1 6702.67255859375 2463.670666693627 9671.27197265625 1191.030029296875 5351.760660807292 3
20 0.9 6878.981418185764 3265.7006649182736 13362.921142578125 1191.030029296875 6390.923659104567 13
30 0.5 5298.158984375 2003.9590645917526 13362.921142578125 1191.030029296875 6590.583651455966 22
40 1.3 7468.6371506911055 3409.7511159702217 13391.822998046875 1191.030029296875 6351.245750144676 27
50 1.3 7270.688194861779 2565.467314184469 13391.822998046875 1191.030029296875 6714.397955322265 40
60 1 8524.603784179688 3210.6758233443147 13706.916015625 1191.030029296875 6850.846504643278 53
70 1 6387.71474609375 4051.5242461728435 15811.799072265625 1191.030029296875 7116.522263299851 63
80 2.5 7465.1033203125 3535.6935399638674 16915.928955078125 1191.030029296875 7016.685617107235 73
90 1 7824.8338623046875 3398.4676130573293 16915.928955078125 1191.030029296875 7131.077888333068 98
100 1.5 8416.850244140625 1869.110496908733 16915.928955078125 1191.030029296875 7195.314552589699 108
110 2.4 7194.576741536458 3209.816665692712 16926.217041015625 1191.030029296875 7344.282319852007 123
120 0.6 6117.89404296875 4189.852018459613 16926.217041015625 1191.030029296875 7319.84059278008 147
130 1.6 7227.207382202148 2339.6725379453483 16926.217041015625 1191.030029296875 7272.70543396395 153
140 1.8 11083.688924153646 3379.2441522536014 22236.802001953125 1191.030029296875 7268.397926104844 169
150 1.6 14972.810974121094 2650.9813437146895 22236.802001953125 1191.030029296875 7635.645187949114 187
160 2.1 20573.851202101934 3494.408843016821 30312.802001953125 1191.030029296875 8213.94396912523 203
170 1.7 20023.892965877756 5726.722806969499 38941.990966796875 1191.030029296875 9372.685272216797 224
180 2.5 16114.0477734375 4941.174723127148 38941.990966796875 1191.030029296875 10124.015275504085 241
190 1.8 13148.557535807291 4892.517571476342 38941.990966796875 1191.030029296875 10686.988254633165 266
200 1.8 17117.075141059027 3264.920462205465 38941.990966796875 1191.030029296875 10843.003209073779 284
210 2.2 20559.039417613636 2749.8135067574835 38941.990966796875 1191.030029296875 11216.954516278198 302
220 2 26323.10654296875 2493.929797926294 38941.990966796875 1191.030029296875 11851.293614517024 324
230 3.5 29015.72887137277 4655.3121980466985 38941.990966796875 1191.030029296875 12692.678087101427 344
240 4.1 29470.482868473704 7374.131125605968 42640.388916015625 1191.030029296875 14200.083832350758 379
250 5.1 29368.548617493874 12944.408679463944 47579.51611328125 1191.030029296875 15690.765643019904 420
260 4.9 26126.307696906886 12405.609304137315 50024.421142578125 1191.030029296875 17171.799468281417 471
270 6.2 26961.17198919481 14700.460119499525 58676.985107421875 1068.701904296875 18015.58966674805 520
280 8 19361.092715454106 13055.898919753472 58676.985107421875 1068.701904296875 18968.555481166775 582
290 5.2 25985.3282423753 14890.617463734405 63974.879150390625 1068.701904296875 19015.99200494772 662
300 6.7 23114.36662998484 13137.592839382192 63974.879150390625 1068.701904296875 19523.562711314993 714
310 9.7 15551.556751369206 11815.65542719292 63974.879150390625 1055.447998046875 19831.608630074123 781
320 10.6 18886.245216225692 14761.126742614046 66254.75219726563 1055.447998046875 19358.755518189868 878
330 8.3 17888.729115681468 12944.048366028663 66254.75219726563 1055.447998046875 19307.85501818153 984
340 9.5 16561.144754831414 11326.030589817587 66254.75219726563 1055.447998046875 19197.463781154816 1067
350 9.5 18727.056219161183 11416.722859497955 66254.75219726563 1055.447998046875 18981.929953701525 1162
360 11.8 14384.802092988612 11407.024395257533 66254.75219726563 286.678955078125 18962.667420064823 1257
370 16.8 11151.74576096308 10289.120054281282 66254.75219726563 286.678955078125 18569.80334108665 1375
380 17.3 12472.19107743632 10701.676703428282 66254.75219726563 286.678955078125 17762.13407766425 1543
390 18.9 12243.788074311757 10431.454231375064 66254.75219726563 286.678955078125 17228.823973328916 1716
400 15.9 12476.06930983441 8835.783117768813 66254.75219726563 286.678955078125 16734.245608544534 1905
410 15 11642.669208984376 9162.150803329549 66254.75219726563 286.678955078125 16406.21749251018 2064
420 7.2 19539.914828830297 13591.599455961426 66254.75219726563 286.678955078125 16083.48386896507 2214
430 1.8 29787.432956271703 8061.610207317212 66254.75219726563 286.678955078125 16192.347836204919 2286
440 3.2 37285.600914001465 7929.4319578180775 66254.75219726563 286.678955078125 16298.55943870544 2304
450 4.1 49725.19042373284 8926.81598713196 73021.65698242188 286.678955078125 16586.053157545113 2336
460 2.1 48867.57711356027 4189.017730118455 73021.65698242188 286.678955078125 17157.657965249655 2377
464 0 0 0 73021.65698242188 286.678955078125 17435.35116880033 2398
