0 147.5 147.5
10 242.27734375 389.77734375
20 183.88203125 573.659375
30 194.971875 768.63125
40 329.79453125 1098.42578125
50 313.75 1412.17578125
60 270.8359375 1683.01171875
70 393.3625 2076.37421875
80 540.175 2616.54921875
90 337.88515625 2954.434375
100 457.6734375 3412.1078125
110 501.0453125 3913.153125
120 272.68984375 4185.84296875
130 503.6609375 4689.50390625
140 606.784375 5296.28828125
150 475.06015625 5771.3484375
160 461.49140625 6232.83984375
170 532.45078125 6765.290625
180 599.88515625 7365.17578125
190 650.05234375 8015.228125
200 730.4625 8745.690625
210 667.66328125 9413.35390625
220 702.57265625 10115.9265625
230 592.53828125 10708.46484375
240 586.771875 11295.23671875
250 634.38046875 11929.6171875
260 559.62578125 12489.24296875
270 599.2984375 13088.54140625
280 522.92109375 13611.4625
290 490.0015625 14101.4640625
300 593.6796875 14695.14375
310 547.19609375 15242.33984375
320 685.10234375 15927.4421875
330 662.24140625 16589.68359375
340 624.684375 17214.36796875
350 662.1578125 17876.52578125
360 730.728125 18607.25390625
370 635.10078125 19242.3546875
380 681.8234375 19924.178125
390 783.8140625 20707.9921875
400 673.12734375 21381.11953125
410 562.05625 21943.17578125
420 421.4953125 22364.67109375
430 381.14140625 22745.8125
440 398.36875 23144.18125
450 500.10234375 23644.28359375
460 199.69375 23843.97734375
464 0 23843.97734375
