0 7.1109375 7.1109375
10 11.51875 18.6296875
20 9.95625 28.5859375
30 10.7140625 39.3
40 14.05234375 53.35234375
50 15.284375 68.63671875
60 11.89375 80.53046875
70 20.08046875 100.6109375
80 24.75546875 125.36640625
90 15.39609375 140.7625
100 19.21328125 159.97578125
110 23.840625 183.81640625
120 12.76171875 196.578125
130 27.88828125 224.46640625
140 29.23203125 253.6984375
150 23.46015625 277.15859375
160 18.72890625 295.8875
170 24.05546875 319.94296875
180 25.3609375 345.30390625
190 36.66171875 381.965625
200 41.57421875 423.53984375
210 37.91953125 461.459375
220 43.63046875 505.08984375
230 42.10390625 547.19375
240 41.62578125 588.81953125
250 54.57734375 643.396875
260 44.52421875 687.92109375
270 57.07421875 744.9953125
280 61.2328125 806.228125
290 45.621875 851.85
300 62.15390625 914.00390625
310 72.0984375 986.10234375
320 73.540625 1059.64296875
330 69.19921875 1128.8421875
340 78.8 1207.6421875
350 73.69453125 1281.33671875
360 90.40859375 1371.7453125
370 108.28203125 1480.02734375
380 114.75390625 1594.78125
390 114.078125 1708.859375
400 110.3296875 1819.1890625
410 86.40703125 1905.59609375
420 37.8578125 1943.45390625
430 16.83125 1960.28515625
440 9.7890625 1970.07421875
450 10.91953125 1980.99375
460 4.51796875 1985.51171875
464 0 1985.51171875
