0 7 10
10 6 10
20 3 10
30 9 10
40 11 11
50 7 11
60 7 12
70 18 19
80 6 21
90 14 21
100 15 21
110 3 21
120 14 21
130 26 27
140 39 40
150 37 41
160 29 41
170 29 41
180 33 41
190 51 51
200 84 84
210 112 113
220 132 133
230 131 134
240 138 138
250 142 145
260 140 145
270 155 159
280 144 159
290 145 159
300 156 159
310 162 172
320 157 172
330 161 172
340 168 174
350 162 174
360 208 209
370 216 221
380 223 230
390 211 230
400 209 230
410 184 230
420 112 230
430 94 230
440 62 230
450 21 230
460 0 230
464 0 230
