0 1 10
10 0.9 19
20 0.6 25
30 1.1 36
40 1.5 51
50 0.9 60
60 1 70
70 2.1 91
80 1.3 104
90 1.8 122
100 1.6 138
110 1.2 150
120 1.7 167
130 2.8 195
140 3.1 226
150 1.4 240
160 1.3 253
170 1.7 270
180 2.9 299
190 3.6 335
200 5.1 386
210 5 436
220 4 476
230 3.4 510
240 4.8 558
250 5.5 613
260 4.7 660
270 7.7 737
280 6.9 806
290 5.3 859
300 7.8 937
310 10.3 1040
320 10.1 1141
330 8.7 1228
340 10.2 1330
350 8.9 1419
360 16.4 1583
370 17.6 1759
380 18 1939
390 17.7 2116
400 15.7 2273
410 12.5 2398
420 0 2398
430 0 2398
440 0 2398
450 0 2398
460 0 2398
464 0 2398
