0 0.9 9
10 2.6 35
20 4.2 77
30 3.8 115
40 3.4 149
50 3.5 184
60 6 244
70 7.1 315
80 5.9 374
90 6.7 441
100 3.9 480
110 5.5 535
120 4.6 581
130 5.1 632
140 8.5 717
150 7.3 790
160 5.1 841
170 7.8 919
180 7.4 993
190 11.9 1112
200 15.2 1264
210 14.5 1409
220 14.2 1551
230 17.9 1730
240 17.5 1905
250 19.5 2100
260 17.5 2275
270 17.3 2448
280 16.4 2612
290 19.8 2810
300 21.7 3027
310 22.6 3253
320 17.7 3430
330 21.8 3648
340 15.3 3801
350 15.6 3957
360 19.2 4149
370 19.4 4343
380 18.8 4531
390 18.6 4717
400 17.8 4895
410 19.5 5090
420 25.3 5343
430 17.2 5515
440 11.6 5631
450 10.2 5733
460 9.2 5825
464 0.2 5827
