0 0.5 26.22236328125 49.98636342497649 126.195068359375 1.177001953125 0 0
10 0.9 1.2481011284722223 0.052469194671221075 126.195068359375 1.150146484375 26.22236328125 5
20 0.8 1.252899169921875 0.05703237316906835 126.195068359375 1.150146484375 10.16748046875 14
30 0.9 1.2681477864583333 0.04322537937962463 126.195068359375 1.150146484375 6.925814541903409 22
40 0.8 1.809844970703125 1.3849082326564104 126.195068359375 1.150146484375 5.283266129032258 31
50 1 1.2654541015625 0.046381199558581714 126.195068359375 1.150146484375 4.570769481169871 39
60 1.7 4.596593520220588 13.562150008886618 126.195068359375 1.0458984375 3.896215322066326 49
70 1.8 1.1845160590277777 0.059160308157935076 126.195068359375 1.0458984375 4.076615767045454 66
80 1.7 1.3384650735294117 0.11378179436181149 126.195068359375 1.0458984375 3.456880115327381 84
90 1.2 1.2650960286458333 0.09760994555160343 126.195068359375 1.036865234375 3.10031520730198 101
100 1.2 1.2540690104166667 0.1346028153812637 126.195068359375 1.036865234375 2.90542467505531 113
110 1.7 1.178079044117647 0.05909514827698655 126.195068359375 1.036865234375 2.74689453125 125
120 1 3.4630859375 6.594759923239628 126.195068359375 1.036865234375 2.559078592649648 142
130 1.3 1.3068096454326923 0.10114629140994816 126.195068359375 1.036865234375 2.6185527600740133 152
140 2.3 1.327286430027174 0.3786678672399135 126.195068359375 1.03515625 2.5152033025568183 165
150 1.8 1.2221001519097223 0.064577531326077 126.195068359375 1.03515625 2.369873046875 188
160 1.4 1.272495814732143 0.09556876477959135 126.195068359375 1.03515625 2.269582211392597 206
170 1.8 1.2183159722222223 0.12056473210709943 126.195068359375 0.99609375 2.206131258877841 220
180 2.5 2.159755859375 4.716895266628739 126.195068359375 0.98486328125 2.1314225397190127 238
190 3.7 1.2342166385135136 0.31481621244900637 126.195068359375 0.9501953125 2.134115821055133 263
200 3.8 1.3508622018914471 1.1266847805046871 126.195068359375 0.846923828125 2.0231282552083334 300
210 3.4 1.1672506893382353 0.12722907051181157 126.195068359375 0.846923828125 1.9475480480306953 338
220 5 1.2306249999999996 0.22650162903829352 126.195068359375 0.846923828125 1.8762305475050403 372
230 3.9 1.2104366987179487 0.1280451702886782 126.195068359375 0.846923828125 1.7997369992224526 422
240 5.1 2.2787176393995106 7.9818441659119586 126.195068359375 0.846923828125 1.7498829607849784 461
250 7.2 1.1264919704861105 0.27363599371198966 126.195068359375 0.77294921875 1.8025598526000977 512
260 6.8 1.139504825367647 0.6509700919981397 126.195068359375 0.75390625 1.7192090178189212 584
270 6.6 1.1191295276988635 0.11891470072089022 126.195068359375 0.75390625 1.658749071366948 652
280 5.9 1.1839123742055084 0.1436768554028839 126.195068359375 0.75390625 1.6091461606676531 718
290 6 1.1743733723958332 0.2571407558944629 126.195068359375 0.75390625 1.5768568512709138 777
300 6.9 3.0856296705163047 10.097907219006492 126.195068359375 0.75390625 1.5480049889859617 837
310 9.1 1.2188868260645604 0.8745311016725209 126.195068359375 0.712890625 1.665108855460127 906
320 9.6 1.3339589436848955 1.1985058355717841 126.195068359375 0.712890625 1.6243804656155967 997
330 12.5 1.275015625 0.9115002899043909 126.195068359375 0.712890625 1.5988722624085088 1093
340 9.7 1.2049975837628861 0.21909493489372295 126.195068359375 0.712890625 1.5656357437910509 1218
350 9.9 1.3114050662878782 0.8636842123873335 126.195068359375 0.712890625 1.539033537309886 1315
360 12.7 1.3468277097687007 1.947933093600821 126.195068359375 0.712890625 1.5230963246994342 1414
370 14.5 1.355020878232759 1.0672795451219173 126.195068359375 0.712890625 1.5085693200945003 1541
380 16.1 1.232682696040373 0.3348210878342128 126.195068359375 0.712890625 1.4953637898038998 1686
390 15.9 1.2408854166666659 0.6555599554060155 126.195068359375 0.712890625 1.4724663040995534 1847
400 17.4 1.2307760304418103 0.35139816134208296 126.195068359375 0.712890625 1.4541106903897683 2006
410 15.5 1.2494187878024186 1.0211923509300795 126.195068359375 0.712890625 1.4362848964306192 2180
420 5.4 1.1904296875 0.21418194291239004 126.195068359375 0.712890625 1.423880508063437 2335
430 0 0 0 126.195068359375 0.712890625 1.4186036791348366 2389
440 0 0 0 126.195068359375 0.712890625 1.4186036791348366 2389
450 0 0 0 126.195068359375 0.712890625 1.4186036791348366 2389
460 0 0 0 126.195068359375 0.712890625 1.4186036791348366 2389
464 0 0 0 126.195068359375 0.712890625 1.4186036791348366 2389
