0 0.1 10.657985757884028 0 10.657985757884028 10.657985757884028 0 0
10 0.1 1.9704433497536946 0.0 10.657985757884028 1.9704433497536946 10.657985757884028 1
20 0.1 1.0901883052527255 0.0 10.657985757884028 1.0901883052527255 6.314214553818861 2
30 0.1 0.9930486593843099 0.0 10.657985757884028 0.9930486593843099 4.572872470963483 3
40 0.1 1.0912698412698412 0.0 10.657985757884028 0.9930486593843099 3.67791651806869 4
50 0.1 1.0901883052527255 0.0 10.657985757884028 0.9930486593843099 3.1605871827089205 5
60 0.1 0.9930486593843099 0.0 10.657985757884028 0.9930486593843099 2.8155207031328877 6
70 0.1 1.2896825396825395 0.0 10.657985757884028 0.9930486593843099 2.555167554025948 7
80 0.1 1.3902681231380336 0.0 10.657985757884028 0.9930486593843099 2.396981927233022 8
90 0.1 1.294820717131474 0.0 10.657985757884028 0.9930486593843099 2.2851248378891342 9
100 0.1 1.1904761904761905 0.0 10.657985757884028 0.9930486593843099 2.1860944258133683 10
110 0.1 1.3888888888888888 0.0 10.657985757884028 0.9930486593843099 2.0955836771463523 11
120 0.1 1.2922465208747516 0.0 10.657985757884028 0.9930486593843099 2.0366924447915635 12
130 0.1 1.2858555885262115 0.0 10.657985757884028 0.9930486593843099 1.9794273737210395 13
140 0.1 1.1964107676969093 0.0 10.657985757884028 0.9930486593843099 1.9298865319214087 14
150 0.1 1.1976047904191618 0.0 10.657985757884028 0.9930486593843099 1.8809881476397756 15
160 0.1 1.8774703557312251 0.0 10.657985757884028 0.9930486593843099 1.8382766878134873 16
170 0.1 1.0956175298804782 0.0 10.657985757884028 0.9930486593843099 1.8405821976910013 17
180 0.1 1.5873015873015872 0.0 10.657985757884028 0.9930486593843099 1.799195271701528 18
190 0.1 1.5920398009950247 0.0 10.657985757884028 0.9930486593843099 1.788042972522584 19
200 0.1 1.998001998001998 0.0 10.657985757884028 0.9930486593843099 1.7782428139462059 20
210 0.1 2.1 0.0 10.657985757884028 0.9930486593843099 1.7887075369964816 21
220 0.1 1.8054162487462388 0.0 10.657985757884028 0.9930486593843099 1.8028571944057326 22
230 0.1 2.1105527638190953 0.0 10.657985757884028 0.9930486593843099 1.8029684576379286 23
240 0.1 2.6026026026026026 0.0 10.657985757884028 0.9930486593843099 1.815784470395477 24
250 0.1 2.3115577889447234 0.0 10.657985757884028 0.9930486593843099 1.847257195683762 25
260 0.1 3.3966033966033966 0.0 10.657985757884028 0.9930486593843099 1.8651149108091838 26
270 0.1 2.3023023023023024 0.0 10.657985757884028 0.9930486593843099 1.9218367065793398 27
280 0.1 2.694610778443114 0.0 10.657985757884028 0.9930486593843099 1.9354247635694455 28
290 0.1 2.6052104208416833 0.0 10.657985757884028 0.9930486593843099 1.9616035916685375 29
300 0.1 3.0 0.0 10.657985757884028 0.9930486593843099 1.9830571526409757 30
310 0.1 3.6363636363636362 0.0 10.657985757884028 0.9930486593843099 2.0158617606202993 31
320 0.1 3.6072144288577155 0.0 10.657985757884028 0.9930486593843099 2.066502444237279 32
330 0.1 3.6511156186612577 0.0 10.657985757884028 0.9930486593843099 2.1131906861954737 33
340 0.1 4.757085020242915 0.0 10.657985757884028 0.9930486593843099 2.1584237724444675 34
350 0.1 4.431017119838873 0.0 10.657985757884028 0.9930486593843099 2.23267123666728 35
360 0.1 3.733602421796166 0.0 10.657985757884028 0.9930486593843099 2.2937364000887133 36
370 0.1 4.405737704918033 0.0 10.657985757884028 0.9930486593843099 2.332651697972698 37
380 0.1 5.241521068859199 0.0 10.657985757884028 0.9930486593843099 2.3872065928923125 38
390 0.1 6.237218813905931 0.0 10.657985757884028 0.9930486593843099 2.4603941435581302 39
400 0.1 5.828220858895705 0.0 10.657985757884028 0.9930486593843099 2.554814760316825 40
410 0.1 5.834186284544525 0.0 10.657985757884028 0.9930486593843099 2.634653933452895 41
420 0.1 5.386178861788618 0.0 10.657985757884028 0.9930486593843099 2.710833275145553 42
430 0.1 2.991026919242273 0.0 10.657985757884028 0.9930486593843099 2.7730506143698106 43
440 0.1 1.3972055888223553 0.0 10.657985757884028 0.9930486593843099 2.7780046212987304 44
450 0.1 1.4910536779324055 0.0 10.657985757884028 0.9930486593843099 2.747320198354811 45
460 0.1 1.4910536779324055 0.0 10.657985757884028 0.9930486593843099 2.720010056606498 46
