0 0.1 1
10 0.5 6
20 0.9 15
30 1.1 26
40 1 36
50 0.8 44
60 1 54
70 2.2 76
80 1.3 89
90 1.9 108
100 0.8 116
110 1 126
120 1.5 141
130 1.1 152
140 1.9 171
150 1.8 189
160 1.4 203
170 1.9 222
180 1.6 238
190 2 258
200 4 298
210 4 338
220 2.8 366
230 4.1 407
240 4.4 451
250 3.4 485
260 3.8 523
270 3.9 562
280 2.8 590
290 4.4 634
300 5.4 688
310 6.9 757
320 6.9 826
330 10.4 930
340 11.4 1044
350 10.8 1152
360 9.2 1244
370 13.8 1382
380 15 1532
390 16.4 1696
400 17 1866
410 16.6 2032
420 11.6 2148
430 6 2208
440 4.7 2255
450 6 2315
460 7.2 2387
464 0.2 2389
