0 0.1 3166.91015625 0 3166.91015625 3166.91015625 0 0
10 0.1 3165.3515625 0.0 3166.91015625 3165.3515625 3166.91015625 1
20 0.1 3163.6171875 0.0 3166.91015625 3163.6171875 3166.130859375 2
30 0.1 3163.3046875 0.0 3166.91015625 3163.3046875 3165.29296875 3
40 0.1 3163.40234375 0.0 3166.91015625 3163.3046875 3164.7958984375 4
50 0.1 3163.6484375 0.0 3166.91015625 3163.3046875 3164.5171875 5
60 0.1 3164.01171875 0.0 3166.91015625 3163.3046875 3164.3723958333335 6
70 0.1 3162.31640625 0.0 3166.91015625 3162.31640625 3164.320870535714 7
80 0.1 3161.7109375 0.0 3166.91015625 3161.7109375 3164.0703125 8
90 0.1 3161.10546875 0.0 3166.91015625 3161.10546875 3163.808159722222 9
100 0.1 3161.3359375 0.0 3166.91015625 3161.10546875 3163.537890625 10
110 0.1 3160.9921875 0.0 3166.91015625 3160.9921875 3163.337713068182 11
120 0.1 3160.9453125 0.0 3166.91015625 3160.9453125 3163.1422526041665 12
130 0.1 3160.94921875 0.0 3166.91015625 3160.9453125 3162.9732572115386 13
140 0.1 3160.70703125 0.0 3166.91015625 3160.70703125 3162.828683035714 14
150 0.1 3160.48828125 0.0 3166.91015625 3160.48828125 3162.6872395833334 15
160 0.1 3160.73828125 0.0 3166.91015625 3160.48828125 3162.5498046875 16
170 0.1 3160.140625 0.0 3166.91015625 3160.140625 3162.443244485294 17
180 0.1 3159.4140625 0.0 3166.91015625 3159.4140625 3162.3153211805557 18
190 0.1 3158.1875 0.0 3166.91015625 3158.1875 3162.1626233552633 19
200 0.1 3155.7265625 0.0 3166.91015625 3155.7265625 3161.9638671875 20
210 0.1 3154.625 0.0 3166.91015625 3154.625 3161.6668526785716 21
220 0.1 3154.2578125 0.0 3166.91015625 3154.2578125 3161.346768465909 22
230 0.1 3151.5546875 0.0 3166.91015625 3151.5546875 3161.0385529891305 23
240 0.1 3150.203125 0.0 3166.91015625 3150.203125 3160.6433919270835 24
250 0.1 3148.90625 0.0 3166.91015625 3148.90625 3160.22578125 25
260 0.1 3146.484375 0.0 3166.91015625 3146.484375 3159.7904146634614 26
270 0.1 3144.39453125 0.0 3166.91015625 3144.39453125 3159.2975983796296 27
280 0.1 3140.23828125 0.0 3166.91015625 3140.23828125 3158.7653459821427 28
290 0.1 3134.2421875 0.0 3166.91015625 3134.2421875 3158.1264816810344 29
300 0.1 3130.9765625 0.0 3166.91015625 3130.9765625 3157.3303385416666 30
310 0.1 3127.2421875 0.0 3166.91015625 3127.2421875 3156.4802167338707 31
320 0.1 3125.1484375 0.0 3166.91015625 3125.1484375 3155.5665283203125 32
330 0.1 3122.98828125 0.0 3166.91015625 3122.98828125 3154.644767992424 33
340 0.1 3122.30859375 0.0 3166.91015625 3122.30859375 3153.713694852941 34
350 0.1 3122.02734375 0.0 3166.91015625 3122.02734375 3152.81640625 35
360 0.1 3121.89453125 0.0 3166.91015625 3121.89453125 3151.9611545138887 36
370 0.1 3121.11328125 0.0 3166.91015625 3121.11328125 3151.148543074324 37
380 0.1 3120.76953125 0.0 3166.91015625 3120.76953125 3150.3581414473683 38
390 0.1 3120.546875 0.0 3166.91015625 3120.546875 3149.5994591346152 39
400 0.1 3120.53125 0.0 3166.91015625 3120.53125 3148.87314453125 40
410 0.1 3120.71484375 0.0 3166.91015625 3120.53125 3148.181878810976 41
420 0.1 3120.5703125 0.0 3166.91015625 3120.53125 3147.527901785714 42
430 0.1 3120.21484375 0.0 3166.91015625 3120.21484375 3146.9009811046512 43
440 0.1 3119.01171875 0.0 3166.91015625 3119.01171875 3146.2944779829545 44
450 0.1 3118.90234375 0.0 3166.91015625 3118.90234375 3145.6881944444444 45
460 0.1 3120.56640625 0.0 3166.91015625 3118.90234375 3145.1058933423915 46
