0 0.1 0.0 0 0.0 0.0 0 0
10 0.1 0.0 0.0 0.0 0.0 0.0 1
20 0.1 0.0 0.0 0.0 0.0 0.0 2
30 0.1 0.0 0.0 0.0 0.0 0.0 3
40 0.1 0.0 0.0 0.0 0.0 0.0 4
50 0.1 0.0 0.0 0.0 0.0 0.0 5
60 0.1 0.0 0.0 0.0 0.0 0.0 6
70 0.1 0.0 0.0 0.0 0.0 0.0 7
80 0.1 0.0 0.0 0.0 0.0 0.0 8
90 0.1 0.0 0.0 0.0 0.0 0.0 9
100 0.1 0.0 0.0 0.0 0.0 0.0 10
110 0.1 0.0 0.0 0.0 0.0 0.0 11
120 0.1 0.0 0.0 0.0 0.0 0.0 12
130 0.1 0.0 0.0 0.0 0.0 0.0 13
140 0.1 0.0 0.0 0.0 0.0 0.0 14
150 0.1 0.0 0.0 0.0 0.0 0.0 15
160 0.1 0.0 0.0 0.0 0.0 0.0 16
170 0.1 0.0 0.0 0.0 0.0 0.0 17
180 0.1 0.0 0.0 0.0 0.0 0.0 18
190 0.1 0.0 0.0 0.0 0.0 0.0 19
200 0.1 0.0 0.0 0.0 0.0 0.0 20
210 0.1 0.0 0.0 0.0 0.0 0.0 21
220 0.1 0.0 0.0 0.0 0.0 0.0 22
230 0.1 0.0 0.0 0.0 0.0 0.0 23
240 0.1 0.0 0.0 0.0 0.0 0.0 24
250 0.1 0.0 0.0 0.0 0.0 0.0 25
260 0.1 0.0 0.0 0.0 0.0 0.0 26
270 0.1 0.0 0.0 0.0 0.0 0.0 27
280 0.1 0.078125 0.0 0.078125 0.0 0.0 28
290 0.1 0.0703125 0.0 0.078125 0.0 0.0026939655172413795 29
300 0.1 0.05859375 0.0 0.078125 0.0 0.0049479166666666664 30
310 0.1 0.05078125 0.0 0.078125 0.0 0.006678427419354839 31
320 0.1 0.0390625 0.0 0.078125 0.0 0.008056640625 32
330 0.1 0.0390625 0.0 0.078125 0.0 0.008996212121212122 33
340 0.1 0.03125 0.0 0.078125 0.0 0.009880514705882353 34
350 0.1 0.03125 0.0 0.078125 0.0 0.010491071428571428 35
360 0.1 0.01953125 0.0 0.078125 0.0 0.011067708333333332 36
370 0.1 0.01953125 0.0 0.078125 0.0 0.011296452702702702 37
380 0.1 0.08984375 0.0 0.08984375 0.0 0.011513157894736841 38
390 0.1 0.16015625 0.0 0.16015625 0.0 0.013521634615384616 39
400 0.1 0.12890625 0.0 0.16015625 0.0 0.0171875 40
410 0.1 0.109375 0.0 0.16015625 0.0 0.01991234756097561 41
420 0.1 0.08984375 0.0 0.16015625 0.0 0.022042410714285716 42
430 0.1 0.078125 0.0 0.16015625 0.0 0.023619186046511628 43
440 0.1 0.0703125 0.0 0.16015625 0.0 0.024857954545454544 44
450 0.1 0.05859375 0.0 0.16015625 0.0 0.025868055555555554 45
460 0.1 0.05078125 0.0 0.16015625 0.0 0.026579483695652172 46
