0 0.9 2077.4917805989585 1572.4467354115861 4024.47802734375 20.846923828125 0 0
10 2.6 1027.7183462289663 1409.4847949011798 7008.26806640625 15.263916015625 2077.4917805989585 9
20 4.2 819.4493698846726 1840.7529607606546 11192.268798828125 7.7919921875 1297.6600864955358 35
30 3.8 369.69628906250006 348.6775482452882 11192.268798828125 7.7919921875 1036.817877435065 77
40 3.4 428.26817411534927 484.21492766704097 11192.268798828125 7.7919921875 816.3777004076087 115
50 3.5 281.1335658482143 302.9129498864862 11192.268798828125 7.689208984375 727.8157950791737 149
60 6 325.80924886067714 297.4561159303568 11192.268798828125 7.18408203125 642.8490666928499 184
70 7.1 488.3354423415493 987.3372009453414 11192.268798828125 7.18408203125 564.8884557505123 244
80 5.9 276.9469387248411 301.0481533955506 11192.268798828125 7.18408203125 547.6336495535714 315
90 6.7 556.7174564190765 548.6989999672917 11192.268798828125 7.18408203125 504.93173527845084 374
100 3.9 397.87293419471155 413.8418492796081 11192.268798828125 7.18408203125 512.7994071977749 441
110 5.5 234.01902965198863 269.5880001412695 11192.268798828125 7.18408203125 503.461631266276 480
120 4.6 371.8114915930706 315.7043025564972 11192.268798828125 7.18115234375 475.7619245582652 535
130 5.1 366.85442038143384 333.7813391715726 11192.268798828125 7.18115234375 467.5317697968212 581
140 8.5 695.5792250689339 632.9295003261509 11192.268798828125 7.18115234375 459.40749001804784 632
150 7.3 925.7208168343321 1361.0121325468028 11715.432861328125 7.18115234375 487.40553392226724 717
160 5 1020.992177734375 1695.4936728801567 11813.873046875 7.18115234375 527.9080853812302 790
170 7.9 684.7443445905855 1312.0457996850794 11813.873046875 7.18115234375 557.2583289736793 840
180 7.4 847.7431409681164 678.4923899038794 11813.873046875 7.18115234375 568.217409750323 919
190 11.9 1073.9645072872902 1493.6034510642617 11813.873046875 7.18115234375 589.0481288944485 993
200 15.2 1361.6050222296465 1520.348749646292 11813.873046875 7.18115234375 640.9411585965602 1112
210 14.5 716.8684705010776 766.7734377868813 11813.873046875 7.18115234375 727.6032687802857 1264
220 14.2 1446.6764380226673 1846.6338812906383 15553.44677734375 7.18115234375 726.4985521369322 1409
230 17.9 1923.8022406380946 1378.6021273455606 15622.39208984375 7.18115234375 792.4336003611581 1551
240 17.5 1810.8997502790178 1354.8084072009397 15857.571044921875 7.18115234375 909.4942862626447 1730
250 19.5 2228.344608874198 1591.300075436666 15857.571044921875 7.18115234375 992.3005624846212 1905
260 17.5 4056.3200864955356 1900.914892359292 17750.0048828125 7.18115234375 1107.076081077939 2100
270 17.3 5667.842969596729 3140.256363852397 18882.06494140625 7.18115234375 1333.9410045716004 2275
280 16.6 7823.1104177452 3773.271593914777 22367.704833984375 3.842041015625 1640.21757317836 2448
290 23 7485.292195991848 4119.883606157927 24781.425048828125 1.669921875 2032.8572871026504 2614
300 24.7 6524.049271927191 3444.965133716396 24781.425048828125 1.43896484375 2473.8066644038163 2844
310 27.4 6345.867284621634 3114.317056483443 24781.425048828125 1.385009765625 2797.459179466344 3091
320 30.3 6077.839137111953 5228.486975303444 24781.425048828125 1.06396484375 3086.393450138721 3365
330 49.8 4459.551878412088 5150.483602863304 24781.425048828125 0.9599609375 3333.505784695125 3668
340 43.8 3844.4723329587614 5327.981769908359 24781.425048828125 0.9599609375 3468.112350866764 4166
350 39.8 5242.997349417984 6757.9877814353995 24781.425048828125 0.9599609375 3503.9172318737783 4604
360 44.2 5640.475898017713 6670.958786280326 27350.77294921875 0.9599609375 3642.292659059423 5002
370 56.2 3860.733397134258 5424.333993666619 32532.321044921875 0.9599609375 3804.525758181312 5444
380 60.6 3374.3347744076164 5209.942735235673 32532.321044921875 0.9599609375 3809.7852808405787 6006
390 68.8 2917.3975684587313 4849.722777405208 32532.321044921875 0.9599609375 3769.8755701783925 6612
400 70.4 3016.168176130819 5287.701995282665 32532.321044921875 0.9599609375 3689.532437961526 7300
410 62.4 3710.020316882012 5576.512490051899 32532.321044921875 0.9599609375 3630.3059961413337 8004
420 44.4 5254.257717373132 4648.260913115248 32532.321044921875 0.9599609375 3636.0711486844702 8628
430 17.2 9305.75985220976 1053.3229938326251 32532.321044921875 0.9599609375 3715.2681103795503 9072
440 11.6 12081.531929805362 927.300123317434 32532.321044921875 0.9599609375 3819.2885105953437 9244
450 10.2 13281.900539024204 3685.031501797447 32532.321044921875 0.9599609375 3921.683835021451 9360
460 9.2 8458.086587657093 4894.772428554632 32532.321044921875 0.9599609375 4022.586614963142 9462
464 0.2 12126.5830078125 11474.77099609375 32532.321044921875 0.9599609375 4065.2981491360374 9554
