10 0.1 100 0 100 100 0 0
20 0.1 281.0 0.0 281 100 100.0 1
30 0.1 381.0 0.0 381 100 190.5 2
40 0.1 324.0 0.0 381 100 254.0 3
50 0.1 316.0 0.0 381 100 271.5 4
60 0.1 378.0 0.0 381 100 280.4 5
70 0.1 508.0 0.0 508 100 296.6666666666667 6
80 0.1 607.0 0.0 607 100 326.85714285714283 7
90 0.1 577.0 0.0 607 100 361.875 8
100 0.1 556.0 0.0 607 100 385.77777777777777 9
110 0.1 370.0 0.0 607 100 402.8 10
120 0.1 523.0 0.0 607 100 399.8181818181818 11
130 0.1 390.0 0.0 607 100 410.0833333333333 12
140 0.1 575.0 0.0 607 100 408.53846153846155 13
150 0.1 701.0 0.0 701 100 420.42857142857144 14
160 0.1 669.0 0.0 701 100 439.1333333333333 15
170 0.1 545.0 0.0 701 100 453.5 16
180 0.1 659.0 0.0 701 100 458.88235294117646 17
190 0.1 776.0 0.0 776 100 470.0 18
200 0.1 1081.0 0.0 1081 100 486.10526315789474 19
210 0.1 1522.0 0.0 1522 100 515.85 20
220 0.1 1327.0 0.0 1522 100 563.7619047619048 21
230 0.1 1463.0 0.0 1522 100 598.4545454545455 22
240 0.1 1654.0 0.0 1654 100 636.0434782608696 23
250 0.1 1742.0 0.0 1742 100 678.4583333333334 24
260 0.1 1921.0 0.0 1921 100 721.0 25
270 0.1 1593.0 0.0 1921 100 767.1538461538462 26
280 0.1 1547.0 0.0 1921 100 797.7407407407408 27
290 0.1 1577.0 0.0 1921 100 824.5 28
300 0.1 2071.0 0.0 2071 100 850.448275862069 29
310 0.1 2217.0 0.0 2217 100 891.1333333333333 30
320 0.1 1977.0 0.0 2217 100 933.9032258064516 31
330 0.1 2295.0 0.0 2295 100 966.5 32
340 0.1 2420.0 0.0 2420 100 1006.7575757575758 33
350 0.1 2099.0 0.0 2420 100 1048.3235294117646 34
360 0.1 2027.0 0.0 2420 100 1078.3428571428572 35
370 0.1 2483.0 0.0 2483 100 1104.6944444444443 36
380 0.1 2754.0 0.0 2754 100 1141.945945945946 37
390 0.1 2838.0 0.0 2838 100 1184.3684210526317 38
400 0.1 2770.0 0.0 2838 100 1226.7692307692307 39
410 0.1 2792.0 0.0 2838 100 1265.35 40
420 0.1 2871.0 0.0 2871 100 1302.5853658536585 41
430 0.1 2041.0 0.0 2871 100 1339.9285714285713 42
440 0.1 1274.0 0.0 2871 100 1356.2325581395346 43
450 0.1 909.0 0.0 2871 100 1354.363636363636 44
460 0.1 1183.0 0.0 2871 100 1344.4666666666662 45
