10 0.1 64 0 64 64 0 0
20 0.1 174.0 0.0 174 64 64.0 1
30 0.1 220.0 0.0 220 64 119.0 2
40 0.1 204.0 0.0 220 64 152.66666666666666 3
50 0.1 206.0 0.0 220 64 165.5 4
60 0.1 268.0 0.0 268 64 173.6 5
70 0.1 380.0 0.0 380 64 189.33333333333334 6
80 0.1 422.0 0.0 422 64 216.57142857142858 7
90 0.1 392.0 0.0 422 64 242.25 8
100 0.1 362.0 0.0 422 64 258.8888888888889 9
110 0.1 280.0 0.0 422 64 269.2 10
120 0.1 386.0 0.0 422 64 270.1818181818182 11
130 0.1 262.0 0.0 422 64 279.8333333333333 12
140 0.1 421.0 0.0 422 64 278.46153846153845 13
150 0.1 495.0 0.0 495 64 288.64285714285717 14
160 0.1 479.0 0.0 495 64 302.4 15
170 0.1 400.0 0.0 495 64 313.4375 16
180 0.1 456.0 0.0 495 64 318.52941176470586 17
190 0.1 566.0 0.0 566 64 326.1666666666667 18
200 0.1 775.0 0.0 775 64 338.7894736842105 19
210 0.1 1124.0 0.0 1124 64 360.6 20
220 0.1 938.0 0.0 1124 64 396.95238095238096 21
230 0.1 1042.0 0.0 1124 64 421.54545454545456 22
240 0.1 1154.0 0.0 1154 64 448.5217391304348 23
250 0.1 1306.0 0.0 1306 64 477.9166666666667 24
260 0.1 1465.0 0.0 1465 64 511.04 25
270 0.1 1232.0 0.0 1465 64 547.7307692307693 26
280 0.1 1151.0 0.0 1465 64 573.0740740740741 27
290 0.1 1217.0 0.0 1465 64 593.7142857142857 28
300 0.1 1491.0 0.0 1491 64 615.2068965517242 29
310 0.1 1709.0 0.0 1709 64 644.4 30
320 0.1 1642.0 0.0 1709 64 678.741935483871 31
330 0.1 1945.0 0.0 1945 64 708.84375 32
340 0.1 2336.0 0.0 2336 64 746.3030303030303 33
350 0.1 1974.0 0.0 2336 64 793.0588235294117 34
360 0.1 1807.0 0.0 2336 64 826.8 35
370 0.1 2359.0 0.0 2359 64 854.0277777777778 36
380 0.1 2723.0 0.0 2723 64 894.7027027027027 37
390 0.1 2868.0 0.0 2868 64 942.8157894736842 38
400 0.1 2782.0 0.0 2868 64 992.1794871794872 39
410 0.1 2916.0 0.0 2916 64 1036.925 40
420 0.1 2675.0 0.0 2916 64 1082.7560975609756 41
430 0.1 1444.0 0.0 2916 64 1120.6666666666667 42
440 0.1 808.0 0.0 2916 64 1128.1860465116279 43
450 0.1 611.0 0.0 2916 64 1120.909090909091 44
460 0.1 829.0 0.0 2916 64 1109.5777777777778 45
