0 0.1 7141.440185546875 0 7141.440185546875 7141.440185546875 0 0
10 0.5 8863.826611328124 2018.0551577836286 12376.801025390625 6477.243896484375 7141.440185546875 1
20 0.9 9193.405219184027 4703.255235250249 18586.488037109375 5304.911865234375 8576.76220703125 6
30 1.1 8275.571067116478 3456.0724613628663 18586.488037109375 3710.06689453125 8946.748014322917 15
40 1 7847.112573242188 2855.366939412613 18586.488037109375 3710.06689453125 8662.788536658654 26
50 0.8 5260.9283447265625 1939.3664181434817 18586.488037109375 2172.557861328125 8436.21188015408 36
60 1 5285.909692382813 1755.960732137872 18586.488037109375 2172.557861328125 7858.88760098544 44
70 2.2 6358.5009654651985 2276.750976601111 18586.488037109375 1636.98291015625 7382.410210503473 54
80 1.3 5840.468787560096 2505.3911616075434 18586.488037109375 1636.98291015625 7086.015429045025 76
90 1.9 7068.950914884868 2777.200763368105 18586.488037109375 1636.98291015625 6904.0816499517205 89
100 0.8 7119.350128173828 3707.6163689406458 18586.488037109375 1636.98291015625 6933.086428041811 108
110 1 8438.706298828125 4165.417181109054 18586.488037109375 1636.98291015625 6945.932200464709 116
120 1.5 7541.105322265625 2786.9376465448554 18586.488037109375 1636.98291015625 7064.406335255457 126
130 1.1 8799.934126420454 2580.0100337781246 18586.488037109375 1636.98291015625 7115.118993448027 141
140 1.9 9500.830258018092 4942.817480610427 21599.119873046875 1636.98291015625 7237.046404386821 152
150 1.8 7958.884060329861 2534.6792354413938 21599.119873046875 1636.98291015625 7488.5779436791845 171
160 1.4 11262.201817103794 4361.31717039919 21599.119873046875 1636.98291015625 7533.3690024078205 189
170 1.9 9180.373136821547 4250.669027988448 21599.119873046875 1636.98291015625 7790.5298861799565 203
180 1.6 8833.573425292969 2814.280161686291 21599.119873046875 1636.98291015625 7909.480434658291 222
190 2 10309.906579589844 3635.1768698770766 21599.119873046875 1636.98291015625 7971.604333188354 238
200 4 11566.524102783205 4254.372802374322 21599.119873046875 1636.98291015625 8152.868073219477 258
210 4 8763.935632324215 4029.4487258215804 21599.119873046875 1636.98291015625 8611.076936248164 298
220 2.8 9590.39830671038 4196.843991367411 21599.119873046875 1636.98291015625 8629.166722766042 338
230 4.1 13775.938208603278 5299.165627259094 32123.19580078125 1636.98291015625 8702.703565253587 366
240 4.4 12399.715670498934 3811.2129419610164 32123.19580078125 1636.98291015625 9213.766514583654 407
250 3.4 13437.752498851103 5108.501055216251 32123.19580078125 1636.98291015625 9524.590822477827 451
260 3.8 16454.25062962582 5602.1164063337055 32123.19580078125 1636.98291015625 9798.915558553479 485
270 3.9 19813.798258463543 5264.347643858659 32123.19580078125 1636.98291015625 10282.477188956442 523
280 2.8 25249.788190569197 6743.807329103271 36636.300048828125 1636.98291015625 10943.903384171346 562
290 4.4 32105.31083540483 7054.445178879417 45455.8310546875 1636.98291015625 11622.82673091565 590
300 5.4 34056.5995053892 9507.959147570391 50223.134033203125 1636.98291015625 13044.324050470106 634
310 6.9 34349.35579427085 8722.146060912615 50247.617919921875 1636.98291015625 14693.543344896892 688
320 6.9 31955.029187188633 10209.834683145602 57852.76611328125 1636.98291015625 16485.15636868395 757
330 10.4 24936.801030085637 11759.389138320144 57852.76611328125 207.73193359375 17777.433880157103 826
340 11.4 24866.035070586626 11793.842465346224 57852.76611328125 207.73193359375 18578.05128186954 930
350 10.8 25978.253558123553 11684.862000117872 57852.76611328125 207.73193359375 19264.670201327153 1044
360 9.2 26147.67126730214 12391.164900271697 68794.9169921875 207.73193359375 19894.068641026814 1152
370 13.8 23546.752475019817 13679.293800054662 68794.9169921875 207.73193359375 20356.55372271277 1244
380 15 20776.959554036457 13140.288571977431 68794.9169921875 207.73193359375 20675.111919397557 1382
390 16.4 20062.640681569173 12517.10627813365 68794.9169921875 207.73193359375 20685.08394628779 1532
400 17 18195.669584386476 10780.817519648484 68794.9169921875 207.73193359375 20624.894857010753 1696
410 16.6 20161.057453936835 11855.469240951936 68794.9169921875 207.73193359375 20403.58280109107 1866
420 11.6 21921.57288649987 11012.957818506937 68794.9169921875 207.73193359375 20383.770198912134 2032
430 6 26649.58876546224 9725.134521708462 68794.9169921875 207.73193359375 20466.817271426182 2148
440 4.7 33667.50873711768 6672.849231902805 68794.9169921875 207.73193359375 20634.827366372814 2208
450 6 42177.614998372395 7196.0874591143875 68794.9169921875 207.73193359375 20906.461967004747 2255
460 7.2 44942.08552042643 4000.9474632804936 68794.9169921875 207.73193359375 21457.766149243216 2315
464 0.2 59091.656005859375 2876.754150390625 68794.9169921875 207.73193359375 22166.132715948366 2387
