0 2.77421875 2.77421875
10 12.1828125 14.95703125
20 17.2578125 32.21484375
30 15.8328125 48.04765625
40 15.17421875 63.221875
50 15.96953125 79.19140625
60 24.75390625 103.9453125
70 29.06328125 133.00859375
80 25.27578125 158.284375
90 30.3140625 188.5984375
100 14.68359375 203.28203125
110 21.6296875 224.91171875
120 20.13828125 245.05
130 23.159375 268.209375
140 35.4796875 303.6890625
150 32.18671875 335.87578125
160 24.3375 360.21328125
170 29.0625 389.27578125
180 34.715625 423.99140625
190 51.48125 475.47265625
200 57.87890625 533.3515625
210 67.21953125 600.57109375
220 64.22109375 664.7921875
230 73.64375 738.4359375
240 78.43125 816.8671875
250 86.02265625 902.88984375
260 86.51171875 989.4015625
270 80.509375 1069.9109375
280 75.8921875 1145.803125
290 99.69765625 1245.50078125
300 106.6328125 1352.13359375
310 118.0328125 1470.16640625
320 112.22421875 1582.390625
330 191.434375 1773.825
340 163.85625 1937.68125
350 141.63515625 2079.31640625
360 153.71171875 2233.028125
370 194.8015625 2427.8296875
380 205.2265625 2633.05625
390 231.83515625 2864.89140625
400 237.28984375 3102.18125
410 205.26640625 3307.44765625
420 172.8859375 3480.33359375
430 70.42421875 3550.7578125
440 42.72109375 3593.47890625
450 27.09296875 3620.571875
460 9.8984375 3630.4703125
464 0.52109375 3630.99140625
