0 64.97578125 64.97578125
10 178.878125 243.85390625
20 297.08671875 540.940625
30 263.53671875 804.47734375
40 226.6328125 1031.11015625
50 253.77109375 1284.88125
60 378.24453125 1663.12578125
70 472.796875 2135.92265625
80 385.71953125 2521.6421875
90 477.146875 2998.7890625
100 274.04609375 3272.83515625
110 349.6046875 3622.43984375
120 326.71015625 3949.15
130 342.984375 4292.134375
140 572.34921875 4864.48359375
150 485.4328125 5349.91640625
160 359.16875 5709.08515625
170 521.3359375 6230.42109375
180 483.45625 6713.87734375
190 770.9859375 7484.86328125
200 1052.50703125 8537.3703125
210 975.8828125 9513.253125
220 992.503125 10505.75625
230 1204.90390625 11710.66015625
240 1167.35234375 12878.0125
250 1262.66015625 14140.67265625
260 1140.12734375 15280.8
270 1116.23046875 16397.03046875
280 1052.03359375 17449.0640625
290 1325.23359375 18774.29765625
300 1471.9734375 20246.27109375
310 1396.521875 21642.79296875
320 1243.6484375 22886.44140625
330 1501.55625 24387.99765625
340 1145.78828125 25533.7859375
350 1161.33828125 26695.12421875
360 1357.76171875 28052.8859375
370 1432.52734375 29485.41328125
380 1428.68828125 30914.1015625
390 1441.54453125 32355.64609375
400 1369.0265625 33724.67265625
410 1463.2703125 35187.94296875
420 1717.2671875 36905.21015625
430 1245.6984375 38150.90859375
440 830.109375 38981.01796875
450 783.82265625 39764.840625
460 694.06015625 40458.90078125
464 22.53046875 40481.43125
