0 0.5 5
10 0.9 14
20 1 24
30 0.7 31
40 0.8 39
50 1 49
60 1.8 67
70 1.7 84
80 1.9 103
90 1 113
100 1.2 125
110 1.7 142
120 1 152
130 1.4 166
140 2.2 188
150 1.8 206
160 1.4 220
170 1.8 238
180 2.5 263
190 3.7 300
200 3.8 338
210 3.5 373
220 5.2 425
230 4 465
240 5 515
250 7.3 588
260 6.6 654
270 6.9 723
280 5.7 780
290 5.7 837
300 7.3 910
310 9.3 1003
320 9.5 1098
330 12.1 1219
340 9.8 1317
350 9.8 1415
360 12.8 1543
370 14.6 1689
380 16.1 1850
390 15.7 2007
400 17.7 2184
410 15.3 2337
420 5.2 2389
430 0 2389
440 0 2389
450 0 2389
460 0 2389
464 0 2389
