0 4 5
10 8 10
20 9 10
30 5 10
40 3 10
50 5 10
60 13 15
70 8 15
80 14 15
90 5 16
100 9 16
110 16 16
120 11 17
130 14 17
140 17 20
150 17 20
160 17 20
170 16 20
180 25 26
190 42 42
200 40 46
210 35 46
220 59 59
230 58 62
240 64 67
250 103 103
260 131 134
270 161 161
280 190 191
290 203 209
300 222 222
310 246 246
320 272 272
330 289 297
340 273 297
350 263 297
360 299 301
370 307 312
380 318 318
390 311 325
400 318 325
410 305 325
420 241 325
430 181 325
440 134 325
450 74 325
460 2 325
464 0 325
