0 2.6 26
10 7.3 99
20 16.6 265
30 23.6 501
40 22.6 727
50 27.1 998
60 34.7 1345
70 36.5 1710
80 39.8 2108
90 39.6 2504
100 48.5 2989
110 48.5 3474
120 46.9 3943
130 42.4 4367
140 52 4887
150 59.1 5478
160 60.4 6082
170 54.7 6629
180 68 7309
190 70 8009
200 84.6 8855
210 97.9 9834
220 107 10904
230 109.2 11996
240 120.2 13198
250 121.9 14417
260 143.6 15853
270 170.5 17558
280 166.5 19223
290 171.7 20940
300 193.6 22876
310 225.1 25127
320 246.3 27590
330 252.4 30114
340 293.8 33052
350 297 36022
360 323.9 39261
370 371 42971
380 392.5 46896
390 413.9 51035
400 449.9 55534
410 458.5 60119
420 465 64769
430 502 69789
440 513.8 74927
450 515.2 80079
460 484.4 84923
470 482.7 89750
480 499 94740
490 484.6 99586
500 478 104366
510 510.9 109475
520 494.1 114416
530 484.7 119263
540 455.5 123818
550 482.7 128645
560 485.9 133504
570 482.5 138329
580 483.8 143167
590 490.9 148076
600 469.8 152774
610 480.3 157577
620 488.8 162465
630 494.8 167413
640 497.7 172390
650 487.9 177269
660 501.6 182285
670 497.1 187256
680 496.2 192218
690 529.3 197511
700 540.5 202916
710 540.5 208321
720 498.3 213304
730 462.9 217933
740 397.1 221904
750 354.1 225445
760 311.5 228560
770 298.6 231546
780 275 234296
790 248 236776
800 217.8 238954
810 207.8 241032
820 198.5 243017
830 178.8 244805
840 169.5 246500
850 161.7 248117
860 154.4 249661
870 151.4 251175
880 143.4 252609
890 143.3 254042
900 145.9 255501
910 139.1 256892
920 80.6 257698
930 35.9 258057
940 12.7 258184
950 3.4 258218
960 0.5 258223
967 0.1 258224
