0 0.2 2
10 0.7 9
20 1.9 28
30 2.6 54
40 3.9 93
50 4.1 134
60 5.8 192
70 5.3 245
80 4.2 287
90 5.2 339
100 5.2 391
110 6.5 456
120 6.2 518
130 5.6 574
140 7.8 652
150 7 722
160 9.2 814
170 7 884
180 9.4 978
190 8.7 1065
200 9.9 1164
210 10.4 1268
220 12.3 1391
230 12.2 1513
240 16.4 1677
250 16 1837
260 20.3 2040
270 21.5 2255
280 20 2455
290 23 2685
300 25.8 2943
310 28.2 3225
320 31.1 3536
330 32 3856
340 37.5 4231
350 36.8 4599
360 40 4999
370 44.8 5447
380 44.6 5893
390 43.9 6332
400 47.4 6806
410 48.6 7292
420 51.7 7809
430 52.1 8330
440 54 8870
450 55.1 9421
460 50.3 9924
470 48.2 10406
480 52 10926
490 46.1 11387
500 47.5 11862
510 48.7 12349
520 44.9 12798
530 40 13198
540 39.7 13595
550 39.3 13988
560 37.1 14359
570 37.7 14736
580 35.9 15095
590 36.2 15457
600 36.8 15825
610 34.4 16169
620 32.7 16496
630 32.3 16819
640 32 17139
650 29.2 17431
660 35 17781
670 31.4 18095
680 31.6 18411
690 29.9 18710
700 33.8 19048
710 30 19348
720 29.4 19642
730 32.2 19964
740 30.2 20266
750 34.3 20609
760 40.5 21014
770 43.5 21449
780 47.6 21925
790 46.6 22391
800 47.1 22862
810 46 23322
820 48.9 23811
830 45.6 24267
840 42.8 24695
850 44.9 25144
860 40.7 25551
870 44.3 25994
880 38.8 26382
890 43.1 26813
900 37.6 27189
910 36.1 27550
920 17.8 27728
930 7 27798
940 1.4 27812
950 0.5 27817
960 0 27817
967 0 27817
