0 1 10
10 1.2 22
20 2.6 48
30 1.5 63
40 1.5 78
50 1.5 93
60 2.7 120
70 2.5 145
80 2.5 170
90 3.8 208
100 3.3 241
110 2.6 267
120 2.6 293
130 3.2 325
140 3.6 361
150 3.2 393
160 3.4 427
170 3.3 460
180 5.9 519
190 6.3 582
200 6.7 649
210 7.5 724
220 7.4 798
230 7.6 874
240 9.3 967
250 9.4 1061
260 10.6 1167
270 11 1277
280 9.9 1376
290 10.8 1484
300 16.2 1646
310 14.7 1793
320 16.3 1956
330 16.7 2123
340 18.8 2311
350 17 2481
360 21.4 2695
370 26 2955
380 26.2 3217
390 26.3 3480
400 25.2 3732
410 24.5 3977
420 27.6 4253
430 30.3 4556
440 30.7 4863
450 30 5163
460 29.1 5454
470 25.4 5708
480 31.1 6019
490 32.1 6340
500 31.2 6652
510 32.5 6977
520 34.8 7325
530 30.5 7630
540 31.5 7945
550 37.8 8323
560 37.2 8695
570 42.5 9120
580 40.1 9521
590 39.7 9918
600 38.3 10301
610 41.6 10717
620 46 11177
630 43.9 11616
640 44.9 12065
650 40.6 12471
660 46.5 12936
670 49.5 13431
680 46.4 13895
690 47.3 14368
700 50.9 14877
710 51.5 15392
720 39.7 15789
730 20.1 15990
740 11.5 16105
750 9.4 16199
760 8.3 16282
770 4.3 16325
780 1.4 16339
790 0.5 16344
800 0.2 16346
810 0.1 16347
820 0 16347
830 0 16347
840 0 16347
850 0 16347
860 0 16347
870 0 16347
880 0 16347
890 0 16347
900 0 16347
910 0 16347
920 0 16347
930 0 16347
940 0 16347
950 0 16347
960 0 16347
967 0 16347
