20 0.1 1
30 0.4 5
40 0 5
50 0.2 7
60 0.3 10
70 0.2 12
80 0.7 19
90 0 19
100 0.6 25
110 0.5 30
120 0.6 36
130 0.5 41
140 0.3 44
150 0.6 50
160 0.3 53
170 0.3 56
180 0.4 60
190 0.3 63
200 0.3 66
210 0.6 72
220 0.9 81
230 1.6 97
240 0.6 103
250 0.7 110
260 0.6 116
270 1.1 127
280 1.5 142
290 1.3 155
300 1.4 169
310 1.7 186
320 1.7 203
330 1.5 218
340 2.3 241
350 2.7 268
360 2.5 293
370 2 313
380 3.3 346
390 2.9 375
400 4 415
410 4.4 459
420 3.4 493
430 3.8 531
440 2.3 554
450 4.8 602
460 3 632
470 3.4 666
480 3.9 705
490 2.8 733
500 4.2 775
510 3 805
520 3.1 836
530 5.5 891
540 4.5 936
550 5.9 995
560 5.8 1053
570 7.3 1126
580 8 1206
590 8 1286
600 7.6 1362
610 8.6 1448
620 11.1 1559
630 10.8 1667
640 9.8 1765
650 11.2 1877
660 11.7 1994
670 10.4 2098
680 10.5 2203
690 10.1 2304
700 10.9 2413
710 12.5 2538
720 11.8 2656
730 10.1 2757
740 9.1 2848
750 6.8 2916
760 6.7 2983
770 4.1 3024
780 3.2 3056
790 1.4 3070
800 1 3080
810 0.5 3085
820 0 3085
830 0 3085
840 0 3085
850 0 3085
860 0 3085
870 0 3085
880 0 3085
890 0 3085
900 0 3085
910 0 3085
920 0 3085
930 0 3085
940 0 3085
950 0 3085
960 0 3085
967 0 3085
