370 0.4 4
380 0.5 9
390 0.1 10
400 0.3 13
410 0.3 16
420 0.5 21
430 0.3 24
440 0.8 32
450 1.2 44
460 1.6 60
470 1.2 72
480 1.6 88
490 1.1 99
500 3.3 132
510 4 172
520 5.3 225
530 4.2 267
540 5.2 319
550 5.6 375
560 7.9 454
570 10 554
580 11 664
590 14 804
600 15.2 956
610 16.8 1124
620 17.7 1301
630 21.2 1513
640 19.8 1711
650 18.6 1897
660 22.5 2122
670 20.4 2326
680 22.1 2547
690 22.3 2770
700 24.8 3018
710 25.9 3277
720 25 3527
730 26.3 3790
740 25 4040
750 26.5 4305
760 30.6 4611
770 30.4 4915
780 34 5255
790 34.9 5604
800 32.5 5929
810 35.5 6284
820 35.2 6636
830 32 6956
840 32.1 7277
850 32 7597
860 28.7 7884
870 31.9 8203
880 27 8473
890 29.4 8767
900 27.5 9042
910 23.2 9274
920 12.6 9400
930 4.1 9441
940 0.9 9450
950 0.2 9452
960 0 9452
967 0 9452
