350 0.1 1
360 0 1
370 0.1 2
380 0 2
390 0 2
400 0 2
410 0 2
420 0 2
430 0.1 3
440 0.3 6
450 0.1 7
460 0.1 8
470 0.3 11
480 0.8 19
490 1.7 36
500 2.5 61
510 3.5 96
520 4.4 140
530 6.1 201
540 7.2 273
550 11.8 391
560 15.4 545
570 16 705
580 25 955
590 26.5 1220
600 28.7 1507
610 34.2 1849
620 42.5 2274
630 41.4 2688
640 47.2 3160
650 51.9 3679
660 52 4199
670 56.6 4765
680 54.2 5307
690 60.7 5914
700 66.2 6576
710 67 7246
720 58 7826
730 53.8 8364
740 40 8764
750 39 9154
760 29.8 9452
770 24.1 9693
780 14.9 9842
790 8.8 9930
800 5.4 9984
810 2.2 10006
820 1.3 10019
830 0.5 10024
840 0.5 10029
850 0.2 10031
860 0 10031
870 0.1 10032
880 0.1 10033
890 0 10033
900 0 10033
910 0.2 10035
920 0 10035
930 0 10035
940 0 10035
950 0 10035
960 0 10035
967 0 10035
