470 5.7 57
480 21.6 273
490 65 923
500 62 1543
510 82 2363
520 102.5 3388
530 133.6 4724
540 228.4 7008
550 237.9 9387
560 291.9 12306
570 359.1 15897
580 355.5 19452
590 391.8 23370
600 390.9 27279
610 530.8 32587
620 566.2 38249
630 581.5 44064
640 575.5 49819
650 581.9 55638
660 548.9 61127
670 577.7 66904
680 555 72454
690 611.9 78573
700 587.4 84447
710 582.5 90272
720 566 95932
730 412.6 100058
740 340.2 103460
750 217.3 105633
760 143.9 107072
770 80.4 107876
780 33.2 108208
790 19.9 108407
800 6.6 108473
810 0 108473
820 0 108473
830 0 108473
840 0 108473
850 0 108473
860 0 108473
870 0 108473
880 0 108473
890 0 108473
900 0 108473
910 0 108473
920 0 108473
930 0 108473
940 0 108473
950 0 108473
960 0 108473
967 0 108473
