0 1 19.30205078125 40.95381270683007 136.26904296875 1.158935546875 0 0
10 1.1 1.6287064985795454 0.433007931859564 136.26904296875 1.158935546875 19.30205078125 10
20 1.5 1.6037434895833333 0.43156830164012666 136.26904296875 1.158935546875 10.044584728422619 21
30 0.5 1.589208984375 0.7441821565827875 136.26904296875 1.158935546875 6.527567545572917 36
40 0.4 1.7750244140625 0.5440008795964268 136.26904296875 1.158935546875 5.925328696646342 41
50 1.2 1.70391845703125 0.8821737241654727 136.26904296875 1.158935546875 5.556412760416667 45
60 1.5 3.5105305989583333 6.4632160656212605 136.26904296875 1.083984375 4.745361328125 57
70 1.6 1.9672088623046875 1.536876769246028 136.26904296875 1.046875 4.488104926215278 72
80 1.6 2.05377197265625 2.0082652985943894 136.26904296875 0.925048828125 4.029760187322443 88
90 2.5 2.00400390625 1.7022432014843876 136.26904296875 0.925048828125 3.7257620004507213 104
100 2.1 1.5324009486607142 0.4019858109280466 136.26904296875 0.925048828125 3.3920879511870154 129
110 0 0 0 136.26904296875 0.925048828125 3.1317317708333334 150
120 1.7 1.9928337545955883 2.1975730658031547 136.26904296875 0.925048828125 3.1317317708333334 150
130 1.9 1.6867161800986843 0.8014310365556503 136.26904296875 0.925048828125 3.015796044629491 167
140 2 1.46883544921875 0.38909752527246283 136.26904296875 0.925048828125 2.880029821908602 186
150 1.8 1.556640625 0.34315987226600503 136.26904296875 0.925048828125 2.743020659511529 206
160 1.4 1.5202985491071428 0.413850846983715 136.26904296875 0.925048828125 2.647686549595424 224
170 1.7 1.5069077435661764 0.5341069560304375 136.26904296875 0.925048828125 2.581369608390231 238
180 3.6 2.228176540798611 3.898718775690191 136.26904296875 0.925048828125 2.509738817401961 255
190 3.8 3.904097707648026 7.821048278921741 136.26904296875 0.925048828125 2.4749063708118557 291
200 4.2 1.8314790271577381 0.9909222349024096 136.26904296875 0.925048828125 2.6399801422397418 329
210 4.4 2.309054287997159 4.374012078861104 136.26904296875 0.925048828125 2.5484517141172507 371
220 3.4 1.981179630055147 2.1755072782404965 136.26904296875 0.925048828125 2.5230698183358435 415
230 3.2 1.570526123046875 0.41243757381538265 136.26904296875 0.925048828125 2.482035817441537 449
240 4.7 2.411267869015958 3.9223788115767833 136.26904296875 0.925048828125 2.421394839851871 481
250 5 2.5976855468750006 3.8211212636533842 136.26904296875 0.925048828125 2.420493386008523 528
260 6.5 1.8460411658653848 1.7768337674138468 136.26904296875 0.925048828125 2.4358214276059686 578
270 6.3 1.5284753224206349 0.5369307744083699 136.26904296875 0.925048828125 2.3762013389385688 643
280 5.1 1.5824429381127452 0.5053680931267652 136.26904296875 0.925048828125 2.300554399787535 706
290 6.3 1.6686275421626984 0.851259034045444 136.26904296875 0.925048828125 2.2521743673629455 757
300 10.2 1.8548201018688726 2.3250040704684043 136.26904296875 0.922119140625 2.2073408917682924 820
310 9 1.78505859375 1.0902255872044775 136.26904296875 0.864013671875 2.1683418455972068 922
320 9.8 1.701675103635204 1.1935555111103464 136.26904296875 0.864013671875 2.134255390393404 1012
330 9.5 1.4761821546052631 0.4401202557292434 136.26904296875 0.864013671875 2.0960636173282654 1110
340 10.1 1.586851214418317 0.9304166313316403 136.26904296875 0.864013671875 2.0471932945409748 1205
350 10.8 1.4474781177662033 0.5054269004255864 136.26904296875 0.864013671875 2.011592567058288 1306
360 14.6 1.5671303108946917 0.9400312885343246 136.26904296875 0.823974609375 1.9685060320345646 1414
370 17 1.619884535845588 0.8300732733505714 136.26904296875 0.795166015625 1.9309413812099356 1560
380 15.6 1.5708023462540062 0.5805175669207842 136.26904296875 0.795166015625 1.9003751016076587 1730
390 16.5 2.853997987689393 5.971416227219465 136.26904296875 0.795166015625 1.873114576774589 1886
400 15.2 1.8666879754317427 1.5625175430765659 136.26904296875 0.795166015625 1.9520252363557409 2051
410 15.4 1.5890146230722402 1.2591654564380972 136.26904296875 0.77294921875 1.9461372365098726 2203
420 17.4 1.796947961566092 2.1127211798512135 136.26904296875 0.77294921875 1.9228038116183175 2357
430 19.7 2.0758942734771564 2.1664190356256063 136.26904296875 0.77294921875 1.9141515327131071 2531
440 17.9 2.0572816646298895 2.9294404473403106 136.26904296875 0.77294921875 1.9258316353269334 2728
450 19.4 2.294838816849226 4.143124758396458 136.26904296875 0.77294921875 1.933925737578474 2907
460 20.8 2.4004950890174266 4.56389120176798 136.26904296875 0.77294921875 1.9565046274135356 3101
470 19 2.142954615542763 2.857213467987206 136.26904296875 0.77294921875 1.9844133660093681 3309
480 24.3 2.168161651234568 4.369133258107444 136.26904296875 0.77294921875 1.993022350693948 3499
490 24.3 2.3182679478523665 3.1560432091743595 136.26904296875 0.77294921875 2.004395640386992 3742
500 24.2 2.218948742574894 2.8114228453460064 136.26904296875 0.77294921875 2.02353515625 3985
510 25.2 2.005863250248016 3.2982458319315953 136.26904296875 0.77294921875 2.0347227805439734 4227
520 24.8 2.2391800418976797 3.44665907478635 136.26904296875 0.77294921875 2.033099069529331 4479
530 24.8 1.758842222152218 1.6274115517965733 136.26904296875 0.77294921875 2.0439110181536915 4727
540 32.9 2.156678173679713 2.458913080662039 136.26904296875 0.77294921875 2.029700553548995 4975
550 31.3 3.0319878818889783 4.426548727812855 136.26904296875 0.77294921875 2.037576804873091 5304
560 34.4 2.8292364076126453 3.134947040569006 136.26904296875 0.77294921875 2.0929890653512775 5617
570 34.1 3.0078153638196468 3.425309543039402 136.26904296875 0.77294921875 2.135476749588471 5961
580 35.1 3.32177734375 4.874857322236029 136.26904296875 0.77294921875 2.1826788231290664 6302
590 32.4 4.0479736328125 6.6610793932399845 136.26904296875 0.77294921875 2.242775558547366 6653
600 40 3.263770141601563 3.7305592438311588 136.26904296875 0.77294921875 2.3266058833376633 6977
610 42.5 4.4933588005514675 5.17000276685213 136.26904296875 0.77294921875 2.3774213507777557 7377
620 41.2 4.264751545433863 5.241641839390383 136.26904296875 0.77294921875 2.4926832600515096 7802
630 41.4 4.880875297214668 6.1494519593551695 136.26904296875 0.77294921875 2.58156713314349 8214
640 42.3 4.670215651780439 4.933464648581886 136.26904296875 0.77294921875 2.69189554991742 8628
650 38.6 4.792478571283994 5.819133316628797 136.26904296875 0.77294921875 2.784352671018741 9051
660 46.7 5.333870407855994 6.847343431763384 136.26904296875 0.77294921875 2.866490701908048 9437
670 46.6 5.304105963318135 5.6538338298634665 136.26904296875 0.77294921875 2.982834232065327 9904
680 46.6 5.655850259019582 5.54643694968068 136.26904296875 0.77294921875 3.087145960779291 10370
690 48.1 5.5297475961538485 6.130943777739239 136.26904296875 0.77294921875 3.1976125723499793 10836
700 45.5 5.662032108516484 6.542303909472057 136.26904296875 0.77294921875 3.2967339778858684 11317
710 46.8 5.86155452891293 6.629512592208368 136.26904296875 0.77294921875 3.388155201929101 11772
720 10.7 5.446827540887851 5.364572450129849 136.26904296875 0.77294921875 3.4827263526667176 12240
730 0 0 0 136.26904296875 0.77294921875 3.4997473964133494 12347
740 0 0 0 136.26904296875 0.77294921875 3.4997473964133494 12347
750 0 0 0 136.26904296875 0.77294921875 3.4997473964133494 12347
760 0 0 0 136.26904296875 0.77294921875 3.4997473964133494 12347
770 0 0 0 136.26904296875 0.77294921875 3.4997473964133494 12347
780 0 0 0 136.26904296875 0.77294921875 3.4997473964133494 12347
790 0 0 0 136.26904296875 0.77294921875 3.4997473964133494 12347
800 0 0 0 136.26904296875 0.77294921875 3.4997473964133494 12347
810 0 0 0 136.26904296875 0.77294921875 3.4997473964133494 12347
820 0 0 0 136.26904296875 0.77294921875 3.4997473964133494 12347
830 0 0 0 136.26904296875 0.77294921875 3.4997473964133494 12347
840 0.1 13.766845703125 0.0 136.26904296875 0.77294921875 3.4997473964133494 12347
850 0 0 0 136.26904296875 0.77294921875 3.5005788750582076 12348
860 0 0 0 136.26904296875 0.77294921875 3.5005788750582076 12348
870 0 0 0 136.26904296875 0.77294921875 3.5005788750582076 12348
880 0 0 0 136.26904296875 0.77294921875 3.5005788750582076 12348
890 0 0 0 136.26904296875 0.77294921875 3.5005788750582076 12348
900 0 0 0 136.26904296875 0.77294921875 3.5005788750582076 12348
910 0 0 0 136.26904296875 0.77294921875 3.5005788750582076 12348
920 0 0 0 136.26904296875 0.77294921875 3.5005788750582076 12348
930 0 0 0 136.26904296875 0.77294921875 3.5005788750582076 12348
940 0 0 0 136.26904296875 0.77294921875 3.5005788750582076 12348
950 0 0 0 136.26904296875 0.77294921875 3.5005788750582076 12348
960 0 0 0 136.26904296875 0.77294921875 3.5005788750582076 12348
967 0 0 0 136.26904296875 0.77294921875 3.5005788750582076 12348
