0 10 10
10 21 11
20 35 14
30 36 1
40 40 4
50 49 9
60 59 10
70 64 5
80 67 3
90 87 20
100 99 12
110 88 -11
120 93 5
130 97 4
140 107 10
150 111 4
160 112 1
170 116 4
180 137 21
190 159 22
200 183 24
210 207 24
220 211 4
230 216 5
240 244 28
250 271 27
260 305 34
270 332 27
280 332 0
290 360 28
300 421 61
310 462 41
320 502 40
330 544 42
340 578 34
350 625 47
360 709 84
370 803 94
380 866 63
390 941 75
400 991 50
410 1035 44
420 1118 83
430 1186 68
440 1260 74
450 1329 69
460 1438 109
470 1540 102
480 1674 134
490 1800 126
500 1913 113
510 2047 134
520 2188 141
530 2279 91
540 2443 164
550 2575 132
560 2735 160
570 2854 119
580 2973 119
590 3044 71
600 3193 149
610 3322 129
620 3415 93
630 3470 55
640 3537 67
650 3571 34
660 3642 71
670 3714 72
680 3770 56
690 3834 64
700 3895 61
710 3931 36
720 3595 -336
730 3192 -403
740 2807 -385
750 2461 -346
760 2147 -314
770 1872 -275
780 1615 -257
790 1432 -183
800 1270 -162
810 1129 -141
820 1005 -124
830 929 -76
840 839 -90
850 753 -86
860 680 -73
870 623 -57
880 547 -76
890 452 -95
900 354 -98
910 219 -135
920 105 -114
930 44 -61
940 13 -31
950 3 -10
960 1 -2
967 0 -1
