0 0.1 15.519555098833344 0 15.519555098833344 15.519555098833344 0 0
10 0.1 3.0332681017612524 0.0 15.519555098833344 3.0332681017612524 15.519555098833344 1
20 0.1 1.7839444995044598 0.0 15.519555098833344 1.7839444995044598 9.276411600297298 2
30 0.1 3.057199211045365 0.0 15.519555098833344 1.7839444995044598 6.778922566699685 3
40 0.1 3.458498023715415 0.0 15.519555098833344 1.7839444995044598 5.848491727786105 4
50 0.1 2.9615004935834155 0.0 15.519555098833344 1.7839444995044598 5.370492986971967 5
60 0.1 3.9447731755424065 0.0 15.519555098833344 1.7839444995044598 4.968994238073875 6
70 0.1 4.808635917566241 0.0 15.519555098833344 1.7839444995044598 4.822676943426522 7
80 0.1 5.1080550098231825 0.0 15.519555098833344 1.7839444995044598 4.820921815193987 8
90 0.1 5.11307767944936 0.0 15.519555098833344 1.7839444995044598 4.85282550348612 9
100 0.1 5.397448478900883 0.0 15.519555098833344 1.7839444995044598 4.878850721082443 10
110 0.1 5.980392156862745 0.0 15.519555098833344 1.7839444995044598 4.925995971793211 11
120 0.1 5.610236220472441 0.0 15.519555098833344 1.7839444995044598 5.013862320549006 12
130 0.1 5.424063116370808 0.0 15.519555098833344 1.7839444995044598 5.059737235927732 13
140 0.1 4.935834155972359 0.0 15.519555098833344 1.7839444995044598 5.085760513102237 14
150 0.1 5.9171597633136095 0.0 15.519555098833344 1.7839444995044598 5.075765422626912 15
160 0.1 8.050436469447138 0.0 15.519555098833344 1.7839444995044598 5.12835256891983 16
170 0.1 7.414634146341463 0.0 15.519555098833344 1.7839444995044598 5.300239857186142 17
180 0.1 6.422924901185771 0.0 15.519555098833344 1.7839444995044598 5.417706206583659 18
190 0.1 8.95813047711782 0.0 15.519555098833344 1.7839444995044598 5.4706124536679805 19
200 0.1 8.235294117647058 0.0 15.519555098833344 1.7839444995044598 5.644988354840473 20
210 0.1 9.911678115799804 0.0 15.519555098833344 1.7839444995044598 5.768336248307453 21
220 0.1 11.673151750972762 0.0 15.519555098833344 1.7839444995044598 5.956669969557106 22
230 0.1 13.998082454458293 0.0 15.519555098833344 1.7839444995044598 6.205212655705613 23
240 0.1 11.397423191278493 0.0 15.519555098833344 1.7839444995044598 6.529915563986974 24
250 0.1 13.676042677012608 0.0 15.519555098833344 1.7839444995044598 6.724615869078636 25
260 0.1 14.95601173020528 0.0 15.519555098833344 1.7839444995044598 6.991978438614558 26
270 0.1 17.324350336862366 0.0 17.324350336862366 1.7839444995044598 7.2869426345993995 27
280 0.1 17.424975798644724 0.0 17.424975798644724 1.7839444995044598 7.645421481108792 28
290 0.1 18.53281853281853 0.0 18.53281853281853 1.7839444995044598 7.982647492058306 29
300 0.1 19.55896452540748 0.0 19.55896452540748 1.7839444995044598 8.334319860083648 30
310 0.1 22.48803827751196 0.0 22.48803827751196 1.7839444995044598 8.696405171868287 31
320 0.1 24.444444444444443 0.0 24.444444444444443 1.7839444995044598 9.127393706419653 32
330 0.1 24.35282837967402 0.0 24.444444444444443 1.7839444995044598 9.591546759087072 33
340 0.1 27.931363203050523 0.0 27.931363203050523 1.7839444995044598 10.02570210086904 34
350 0.1 27.915869980879542 0.0 27.931363203050523 1.7839444995044598 10.537292418074225 35
360 0.1 31.054131054131055 0.0 31.054131054131055 1.7839444995044598 11.020030683707708 36
370 0.1 33.741753063147975 0.0 33.741753063147975 1.7839444995044598 11.561492855881312 37
380 0.1 36.62628145386766 0.0 36.62628145386766 1.7839444995044598 12.145183913967276 38
390 0.1 37.333333333333336 0.0 37.333333333333336 1.7839444995044598 12.772904363708312 39
400 0.1 39.12630579297246 0.0 39.12630579297246 1.7839444995044598 13.386915087948939 40
410 0.1 42.429906542056074 0.0 42.429906542056074 1.7839444995044598 14.014705105144635 41
420 0.1 40.737240075614366 0.0 42.429906542056074 1.7839444995044598 14.691257520309193 42
430 0.1 43.21796071094481 0.0 43.21796071094481 1.7839444995044598 15.296978044851175 43
440 0.1 44.58955223880597 0.0 44.58955223880597 1.7839444995044598 15.931545832716939 44
450 0.1 44.91682070240296 0.0 44.91682070240296 1.7839444995044598 16.568390419518916 45
460 0.1 45.56267154620311 0.0 45.56267154620311 1.7839444995044598 17.184660643059875 46
470 0.1 43.07257304429783 0.0 45.56267154620311 1.7839444995044598 17.7884481090842 47
480 0.1 45.46287809349221 0.0 45.56267154620311 1.7839444995044598 18.315200711901152 48
490 0.1 45.90616375344986 0.0 45.90616375344986 1.7839444995044598 18.86923494417852 49
500 0.1 46.27272727272727 0.0 46.27272727272727 1.7839444995044598 19.40997352036395 50
510 0.1 47.755834829443444 0.0 47.755834829443444 1.7839444995044598 19.936694182174993 51
520 0.1 47.39168877099912 0.0 47.755834829443444 1.7839444995044598 20.471677656160924 52
530 0.1 47.448522829006265 0.0 47.755834829443444 1.7839444995044598 20.979602394176737 53
540 0.1 47.837599293909975 0.0 47.837599293909975 1.7839444995044598 21.46976758741432 54
550 0.1 48.63013698630137 0.0 48.63013698630137 1.7839444995044598 21.949182709350605 55
570 0.1 48.559670781893004 0.0 48.63013698630137 1.7839444995044598 22.42562832143901 56
580 0.1 50.08116883116883 0.0 50.08116883116883 1.7839444995044598 22.88412029442943 57
590 0.1 50.165016501650165 0.0 50.165016501650165 1.7839444995044598 23.353034924373212 58
600 0.1 50.48309178743962 0.0 50.48309178743962 1.7839444995044598 23.80747529008977 59
610 0.1 50.32206119162641 0.0 50.48309178743962 1.7839444995044598 24.252068898378933 60
620 0.1 51.64835164835166 0.0 51.64835164835166 1.7839444995044598 24.67944582121906 61
630 0.1 52.03761755485894 0.0 52.03761755485894 1.7839444995044598 25.114428173269587 62
640 0.1 53.37519623233909 0.0 53.37519623233909 1.7839444995044598 25.541780385675768 63
650 0.1 52.93657008613939 0.0 53.37519623233909 1.7839444995044598 25.97667750827988 64
660 0.1 53.515625 0.0 53.515625 1.7839444995044598 26.391445086400797 65
670 0.1 54.53834115805947 0.0 54.53834115805947 1.7839444995044598 26.80241750933412 66
680 0.1 54.127725856697815 0.0 54.53834115805947 1.7839444995044598 27.216386519016584 67
690 0.1 55.16431924882629 0.0 55.16431924882629 1.7839444995044598 27.6121415092766 68
700 0.1 55.31587057010786 0.0 55.31587057010786 1.7839444995044598 28.011448433038193 69
710 0.1 56.50818394388153 0.0 56.50818394388153 1.7839444995044598 28.4015116064249 70
720 0.1 54.99219968798752 0.0 56.50818394388153 1.7839444995044598 28.79738023089612 71
730 0.1 50.72463768115942 0.0 56.50818394388153 1.7839444995044598 29.16119716780017 72
740 0.1 48.45961698584513 0.0 56.50818394388153 1.7839444995044598 29.456586763873588 73
750 0.1 48.76106194690266 0.0 56.50818394388153 1.7839444995044598 29.713384469575903 74
760 0.1 44.12580943570768 0.0 56.50818394388153 1.7839444995044598 29.96735350260693 75
770 0.1 41.02803738317757 0.0 56.50818394388153 1.7839444995044598 30.153648975410885 76
780 0.1 35.294117647058826 0.0 56.50818394388153 1.7839444995044598 30.294874798888372 77
790 0.1 30.725190839694655 0.0 56.50818394388153 1.7839444995044598 30.358967655916203 78
800 0.1 28.98686679174484 0.0 56.50818394388153 1.7839444995044598 30.36360339241973 79
810 0.1 23.51219512195122 0.0 56.50818394388153 1.7839444995044598 30.346394184911293 80
820 0.1 20.927936821322803 0.0 56.50818394388153 1.7839444995044598 30.262021356973513 81
830 0.1 21.229586935638807 0.0 56.50818394388153 1.7839444995044598 30.14819105775826 82
840 0.1 19.807692307692307 0.0 56.50818394388153 1.7839444995044598 30.04073799604598 83
850 0.1 21.0576015108593 0.0 56.50818394388153 1.7839444995044598 29.918916023565583 84
860 0.1 19.183285849952515 0.0 56.50818394388153 1.7839444995044598 29.81466526459257 85
870 0.1 17.85028790786948 0.0 56.50818394388153 1.7839444995044598 29.69104457372466 86
880 0.1 17.02127659574468 0.0 56.50818394388153 1.7839444995044598 29.554943922392994 87
890 0.1 16.17933723196881 0.0 56.50818394388153 1.7839444995044598 29.412515884590174 88
900 0.1 15.784313725490195 0.0 56.50818394388153 1.7839444995044598 29.263828483998925 89
910 0.1 15.988372093023257 0.0 56.50818394388153 1.7839444995044598 29.114056097793274 90
920 0.1 10.969637610186092 0.0 56.50818394388153 1.7839444995044598 28.969817812026573 91
930 0.1 5.778648383937316 0.0 56.50818394388153 1.7839444995044598 28.77416367939787 92
940 0.1 2.665350444225074 0.0 56.50818394388153 1.7839444995044598 28.526900074070337 93
950 0.1 1.4807502467917077 0.0 56.50818394388153 1.4807502467917077 28.25177720566773 94
960 0.1 1.376597836774828 0.0 56.50818394388153 1.376597836774828 27.969976921890083 95
