0 0 0
10 0 0
20 0 0
30 0.3 3
40 0.2 5
50 0.4 9
60 0.2 11
70 1.2 23
80 1.3 36
90 0.6 42
100 0.8 50
110 1.3 63
120 1.1 74
130 1.5 89
140 0.9 98
150 1.3 111
160 1.6 127
170 1.2 139
180 1.5 154
190 1.6 170
200 1.7 187
210 2 207
220 3.2 239
230 2.4 263
240 2 283
250 2.3 306
260 3.5 341
270 3.3 374
280 4.7 421
290 3.7 458
300 4.1 499
310 4.9 548
320 5.8 606
330 5.1 657
340 7.1 728
350 5.8 786
360 5.7 843
370 8.1 924
380 9.3 1017
390 8.8 1105
400 10 1205
410 10.7 1312
420 9.6 1408
430 12.3 1531
440 11.4 1645
450 11.8 1763
460 10.5 1868
470 8.7 1955
480 11.1 2066
490 11.6 2182
500 13 2312
510 11.8 2430
520 10.6 2536
530 15.6 2692
540 16.4 2856
550 17.8 3034
560 18.3 3217
570 21.5 3432
580 23.3 3665
590 25.9 3924
600 25.9 4183
610 28.5 4468
620 31.2 4780
630 36.9 5149
640 35.5 5504
650 34.8 5852
660 39.4 6246
670 38.5 6631
680 43.1 7062
690 41.5 7477
700 40 7877
710 41.5 8292
720 45.6 8748
730 39.7 9145
740 38.5 9530
750 34.9 9879
760 31.4 10193
770 27.3 10466
780 25.9 10725
790 18.9 10914
800 17 11084
810 14.3 11227
820 11.7 11344
830 7.8 11422
840 8.8 11510
850 9 11600
860 7 11670
870 5.9 11729
880 7.3 11802
890 9.6 11898
900 9.9 11997
910 13.6 12133
920 11.2 12245
930 5.8 12303
940 3.2 12335
950 0.9 12344
960 0.2 12346
967 0.1 12347
