0 0.1 3162.48046875 0 3162.48046875 3162.48046875 0 0
10 0.1 3161.82421875 0.0 3162.48046875 3161.82421875 3162.48046875 1
20 0.1 3157.3125 0.0 3162.48046875 3157.3125 3162.15234375 2
30 0.1 3151.03125 0.0 3162.48046875 3151.03125 3160.5390625 3
40 0.1 3149.9921875 0.0 3162.48046875 3149.9921875 3158.162109375 4
50 0.1 3147.44140625 0.0 3162.48046875 3147.44140625 3156.528125 5
60 0.1 3145.87109375 0.0 3162.48046875 3145.87109375 3155.013671875 6
70 0.1 3141.76171875 0.0 3162.48046875 3141.76171875 3153.707589285714 7
80 0.1 3136.703125 0.0 3162.48046875 3136.703125 3152.21435546875 8
90 0.1 3136.09375 0.0 3162.48046875 3136.09375 3150.4908854166665 9
100 0.1 3133.640625 0.0 3162.48046875 3133.640625 3149.051171875 10
110 0.1 3129.484375 0.0 3162.48046875 3129.484375 3147.650213068182 11
120 0.1 3126.33984375 0.0 3162.48046875 3126.33984375 3146.1363932291665 12
130 0.1 3127.6875 0.0 3162.48046875 3126.33984375 3144.613581730769 13
140 0.1 3127.734375 0.0 3162.48046875 3126.33984375 3143.4045758928573 14
150 0.1 3126.75390625 0.0 3162.48046875 3126.33984375 3142.359895833333 15
160 0.1 3123.26171875 0.0 3162.48046875 3123.26171875 3141.384521484375 16
170 0.1 3119.546875 0.0 3162.48046875 3119.546875 3140.318474264706 17
180 0.1 3118.234375 0.0 3162.48046875 3118.234375 3139.164496527778 18
190 0.1 3115.078125 0.0 3162.48046875 3115.078125 3138.0629111842104 19
200 0.1 3109.015625 0.0 3162.48046875 3109.015625 3136.913671875 20
210 0.1 3108.6171875 0.0 3162.48046875 3108.6171875 3135.5851934523807 21
220 0.1 3101.61328125 0.0 3162.48046875 3101.61328125 3134.359375 22
230 0.1 3092.69921875 0.0 3162.48046875 3092.69921875 3132.9356317934785 23
240 0.1 3086.95703125 0.0 3162.48046875 3086.95703125 3131.2591145833335 24
250 0.1 3082.83203125 0.0 3162.48046875 3082.83203125 3129.48703125 25
260 0.1 3074.984375 0.0 3162.48046875 3074.984375 3127.692608173077 26
270 0.1 3066.62890625 0.0 3162.48046875 3066.62890625 3125.7404513888887 27
280 0.1 3060.8203125 0.0 3162.48046875 3060.8203125 3123.629324776786 28
290 0.1 3057.77734375 0.0 3162.48046875 3057.77734375 3121.4634967672414 29
300 0.1 3050.09375 0.0 3162.48046875 3050.09375 3119.340625 30
310 0.1 3028.6328125 0.0 3162.48046875 3028.6328125 3117.1068548387098 31
320 0.1 3012.16796875 0.0 3162.48046875 3012.16796875 3114.342041015625 32
330 0.1 3008.33203125 0.0 3162.48046875 3008.33203125 3111.245857007576 33
340 0.1 2991.05859375 0.0 3162.48046875 2991.05859375 3108.2189797794117 34
350 0.1 2981.4296875 0.0 3162.48046875 2981.4296875 3104.8715401785716 35
360 0.1 2962.6328125 0.0 3162.48046875 2962.6328125 3101.442599826389 36
370 0.1 2936.2265625 0.0 3162.48046875 2936.2265625 3097.690983952703 37
380 0.1 2922.5078125 0.0 3162.48046875 2922.5078125 3093.4419202302633 38
390 0.1 2901.6875 0.0 3162.48046875 2901.6875 3089.058994391026 39
400 0.1 2870.84765625 0.0 3162.48046875 2870.84765625 3084.37470703125 40
410 0.1 2858.046875 0.0 3162.48046875 2858.046875 3079.166730182927 41
420 0.1 2839.46875 0.0 3162.48046875 2839.46875 3073.901971726191 42
430 0.1 2813.9609375 0.0 3162.48046875 2813.9609375 3068.4500363372094 43
440 0.1 2796.86328125 0.0 3162.48046875 2796.86328125 3062.666193181818 44
450 0.1 2779.4140625 0.0 3162.48046875 2779.4140625 3056.7594618055555 45
460 0.1 2753.94140625 0.0 3162.48046875 2753.94140625 3050.730213994565 46
470 0.1 2704.69921875 0.0 3162.48046875 2704.69921875 3044.415558510638 47
480 0.1 2662.7890625 0.0 3162.48046875 2662.7890625 3037.338134765625 48
490 0.1 2633.69140625 0.0 3162.48046875 2633.69140625 3029.694276147959 49
500 0.1 2604.75 0.0 3162.48046875 2604.75 3021.77421875 50
510 0.1 2576.83203125 0.0 3162.48046875 2576.83203125 3013.597273284314 51
520 0.1 2542.76171875 0.0 3162.48046875 2542.76171875 3005.197941706731 52
530 0.1 2501.41796875 0.0 3162.48046875 2501.41796875 2996.4727299528304 53
540 0.1 2472.109375 0.0 3162.48046875 2472.109375 2987.305049189815 54
550 0.1 2442.0078125 0.0 3162.48046875 2442.0078125 2977.9378551136365 55
570 0.1 2404.828125 0.0 3162.48046875 2404.828125 2968.36767578125 56
580 0.1 2383.6875 0.0 3162.48046875 2383.6875 2958.481016995614 57
590 0.1 2362.09375 0.0 3162.48046875 2362.09375 2948.5707839439656 58
600 0.1 2356.69921875 0.0 3162.48046875 2356.69921875 2938.6304952330506 59
610 0.1 2330.39453125 0.0 3162.48046875 2330.39453125 2928.931640625 60
620 0.1 2307.51953125 0.0 3162.48046875 2307.51953125 2919.119556864754 61
630 0.1 2293.53125 0.0 3162.48046875 2293.53125 2909.2550403225805 62
640 0.1 2275.95703125 0.0 3162.48046875 2275.95703125 2899.4816468253966 63
650 0.1 2252.69921875 0.0 3162.48046875 2252.69921875 2889.7390747070313 64
660 0.1 2255.67578125 0.0 3162.48046875 2252.69921875 2879.9384615384615 65
670 0.1 2254.71484375 0.0 3162.48046875 2252.69921875 2870.4799360795455 66
680 0.1 2227.15234375 0.0 3162.48046875 2227.15234375 2861.289412313433 67
690 0.1 2219.5 0.0 3162.48046875 2219.5 2851.9638671875 68
700 0.1 2199.35546875 0.0 3162.48046875 2199.35546875 2842.7977241847825 69
710 0.1 2180.359375 0.0 3162.48046875 2180.359375 2833.6056919642856 70
720 0.1 2185.27734375 0.0 3162.48046875 2180.359375 2824.405039612676 71
730 0.1 2193.7578125 0.0 3162.48046875 2180.359375 2815.528266059028 72
740 0.1 2219.6953125 0.0 3162.48046875 2180.359375 2807.0108625856165 73
750 0.1 2247.75 0.0 3162.48046875 2180.359375 2799.074165962838 74
760 0.1 2264.30859375 0.0 3162.48046875 2180.359375 2791.723177083333 75
770 0.1 2273.8515625 0.0 3162.48046875 2180.359375 2784.783511513158 76
780 0.1 2284.87109375 0.0 3162.48046875 2180.359375 2778.148031655844 77
790 0.1 2294.24609375 0.0 3162.48046875 2180.359375 2771.823968349359 78
800 0.1 2299.625 0.0 3162.48046875 2180.359375 2765.7786787974683 79
810 0.1 2309.21875 0.0 3162.48046875 2180.359375 2759.9517578125 80
820 0.1 2309.75390625 0.0 3162.48046875 2180.359375 2754.387152777778 81
830 0.1 2311.5703125 0.0 3162.48046875 2180.359375 2748.964796112805 82
840 0.1 2318.19140625 0.0 3162.48046875 2180.359375 2743.694983057229 83
850 0.1 2320.65234375 0.0 3162.48046875 2180.359375 2738.629464285714 84
860 0.1 2321.12890625 0.0 3162.48046875 2180.359375 2733.712086397059 85
870 0.1 2322.09765625 0.0 3162.48046875 2180.359375 2728.91460755814 86
880 0.1 2334.6640625 0.0 3162.48046875 2180.359375 2724.238550646552 87
890 0.1 2345.671875 0.0 3162.48046875 2180.359375 2719.811567826705 88
900 0.1 2379.91796875 0.0 3162.48046875 2180.359375 2715.607751053371 89
910 0.1 2427.91796875 0.0 3162.48046875 2180.359375 2711.8778645833336 90
920 0.1 2518.8203125 0.0 3162.48046875 2180.359375 2708.7574261675827 91
930 0.1 2648.46875 0.0 3162.48046875 2180.359375 2706.69289232337 92
940 0.1 2763.72265625 0.0 3162.48046875 2180.359375 2706.0668262768822 93
950 0.1 2800.70703125 0.0 3162.48046875 2180.359375 2706.6801861702133 94
960 0.1 2872.765625 0.0 3162.48046875 2180.359375 2707.669942434211 95
