0 0.1 0.0 0 0.0 0.0 0 0
10 0.1 0.0 0.0 0.0 0.0 0.0 1
20 0.1 0.0 0.0 0.0 0.0 0.0 2
30 0.1 0.0 0.0 0.0 0.0 0.0 3
40 0.1 0.0 0.0 0.0 0.0 0.0 4
50 0.1 0.0 0.0 0.0 0.0 0.0 5
60 0.1 0.0 0.0 0.0 0.0 0.0 6
70 0.1 0.0 0.0 0.0 0.0 0.0 7
80 0.1 0.0 0.0 0.0 0.0 0.0 8
90 0.1 0.078125 0.0 0.078125 0.0 0.0 9
100 0.1 0.140625 0.0 0.140625 0.0 0.0078125 10
110 0.1 0.12109375 0.0 0.140625 0.0 0.019886363636363636 11
120 0.1 0.1015625 0.0 0.140625 0.0 0.0283203125 12
130 0.1 0.08984375 0.0 0.140625 0.0 0.03395432692307692 13
140 0.1 0.0703125 0.0 0.140625 0.0 0.03794642857142857 14
150 0.1 0.05859375 0.0 0.140625 0.0 0.04010416666666667 15
160 0.1 0.05078125 0.0 0.140625 0.0 0.041259765625 16
170 0.1 0.0390625 0.0 0.140625 0.0 0.04181985294117647 17
180 0.1 0.0390625 0.0 0.140625 0.0 0.041666666666666664 18
190 0.1 0.03125 0.0 0.140625 0.0 0.041529605263157895 19
200 0.1 0.03125 0.0 0.140625 0.0 0.041015625 20
210 0.1 0.01953125 0.0 0.140625 0.0 0.04055059523809524 21
220 0.1 0.01953125 0.0 0.140625 0.0 0.039595170454545456 22
230 0.1 0.01953125 0.0 0.140625 0.0 0.03872282608695652 23
240 0.1 0.01171875 0.0 0.140625 0.0 0.037923177083333336 24
250 0.1 0.01171875 0.0 0.140625 0.0 0.036875 25
260 0.1 0.078125 0.0 0.140625 0.0 0.03590745192307692 26
270 0.1 0.05859375 0.0 0.140625 0.0 0.03747106481481482 27
280 0.1 0.05078125 0.0 0.140625 0.0 0.03822544642857143 28
290 0.1 0.12890625 0.0 0.140625 0.0 0.03865840517241379 29
300 0.1 0.19140625 0.0 0.19140625 0.0 0.041666666666666664 30
310 0.1 0.23828125 0.0 0.23828125 0.0 0.04649697580645161 31
320 0.1 0.19921875 0.0 0.23828125 0.0 0.052490234375 32
330 0.1 0.25 0.0 0.25 0.0 0.05693655303030303 33
340 0.1 0.2890625 0.0 0.2890625 0.0 0.06261488970588236 34
350 0.1 0.3203125 0.0 0.3203125 0.0 0.06908482142857143 35
360 0.1 0.26953125 0.0 0.3203125 0.0 0.07606336805555555 36
370 0.1 0.23046875 0.0 0.3203125 0.0 0.08129222972972973 37
380 0.1 0.3515625 0.0 0.3515625 0.0 0.08521792763157894 38
390 0.1 0.2890625 0.0 0.3515625 0.0 0.09204727564102563 39
400 0.1 0.25 0.0 0.3515625 0.0 0.09697265624999998 40
410 0.1 0.2890625 0.0 0.3515625 0.0 0.10070503048780485 41
420 0.1 0.3984375 0.0 0.3984375 0.0 0.10518973214285712 42
430 0.1 0.33984375 0.0 0.3984375 0.0 0.11200944767441859 43
440 0.1 0.2890625 0.0 0.3984375 0.0 0.11718749999999999 44
450 0.1 0.3203125 0.0 0.3984375 0.0 0.12100694444444443 45
460 0.1 0.4296875 0.0 0.4296875 0.0 0.12533967391304346 46
470 0.1 0.359375 0.0 0.4296875 0.0 0.13181515957446807 47
480 0.1 0.4609375 0.0 0.4609375 0.0 0.13655598958333331 48
490 0.1 0.55078125 0.0 0.55078125 0.0 0.14317602040816324 49
500 0.1 0.62109375 0.0 0.62109375 0.0 0.15132812499999998 50
510 0.1 0.7109375 0.0 0.7109375 0.0 0.16053921568627452 51
520 0.1 0.83984375 0.0 0.83984375 0.0 0.17112379807692307 52
530 0.1 0.94140625 0.0 0.94140625 0.0 0.18374115566037735 53
540 0.1 0.87109375 0.0 0.94140625 0.0 0.19777199074074073 54
550 0.1 0.80859375 0.0 0.94140625 0.0 0.21001420454545455 55
570 0.1 0.83984375 0.0 0.94140625 0.0 0.220703125 56
580 0.1 0.94140625 0.0 0.94140625 0.0 0.23156524122807018 57
590 0.1 0.94921875 0.0 0.94921875 0.0 0.24380387931034483 58
600 0.1 0.94921875 0.0 0.94921875 0.0 0.255760063559322 59
610 0.1 0.9609375 0.0 0.9609375 0.0 0.26731770833333335 60
620 0.1 0.96875 0.0 0.96875 0.0 0.2786885245901639 61
630 0.1 0.96875 0.0 0.96875 0.0 0.28981854838709675 62
640 0.1 1.140625 0.0 1.140625 0.0 0.3005952380952381 63
650 0.1 1.12109375 0.0 1.140625 0.0 0.313720703125 64
660 0.1 1.1015625 0.0 1.140625 0.0 0.3261418269230769 65
670 0.1 1.078125 0.0 1.140625 0.0 0.337890625 66
680 0.1 1.0703125 0.0 1.140625 0.0 0.34893889925373134 67
690 0.1 1.05859375 0.0 1.140625 0.0 0.35954733455882354 68
700 0.1 1.05078125 0.0 1.140625 0.0 0.36967844202898553 69
710 0.1 1.0390625 0.0 1.140625 0.0 0.37940848214285716 70
720 0.1 1.03125 0.0 1.140625 0.0 0.3886993838028169 71
730 0.1 1.03125 0.0 1.140625 0.0 0.3976236979166667 72
740 0.1 0.94140625 0.0 1.140625 0.0 0.4063035102739726 73
750 0.1 0.80078125 0.0 1.140625 0.0 0.4135346283783784 74
760 0.1 0.828125 0.0 1.140625 0.0 0.41869791666666667 75
770 0.1 0.78125 0.0 1.140625 0.0 0.4240851151315789 76
780 0.1 0.66015625 0.0 1.140625 0.0 0.42872362012987014 77
790 0.1 0.62890625 0.0 1.140625 0.0 0.4316907051282051 78
800 0.1 0.5390625 0.0 1.140625 0.0 0.4341871044303797 79
810 0.1 0.44921875 0.0 1.140625 0.0 0.435498046875 80
820 0.1 0.37890625 0.0 1.140625 0.0 0.4356674382716049 81
830 0.1 0.3203125 0.0 1.140625 0.0 0.4349752286585366 82
840 0.1 0.26953125 0.0 1.140625 0.0 0.43359375 83
850 0.1 0.30859375 0.0 1.140625 0.0 0.431640625 84
860 0.1 0.26953125 0.0 1.140625 0.0 0.43019301470588234 85
870 0.1 0.30078125 0.0 1.140625 0.0 0.42832485465116277 86
880 0.1 0.26171875 0.0 1.140625 0.0 0.4268588362068966 87
890 0.1 0.30078125 0.0 1.140625 0.0 0.4249822443181818 88
900 0.1 0.25 0.0 1.140625 0.0 0.4235867275280899 89
910 0.1 0.2109375 0.0 1.140625 0.0 0.4216579861111111 90
920 0.1 0.1796875 0.0 1.140625 0.0 0.41934237637362637 91
930 0.1 0.1484375 0.0 1.140625 0.0 0.4167374320652174 92
940 0.1 0.12890625 0.0 1.140625 0.0 0.4138524865591398 93
950 0.1 0.109375 0.0 1.140625 0.0 0.41082114361702127 94
960 0.1 0.08984375 0.0 1.140625 0.0 0.40764802631578945 95
