10 0.1 1
20 0.3 4
30 1.1 15
40 0.5 20
50 0.6 26
60 0.7 33
70 0.9 42
80 1.2 54
90 0.7 61
100 1.8 79
110 2.4 103
120 1.6 119
130 1.5 134
140 1 144
150 2 164
160 1.5 179
170 1.6 195
180 2 215
190 2 235
200 2.1 256
210 3.8 294
220 4 334
230 4.6 380
240 3.8 418
250 3.4 452
260 4 492
270 5.4 546
280 5.6 602
290 5.9 661
300 5.3 714
310 6.4 778
320 8.1 859
330 8.4 943
340 9 1033
350 9.9 1132
360 10.4 1236
370 12.9 1365
380 12.9 1494
390 15.7 1651
400 17.3 1824
410 16.1 1985
420 17.9 2164
430 18.5 2349
440 20.1 2550
450 22.5 2775
460 18.1 2956
470 19.5 3151
480 20.6 3357
490 21.7 3574
500 21.6 3790
510 23.4 4024
520 25 4274
530 26.8 4542
540 31.1 4853
550 29.1 5144
560 37.6 5520
570 39.6 5916
580 40.3 6319
590 44 6759
600 42.2 7181
610 48.2 7663
620 54 8203
630 56.6 8769
640 55 9319
650 58.4 9903
660 56.6 10469
670 59.7 11066
680 59.4 11660
690 62.7 12287
700 65.4 12941
710 69.9 13640
720 62.8 14268
730 61.4 14882
740 57.1 15453
750 48.1 15934
760 37.1 16305
770 32.4 16629
780 24.3 16872
790 18.9 17061
800 14.1 17202
810 10.9 17311
820 9.7 17408
830 4.4 17452
840 5.5 17507
850 4 17547
860 2.1 17568
870 1 17578
880 0.7 17585
890 0.4 17589
900 0.1 17590
910 0.1 17591
920 0 17591
930 0 17591
940 0 17591
950 0 17591
960 0 17591
967 0 17591
