0 3.5 68.25938197544642 92.78154881326104 408.027099609375 7.1259765625 0 0
10 7.9 58.37158512163766 88.86924476873536 423.902099609375 7.1259765625 68.25938197544642 35
20 18.2 44.2001255580357 54.791803144783486 457.29296875 0.70703125 61.40731222587719 114
30 24.8 39.681642593876006 56.82526537448435 551.9990234375 0.70703125 50.827217720650324 296
40 25.3 28.24952233355979 38.270746479720934 551.9990234375 0.70703125 45.746146706973796 544
50 30 26.5622216796875 31.247181169336844 551.9990234375 0.626953125 40.19201124088378 797
60 41.1 29.610276122452866 48.29849381792313 551.9990234375 0.626953125 36.46463032168699 1097
70 40.8 30.38537358302696 33.588716432522965 551.9990234375 0.626953125 34.596500629455406 1508
80 42.2 32.606486966824654 42.073725717441974 551.9990234375 0.626953125 33.69976793898421 1916
90 42 31.79315941220238 34.744970544459854 551.9990234375 0.626953125 33.50243493203325 2338
100 50.7 36.12851523976823 38.33854528556783 551.9990234375 0.626953125 33.24213916759201 2758
110 53.3 30.582267603775797 65.27924049199797 1376.992919921875 0.626953125 33.690345191663475 3265
120 52.4 28.29967888984971 49.26895150739706 1376.992919921875 0.626953125 33.25416684665449 3798
130 47.9 28.8028393707594 37.53874463376842 1376.992919921875 0.601806640625 32.6534839014056 4322
140 58.5 26.887892294337615 35.46736570930961 1376.992919921875 0.601806640625 32.26930170390934 4801
150 64.5 33.067620139898175 85.1406018806566 1422.733154296875 0.601806640625 31.6848003105563 5386
160 67.2 24.46377672467913 27.937840557521184 1422.733154296875 0.601806640625 31.832689348846056 6031
170 59.6 27.692006770396404 36.5640363682701 1422.733154296875 0.601806640625 31.093929199145897 6703
180 76.6 29.217676864902906 55.430446508758564 1422.733154296875 0.601806640625 30.81614515098386 7299
190 77.4 34.17612916616195 47.37478042014852 1422.733154296875 0.601806640625 30.664325348486898 8065
200 90.4 32.03147091485757 37.45331588606053 1422.733154296875 0.601806640625 30.971841600877497 8839
210 102.4 39.80836582183834 95.41086810671129 1460.43212890625 0.601806640625 31.070158844009796 9743
220 113.5 31.241458519754904 33.724105107982005 1460.43212890625 0.601806640625 31.901209642309826 10767
230 118.4 35.67450755351293 78.24896022818805 1543.9189453125 0.5849609375 31.838294373943178 11902
240 134.3 28.437614526130858 54.49333730501342 1613.601806640625 0.5849609375 32.185388704113635 13086
250 136.4 27.9630925242852 35.42441570720946 1613.601806640625 0.5849609375 31.836559213433002 14429
260 161.2 29.66453366717393 60.12518367917441 1613.601806640625 0.5849609375 31.502018051905893 15793
270 185.6 32.715296383561764 60.44684725345445 1625.174072265625 0.5849609375 31.331835642932155 17405
280 180.3 28.731980444918193 31.89524957463206 1625.174072265625 0.5849609375 31.465146641042768 19261
290 191.6 30.274826017949156 62.707808682919975 1625.174072265625 0.5849609375 31.231197787472098 21064
300 218.6 30.445463384713804 45.61028681004409 1625.174072265625 0.5849609375 31.15145852244138 22980
310 247.4 32.32774043410846 49.27398302602418 1651.15185546875 0.5849609375 31.09013350570958 25166
320 268 33.20393048186805 64.18482434872072 1875.27294921875 0.5849609375 31.200909176507658 27640
330 275.8 31.921076098933703 55.28145127716964 1875.27294921875 0.56396484375 31.377957233841624 30320
340 322.6 34.508572696087455 55.36998839442121 1875.27294921875 0.533935546875 31.423241768273087 33078
350 323.5 34.596132540813294 54.1938518669753 1875.27294921875 0.4951171875 31.697406531746232 36304
360 354.6 35.26490710538723 71.48996600100249 1903.59716796875 0.4951171875 31.934574356914595 39539
370 402.1 36.21440155249381 44.31212219735524 1903.59716796875 0.4951171875 32.208668819629786 43085
380 424.3 39.16568154994249 63.50406615498774 1903.59716796875 0.4951171875 32.55060087327149 47106
390 440.1 56.75608781651194 88.5115709207315 1989.2529296875 0.4951171875 33.097209128760696 51349
400 478.5 41.19057300850635 53.200380532565276 1989.2529296875 0.4951171875 34.96488132794981 55750
410 486.7 42.997718260815745 56.3726058811427 1989.2529296875 0.4951171875 35.456992250415546 60535
420 499.5 47.96257663913913 57.20898847488776 1989.2529296875 0.4951171875 36.0181480788706 65402
430 535.6 78.25796816471855 107.5338990409869 2061.5439453125 0.4951171875 36.86566176068291 70397
440 546.7 101.35115562872986 110.32123688775405 2061.5439453125 0.4951171875 39.79224147501785 75753
450 554.8 210.72642542392845 211.9832493934265 2265.595947265625 0.4951171875 43.93583398521662 81220
460 516.9 295.1980146251992 307.74231420249157 2265.595947265625 0.4951171875 54.60052835758861 86768
470 515.3 699.4950987573226 493.01767952643974 2819.7109375 0.4951171875 68.12770899778003 91937
480 553.3 759.7689461155625 494.39564295095477 2843.4169921875 0.4951171875 101.63719668375103 97090
490 572.1 768.8265541528752 580.4649903910132 3206.755859375 0.4951171875 137.12088912702603 102623
500 566.7 943.7887919075758 578.1357081029753 3206.755859375 0.4951171875 170.47749502687174 108344
510 613.9 964.4880841160889 596.4368067361283 3206.755859375 0.4951171875 208.9154976706776 114011
520 619 1068.4563936840523 633.6806326074428 3350.317138671875 0.4951171875 247.52107493400163 120150
530 637.8 1163.8760887569506 729.8993610209114 3676.864013671875 0.4931640625 287.7426169876886 126340
540 691.3 1169.317289754411 867.2041916712084 3707.407958984375 0.4931640625 329.8467722864752 132718
550 731.3 1138.7087459431193 839.4136285100536 3774.89697265625 0.4931640625 371.40817116821233 139631
560 782.5 1064.548357035 833.8092736656675 3774.89697265625 0.4931640625 409.5946170477916 146944
570 855 981.4867097839001 845.955440908291 3774.89697265625 0.4931640625 442.7085676154111 154769
580 856.8 988.2917335431898 851.5013391101451 3781.81591796875 0.4931640625 470.9144292453536 163319
590 902.6 931.6545168882778 819.8198196940261 3781.81591796875 0.4931640625 496.7039813535634 171887
600 883.3 906.838874981869 803.765053256331 3781.81591796875 0.4931640625 518.4042656545055 180913
610 1029.1 820.6821905167078 826.0196016974809 3792.923095703125 0.4931640625 536.4865593744711 189746
620 1073.6 793.5042940642891 807.2100240662123 3792.923095703125 0.4931640625 551.1071407673372 200037
630 1095.9 775.8574339717583 791.5823378871432 3792.923095703125 0.4931640625 563.4539586130578 210773
640 1094.4 774.9167628371938 777.5179641768887 3792.923095703125 0.4931640625 573.9519006622703 221732
650 1097.6 771.1030247857906 797.442609260152 3792.923095703125 0.4931640625 583.4043558000686 232676
660 1094.2 779.6156914860379 757.8331242485906 3792.923095703125 0.4931640625 591.8597782500682 243652
670 1118.7 762.9025417773523 757.2361943162915 3792.923095703125 0.4931640625 599.929195450112 254594
680 1082.3 743.1835451835467 728.8917384450444 3792.923095703125 0.4931640625 606.7889138850749 265781
690 1165.1 730.3231370379267 732.0241919665165 3792.923095703125 0.4931640625 612.1257820957419 276604
700 1171.6 725.3590280227452 697.4919107232611 3792.923095703125 0.4931640625 616.9032096596399 288255
710 1172 727.2491220311506 700.6274643554375 3792.923095703125 0.4931640625 621.1391803632816 299971
720 1101.3 756.1989353934708 763.7012472163219 3792.923095703125 0.4931640625 625.1290566072137 311691
730 924.1 905.0103131647093 827.1840908027244 3792.923095703125 0.4931640625 629.6021110939045 322704
740 805.6 1041.209807107084 922.4618044626861 4035.26708984375 0.4931640625 637.2691860470934 331945
750 671.6 1223.2606269877278 902.2927512780416 4434.505859375 0.4931640625 646.8401744949488 340001
760 567.4 1467.267175125156 918.647710661143 4434.616943359375 0.4931640625 658.0055911285189 346717
770 484.5 1669.4097153355597 807.6861903796079 4434.616943359375 0.4931640625 671.0358621274856 352391
780 409.3 1911.7429228446433 640.3051447241235 4434.616943359375 0.4931640625 684.5762704816076 357236
790 360.1 2039.1633765197605 616.4646489080595 4434.616943359375 0.4931640625 698.4771561235625 361329
800 310.5 2155.9520351342435 506.2703369215575 4928.055908203125 0.4931640625 711.7065729422584 364930
810 292.1 2173.3049665775634 400.0565430948156 4928.055908203125 0.4931640625 723.8912351621726 368035
820 283.9 2144.487715315012 371.78804671806256 4928.055908203125 0.4931640625 735.3042801310216 370956
830 256.9 2183.5484597758177 463.49120370801717 4928.055908203125 0.4931640625 746.0071300152827 373795
840 244.9 2202.9354114960797 459.8677995992283 4928.055908203125 0.4931640625 755.8195554230124 376364
850 238.8 2028.2817892972348 505.53959371659704 4928.055908203125 0.4931640625 765.1750599371736 378813
860 223.8 1925.943058726402 569.9711538018954 4928.055908203125 0.4931640625 773.0876804961748 381201
870 227.7 1652.5531720482688 625.1810561594169 4928.055908203125 0.4931640625 779.8164961265078 383439
880 209.3 1543.9769027571447 590.9715847832144 4928.055908203125 0.4931640625 784.9685287387765 385716
890 215.8 1209.8713087023593 616.4197878005018 4928.055908203125 0.4931640625 789.0648868089102 387809
900 211 769.570656611004 459.7257879007642 4928.055908203125 0.4931640625 791.3935460504512 389967
910 198.6 278.77911432272055 272.11990873221407 4928.055908203125 0.4931640625 791.2761040767643 392077
920 111 33.104181842975805 23.62152122641147 4928.055908203125 0.4931640625 788.6932200667163 394063
930 47 27.07243964012633 18.091285119806745 4928.055908203125 0.4931640625 786.5708487700226 395173
940 15 24.573378906249996 14.701467498405314 4928.055908203125 0.4931640625 785.6686105090372 395643
950 4.1 25.752286585365855 19.1177189247491 4928.055908203125 0.4931640625 785.3801660829347 395793
960 0.5 21.6078125 1.8156751156323168 4928.055908203125 0.4931640625 785.3014847593005 395834
967 0.1 23.079833984375 0.0 4928.055908203125 0.4931640625 785.2918382404853 395839
