10 0.1 203 0 203 203 0 0
20 0.1 499.0 0.0 499 203 203.0 1
30 0.1 1012.0 0.0 1012 203 351.0 2
40 0.1 1430.0 0.0 1430 203 571.3333333333334 3
50 0.1 967.0 0.0 1430 203 786.0 4
60 0.1 1466.0 0.0 1466 203 822.2 5
70 0.1 1729.0 0.0 1729 203 929.5 6
80 0.1 2046.0 0.0 2046 203 1043.7142857142858 7
90 0.1 2078.0 0.0 2078 203 1169.0 8
100 0.1 2352.0 0.0 2352 203 1270.0 9
110 0.1 2558.0 0.0 2558 203 1378.2 10
120 0.1 2641.0 0.0 2641 203 1485.4545454545455 11
130 0.1 2497.0 0.0 2641 203 1581.75 12
140 0.1 2102.0 0.0 2641 203 1652.1538461538462 13
150 0.1 2848.0 0.0 2848 203 1684.2857142857142 14
160 0.1 2930.0 0.0 2930 203 1761.8666666666666 15
170 0.1 2829.0 0.0 2930 203 1834.875 16
180 0.1 2887.0 0.0 2930 203 1893.3529411764705 17
190 0.1 3831.0 0.0 3831 203 1948.5555555555557 18
200 0.1 3460.0 0.0 3831 203 2047.6315789473683 19
210 0.1 4791.0 0.0 4791 203 2118.25 20
220 0.1 5821.0 0.0 5821 203 2245.5238095238096 21
230 0.1 6316.0 0.0 6316 203 2408.0454545454545 22
240 0.1 5738.0 0.0 6316 203 2577.9565217391305 23
250 0.1 6101.0 0.0 6316 203 2709.625 24
260 0.1 7230.0 0.0 7230 203 2845.28 25
270 0.1 8175.0 0.0 8175 203 3013.923076923077 26
280 0.1 8701.0 0.0 8701 203 3205.074074074074 27
290 0.1 9587.0 0.0 9587 203 3401.3571428571427 28
300 0.1 9397.0 0.0 9587 203 3614.655172413793 29
310 0.1 11607.0 0.0 11607 203 3807.4 30
320 0.1 12721.0 0.0 12721 203 4059.0 31
330 0.1 13633.0 0.0 13633 203 4329.6875 32
340 0.1 15575.0 0.0 15575 203 4611.606060606061 33
350 0.1 15410.0 0.0 15575 203 4934.058823529412 34
360 0.1 18995.0 0.0 18995 203 5233.371428571429 35
370 0.1 19769.0 0.0 19769 203 5615.638888888889 36
380 0.1 22171.0 0.0 22171 203 5998.1621621621625 37
390 0.1 23585.0 0.0 23585 203 6423.763157894737 38
400 0.1 25755.0 0.0 25755 203 6863.794871794872 39
410 0.1 27495.0 0.0 27495 203 7336.075 40
420 0.1 27301.0 0.0 27495 203 7827.756097560976 41
430 0.1 30588.0 0.0 30588 203 8291.404761904761 42
440 0.1 31730.0 0.0 31730 203 8809.93023255814 43
450 0.1 33739.0 0.0 33739 203 9330.84090909091 44
460 0.1 34012.0 0.0 34012 203 9873.244444444446 45
470 0.1 32975.0 0.0 34012 203 10398.000000000002 46
480 0.1 33056.0 0.0 34012 203 10878.36170212766 47
490 0.1 33885.0 0.0 34012 203 11340.395833333334 48
500 0.1 33243.0 0.0 34012 203 11800.489795918367 49
510 0.1 34733.0 0.0 34733 203 12229.34 50
520 0.1 34635.0 0.0 34733 203 12670.588235294117 51
530 0.1 34679.0 0.0 34733 203 13092.98076923077 52
540 0.1 34628.0 0.0 34733 203 13500.264150943396 53
550 0.1 36277.0 0.0 36277 203 13891.518518518518 54
570 0.1 37265.0 0.0 37265 203 14298.527272727273 55
580 0.1 38138.0 0.0 38138 203 14708.642857142857 56
590 0.1 38626.0 0.0 38626 203 15119.684210526315 57
600 0.1 38684.0 0.0 38684 203 15524.965517241379 58
610 0.1 39824.0 0.0 39824 203 15917.49152542373 59
620 0.1 40169.0 0.0 40169 203 16315.933333333332 60
630 0.1 41064.0 0.0 41064 203 16706.967213114753 61
640 0.1 42696.0 0.0 42696 203 17099.822580645163 62
650 0.1 41345.0 0.0 42696 203 17506.11111111111 63
660 0.1 41216.0 0.0 42696 203 17878.59375 64
670 0.1 42948.0 0.0 42948 203 18237.63076923077 65
680 0.1 42616.0 0.0 42948 203 18612.030303030304 66
690 0.1 44506.0 0.0 44506 203 18970.298507462685 67
700 0.1 45361.0 0.0 45361 203 19345.823529411766 68
710 0.1 44619.0 0.0 45361 203 19722.855072463768 69
720 0.1 45409.0 0.0 45409 203 20078.514285714286 70
730 0.1 37646.0 0.0 45409 203 20435.281690140844 71
740 0.1 32425.0 0.0 45409 203 20674.319444444445 72
750 0.1 28238.0 0.0 45409 203 20835.287671232876 73
760 0.1 23186.0 0.0 45409 203 20935.324324324323 74
770 0.1 19736.0 0.0 45409 203 20965.333333333332 75
780 0.1 17032.0 0.0 45409 203 20949.157894736843 76
790 0.1 14303.0 0.0 45409 203 20898.285714285714 77
800 0.1 12621.0 0.0 45409 203 20813.73076923077 78
810 0.1 10804.0 0.0 45409 203 20710.025316455696 79
820 0.1 9704.0 0.0 45409 203 20586.2 80
830 0.1 8686.0 0.0 45409 203 20451.85185185185 81
840 0.1 8184.0 0.0 45409 203 20308.365853658535 82
850 0.1 7747.0 0.0 45409 203 20162.289156626506 83
860 0.1 7446.0 0.0 45409 203 20014.488095238095 84
870 0.1 7186.0 0.0 45409 203 19866.623529411765 85
880 0.1 7015.0 0.0 45409 203 19719.174418604653 86
890 0.1 7109.0 0.0 45409 203 19573.14942528736 87
900 0.1 6778.0 0.0 45409 203 19431.511363636368 88
910 0.1 6604.0 0.0 45409 203 19289.33707865169 89
920 0.1 3652.0 0.0 45409 203 19148.388888888894 90
930 0.1 1317.0 0.0 45409 203 18978.098901098907 91
940 0.1 458.0 0.0 45409 203 18786.130434782615 92
950 0.1 124.0 0.0 45409 124 18589.05376344087 93
960 0.1 31.0 0.0 45409 31 18392.617021276605 94
