0 3.8 62.8626195004112 89.38863782288351 408.027099609375 7.1259765625 0 0
10 9.2 50.11194909137228 82.67827162240482 423.902099609375 7.1259765625 62.8626195004112 38
20 21.2 37.934555341612636 50.06947780647211 457.29296875 0.70703125 53.839068134014425 130
30 28.1 35.01287429103647 52.02976665282149 540.677001953125 0.70703125 43.980130379660096 342
40 28 25.51955043247768 34.447264203917236 540.677001953125 0.70703125 39.935509254614765 623
50 32.9 24.215454472596885 27.334495465076557 540.677001953125 0.626953125 35.465444503564505 903
60 43.5 27.973285964439654 45.609271729098964 540.677001953125 0.626953125 32.46118580211293 1232
70 44.5 27.854168495435403 30.392104967940426 540.677001953125 0.626953125 31.29007816600743 1667
80 47.2 29.146949380131087 37.6574614806375 540.677001953125 0.626953125 30.56612939545603 2112
90 48.6 27.6431151339056 29.387213871843592 540.677001953125 0.626953125 30.306898370984914 2584
100 57.6 31.644467247856976 34.138837109639844 540.677001953125 0.626953125 29.885204998600372 3070
110 58.1 28.050899748547767 61.65078232157402 1376.992919921875 0.626953125 30.163135622728674 3646
120 56.3 26.33513135893095 46.210357969233435 1376.992919921875 0.626953125 29.87280937647859 4227
130 51.7 26.681404039984283 34.63579307781001 1376.992919921875 0.601806640625 29.45700296230754 4790
140 63.6 24.87795195189662 31.966172983359204 1376.992919921875 0.601806640625 29.186608267971547 5307
150 70 30.32846365792413 81.0181421647232 1422.733154296875 0.601806640625 28.72551026746277 5943
160 73.3 22.422616414776588 24.307470667013277 1422.733154296875 0.601806640625 28.89442000302245 6643
170 65.3 25.26997017969946 32.90969760137332 1422.733154296875 0.601806640625 28.251275747303332 7376
180 83.7 26.734692937014643 51.92214765490769 1422.733154296875 0.601806640625 28.008805634506555 8029
190 85.3 31.00453964179734 42.282327494881294 1422.733154296875 0.601806640625 27.888522267960113 8866
200 101.5 28.522687519242595 32.66907826990421 1422.733154296875 0.601806640625 28.162003368884402 9719
210 116.4 35.01427614402115 88.7386889286076 1460.43212890625 0.601806640625 28.19610942558401 10734
220 127.6 27.852124635702392 29.501007856496464 1460.43212890625 0.601806640625 28.86314136878966 11898
230 130.6 32.2673328627488 73.77257674540918 1543.9189453125 0.5849609375 28.765216869668713 13174
240 146.5 26.063399237414686 50.78117932635675 1613.601806640625 0.5849609375 29.081084513795965 14480
250 148 25.76713141364021 31.941649529740957 1613.601806640625 0.5849609375 28.80382462480891 15945
260 175.1 27.30543553795152 56.4767400256788 1613.601806640625 0.5849609375 28.545901758092715 17425
270 204 29.80189831303615 56.56455371579445 1625.174072265625 0.5849609375 28.43263223621812 19176
280 198 26.115174079663806 27.989025964155452 1625.174072265625 0.5849609375 28.56429243591216 21216
290 206.8 28.045352898898393 59.51825073095892 1625.174072265625 0.5849609375 28.355236807986152 23196
300 236.9 28.08895478544482 42.3862506216223 1625.174072265625 0.5849609375 28.329871073185902 25264
310 269.8 29.638177259486195 45.705136026868104 1651.15185546875 0.5849609375 28.3092171200987 27633
320 295.4 30.14682174197062 59.90773475941226 1875.27294921875 0.5849609375 28.42743064606446 30331
330 302.6 29.12224853676986 51.4639543253565 1875.27294921875 0.56396484375 28.58002434584835 33285
340 352.4 31.53290813329135 51.61538810629901 1875.27294921875 0.533935546875 28.62521093949018 36311
350 353.6 31.645700584169962 50.415985955594614 1875.27294921875 0.4951171875 28.882440132685996 39835
360 387.8 32.24062740489225 67.33274757280893 1903.59716796875 0.4951171875 29.10772635980659 43371
370 444.3 32.78948517154796 39.90453184505352 1903.59716796875 0.4951171875 29.364861754266624 47249
380 467.1 35.60679466722875 59.010808544460744 1903.59716796875 0.4951171875 29.659212946771866 51692
390 487.1 51.25255979265044 82.08118645735443 1989.2529296875 0.4951171875 30.152109957510365 56363
400 526.8 37.37040109134744 48.47707250222866 1989.2529296875 0.4951171875 31.830593988391367 61234
410 536.3 39.0148717285246 51.716897974047285 1989.2529296875 0.4951171875 32.269433479209276 66502
420 548.2 43.743918529178 51.81462170226776 1989.2529296875 0.4951171875 32.77281878959789 71865
430 588.6 71.16928410635408 96.21865499706121 2061.5439453125 0.4951171875 33.55039993395227 77347
440 601.9 92.39388149278606 98.61300613579988 2061.5439453125 0.4951171875 36.21069996205119 83233
450 606.4 192.55825998915213 183.52910212213988 2265.595947265625 0.4951171875 39.999596229176774 89252
460 568.5 271.4695111948245 267.12348287219186 2265.595947265625 0.4951171875 49.70537214340409 95316
470 566.9 637.283443949552 404.8129057551568 2639.47216796875 0.4951171875 62.187715194535514 101001
480 610 689.375073202164 402.12827418531754 2639.47216796875 0.4951171875 92.75130089165926 106670
490 633.3 696.988454341963 486.4517247890342 2639.47216796875 0.4951171875 125.02411290810049 112770
500 628.8 853.9483236453618 471.2639112941024 2639.47216796875 0.4951171875 155.43686635932045 119103
510 684.6 863.6924832004428 466.1574505026743 2639.47216796875 0.4951171875 190.46521802263464 125391
520 689.1 965.3367772714754 509.44817516608924 3194.82080078125 0.4951171875 225.31865433325325 132237
530 704.6 1054.5445893780588 582.0252333305398 3466.9228515625 0.4931640625 261.9716996236857 139128
540 771.9 1048.4205364173424 720.0510680432234 3466.9228515625 0.4931640625 300.17595332960684 146174
550 821.1 1015.3545422882135 677.5729588316871 3466.9228515625 0.4931640625 337.70657484490795 153893
560 881.2 944.2947339764848 687.0967059641239 3466.9228515625 0.4931640625 372.0312519699449 162104
570 955.1 879.2313237406428 705.7855301253971 3466.9228515625 0.4931640625 401.53572085197834 170916
580 959.3 879.8666553686188 708.670572369028 3630.64599609375 0.4931640625 426.81718894968947 180467
590 1007.1 834.7896698092006 689.4035045190356 3630.64599609375 0.4931640625 449.6841969016877 190060
600 987.3 811.6742516186031 677.4547603143723 3630.64599609375 0.4931640625 469.06348955325876 200131
610 1146.6 736.5560399615589 708.5589855603048 3630.64599609375 0.4931640625 485.1707830041985 210004
620 1205.1 706.2812257297734 690.7561797461459 3630.64599609375 0.4931640625 498.18556313818095 221470
630 1225.9 693.3467461644889 680.2215901078898 3630.64599609375 0.4931640625 508.9244724006939 233521
640 1226.9 691.2160298487966 667.9786952214467 3630.64599609375 0.4931640625 518.1230754362149 245780
650 1221.2 692.1226429993957 684.3247186836118 3630.64599609375 0.4931640625 526.3528203981715 258049
660 1217.9 701.0801832864844 657.0225294274115 3630.64599609375 0.4931640625 533.8432872935288 270261
670 1243.4 684.2692519039562 656.1854576196413 3630.64599609375 0.4931640625 541.0546530926302 282440
680 1216.1 664.1383575497189 628.113781227846 3630.64599609375 0.4931640625 547.0936064137777 294874
690 1311.5 647.5958574836822 622.3638859950842 3630.64599609375 0.4931640625 551.7294987992196 307035
700 1314.5 646.7803860077789 598.4402288987754 3630.64599609375 0.4931640625 555.6566807268995 320150
710 1309.5 650.5081856930461 599.5162002976796 3630.64599609375 0.4931640625 559.2505573404616 333295
720 1228.6 677.2932057567724 651.8790683238243 3630.64599609375 0.4931640625 562.7004798072682 346390
730 1018 822.9967873444008 710.0658289850048 3630.64599609375 0.4931640625 566.6257110215552 358676
740 853.1 977.668858313613 828.5942768666488 3630.64599609375 0.4931640625 573.7012569174238 368856
750 687.4 1192.4510494140006 854.5921228935274 3630.64599609375 0.4931640625 582.8331231648327 377387
760 571.3 1452.3492214764506 893.2227564451356 3630.64599609375 0.4931640625 593.7385068104194 384261
770 485.4 1665.9154570791284 802.1857022613801 3630.64599609375 0.4931640625 606.3168915562923 389974
780 409.3 1911.2469482720117 639.3142757364435 3630.64599609375 0.4931640625 619.3435549060239 394828
790 360.1 2039.1633765197605 616.4646489080595 3874.184814453125 0.4931640625 632.5987121653484 398921
800 310.6 2155.257874517697 503.8286982278407 4280.215087890625 0.4931640625 645.181973096031 402522
810 292.1 2173.3049665775634 400.0565430948156 4280.215087890625 0.4931640625 656.7450203950727 405628
820 283.9 2144.487715315012 371.78804671806256 4280.215087890625 0.4931640625 667.5879587030823 408549
830 256.9 2183.5484597758177 463.49120370801717 4280.215087890625 0.4931640625 677.7800848930083 411388
840 244.9 2202.9354114960797 459.8677995992283 4280.215087890625 0.4931640625 687.1248210735148 413957
850 238.8 2028.2817892972348 505.53959371659704 4280.215087890625 0.4931640625 696.0397265646577 416406
860 223.8 1925.943058726402 569.9711538018954 4280.215087890625 0.4931640625 703.6362872742319 418794
870 227.7 1652.5531720482688 625.1810561594169 4280.215087890625 0.4931640625 710.13347170323 421032
880 209.3 1543.9769027571447 590.9715847832144 4280.215087890625 0.4931640625 715.2027937769059 423309
890 215.8 1209.8713087023593 616.4197878005018 4280.215087890625 0.4931640625 719.2804055655097 425402
900 211 769.570656611004 459.7257879007642 4280.215087890625 0.4931640625 721.7565379655689 427560
910 198.6 278.77911432272055 272.11990873221407 4280.215087890625 0.4931640625 721.9913409314308 429670
920 111 33.104181842975805 23.62152122641147 4280.215087890625 0.4931640625 719.952172051478 431656
930 47 27.07243964012633 18.091285119806745 4280.215087890625 0.4931640625 718.1904780433271 432766
940 15 24.573378906249996 14.701467498405314 4280.215087890625 0.4931640625 717.4407123773864 433236
950 4.1 25.752286585365855 19.1177189247491 4280.215087890625 0.4931640625 717.2009028311143 433386
960 0.5 21.6078125 1.8156751156323168 4280.215087890625 0.4931640625 717.1354952924374 433427
967 0.1 23.079833984375 0.0 4280.215087890625 0.4931640625 717.1274717999081 433432
