10 0.1 155 0 155 155 0 0
20 0.1 364.0 0.0 364 155 155.0 1
30 0.1 712.0 0.0 712 155 259.5 2
40 0.1 904.0 0.0 904 155 410.3333333333333 3
50 0.1 770.0 0.0 904 155 533.75 4
60 0.1 1103.0 0.0 1103 155 581.0 5
70 0.1 1341.0 0.0 1341 155 668.0 6
80 0.1 1472.0 0.0 1472 155 764.1428571428571 7
90 0.1 1537.0 0.0 1537 155 852.625 8
100 0.1 1741.0 0.0 1741 155 928.6666666666666 9
110 0.1 1724.0 0.0 1741 155 1009.9 10
120 0.1 1865.0 0.0 1865 155 1074.8181818181818 11
130 0.1 1959.0 0.0 1959 155 1140.6666666666667 12
140 0.1 1679.0 0.0 1959 155 1203.6153846153845 13
150 0.1 2198.0 0.0 2198 155 1237.5714285714287 14
160 0.1 2255.0 0.0 2255 155 1301.6 15
170 0.1 2221.0 0.0 2255 155 1361.1875 16
180 0.1 2240.0 0.0 2255 155 1411.764705882353 17
190 0.1 2.9e3 0.0 2900 155 1457.7777777777778 18
200 0.1 2758.0 0.0 2900 155 1533.6842105263158 19
210 0.1 3960.0 0.0 3960 155 1594.9 20
220 0.1 4648.0 0.0 4648 155 1707.5238095238096 21
230 0.1 4901.0 0.0 4901 155 1841.1818181818182 22
240 0.1 4587.0 0.0 4901 155 1974.2173913043478 23
250 0.1 5148.0 0.0 5148 155 2083.0833333333335 24
260 0.1 5962.0 0.0 5962 155 2205.68 25
270 0.1 6812.0 0.0 6812 155 2350.1538461538457 26
280 0.1 7135.0 0.0 7135 155 2515.407407407407 27
290 0.1 7639.0 0.0 7639 155 2680.3928571428564 28
300 0.1 7576.0 0.0 7639 155 2851.379310344827 29
310 0.1 9211.0 0.0 9211 155 3008.8666666666663 30
320 0.1 10193.0 0.0 10193 155 3208.9354838709673 31
330 0.1 10998.0 0.0 10998 155 3427.1874999999995 32
340 0.1 12310.0 0.0 12310 155 3656.60606060606 33
350 0.1 12277.0 0.0 12310 155 3911.1176470588234 34
360 0.1 14829.0 0.0 14829 155 4150.142857142857 35
370 0.1 15857.0 0.0 15857 155 4446.777777777777 36
380 0.1 17490.0 0.0 17490 155 4755.1621621621625 37
390 0.1 18072.0 0.0 18072 155 5090.289473684211 38
400 0.1 19340.0 0.0 19340 155 5423.153846153846 39
410 0.1 21208.0 0.0 21208 155 5771.074999999999 40
420 0.1 20849.0 0.0 21208 155 6147.585365853657 41
430 0.1 22621.0 0.0 22621 155 6497.619047619046 42
440 0.1 23516.0 0.0 23516 155 6872.581395348836 43
450 0.1 23888.0 0.0 23888 155 7250.840909090908 44
460 0.1 23977.0 0.0 23977 155 7620.555555555554 45
470 0.1 22783.0 0.0 23977 155 7976.130434782607 46
480 0.1 23080.0 0.0 23977 155 8291.170212765956 47
490 0.1 24065.0 0.0 24065 155 8599.27083333333 48
500 0.1 23655.0 0.0 24065 155 8914.89795918367 49
510 0.1 25013.0 0.0 25013 155 9209.699999999997 50
520 0.1 24735.0 0.0 25013 155 9519.568627450979 51
530 0.1 25075.0 0.0 25075 155 9812.173076923076 52
540 0.1 25360.0 0.0 25360 155 10100.150943396226 53
550 0.1 26178.0 0.0 26178 155 10382.74074074074 54
570 0.1 27190.0 0.0 27190 155 10669.927272727273 55
580 0.1 28008.0 0.0 28008 155 10964.92857142857 56
590 0.1 28123.0 0.0 28123 155 11263.929824561403 57
600 0.1 28566.0 0.0 28566 155 11554.603448275862 58
610 0.1 29449.0 0.0 29449 155 11842.93220338983 59
620 0.1 30797.0 0.0 30797 155 12136.366666666667 60
630 0.1 31196.0 0.0 31196 155 12442.27868852459 61
640 0.1 32461.0 0.0 32461 155 12744.758064516129 62
650 0.1 31489.0 0.0 32461 155 13057.714285714286 63
660 0.1 31216.0 0.0 32461 155 13345.703125 64
670 0.1 32504.0 0.0 32504 155 13620.63076923077 65
680 0.1 32679.0 0.0 32679 155 13906.742424242424 66
690 0.1 33668.0 0.0 33668 155 14186.925373134329 67
700 0.1 34152.0 0.0 34152 155 14473.411764705883 68
710 0.1 33975.0 0.0 34152 155 14758.608695652174 69
720 0.1 34529.0 0.0 34529 155 15033.128571428571 70
730 0.1 28833.0 0.0 34529 155 15307.718309859154 71
740 0.1 25386.0 0.0 34529 155 15495.569444444445 72
750 0.1 22670.0 0.0 34529 155 15631.054794520547 73
760 0.1 18699.0 0.0 34529 155 15726.175675675675 74
770 0.1 16101.0 0.0 34529 155 15765.813333333334 75
780 0.1 14008.0 0.0 34529 155 15770.223684210527 76
790 0.1 11801.0 0.0 34529 155 15747.337662337663 77
800 0.1 10355.0 0.0 34529 155 15696.74358974359 78
810 0.1 8861.0 0.0 34529 155 15629.12658227848 79
820 0.1 7896.0 0.0 34529 155 15544.525 80
830 0.1 7015.0 0.0 34529 155 15450.098765432098 81
840 0.1 6520.0 0.0 34529 155 15347.231707317073 82
850 0.1 6229.0 0.0 34529 155 15240.87951807229 83
860 0.1 5885.0 0.0 34529 155 15133.595238095239 84
870 0.1 5614.0 0.0 34529 155 15024.788235294118 85
880 0.1 5457.0 0.0 34529 155 14915.360465116279 86
890 0.1 5473.0 0.0 34529 155 14806.643678160919 87
900 0.1 5361.0 0.0 34529 155 14700.579545454546 88
910 0.1 5265.0 0.0 34529 155 14595.640449438202 89
920 0.1 3435.0 0.0 34529 155 14491.966666666667 90
930 0.1 1456.0 0.0 34529 155 14370.461538461539 91
940 0.1 539.0 0.0 34529 155 14230.08695652174 92
950 0.1 143.0 0.0 34529 143 14082.870967741936 93
960 0.1 37.0 0.0 34529 37 13934.574468085106 94
