30 0.3 28335.468017578125 6414.109083317477 34118.64501953125 19391.826904296875 0 0
40 0.2 23601.4814453125 2379.550537109375 34118.64501953125 19391.826904296875 28335.468017578125 3
50 0.4 48454.76251220703 7816.4811679672 57083.741943359375 19391.826904296875 26441.873388671876 5
60 0.2 44088.08996582031 20635.149047851563 64723.239013671875 19391.826904296875 36225.37966579861 9
70 1.2 49861.29184977213 14795.387926578496 68008.19799804688 19391.826904296875 37654.96335671165 11
80 1.3 51073.93349984976 18163.821889225488 82134.65795898438 19391.826904296875 44023.48257048234 23
90 0.6 55483.61372884115 18604.548215189436 82134.65795898438 19391.826904296875 46569.47873942057 36
100 0.8 47981.9416809082 19233.54104883029 82134.65795898438 19391.826904296875 47842.926595052086 42
110 1.3 56113.50161508413 29820.543741730173 100132.16796875 16103.948974609375 47865.16900878906 50
120 1.1 48499.077880859375 25061.514305308505 105574.62084960938 16103.948974609375 49567.20589580233 63
130 1.5 59445.19721679688 27281.044296191205 112108.171875 16103.948974609375 49408.4301097973 74
140 0.9 67321.07524956597 16186.776725608992 112108.171875 16103.948974609375 51100.02007165116 89
150 1.3 56159.149601862984 21691.83451316601 112108.171875 16103.948974609375 52589.70881248007 98
160 1.6 58569.19415283203 25780.790087535876 112108.171875 16103.948974609375 53007.751427452844 111
170 1.2 69732.03330485027 27353.9352960671 112108.171875 12115.928955078125 53708.405629075416 127
180 1.5 74672.42067057292 28503.249045885652 130054.50415039063 12115.928955078125 55091.74039245166 139
190 1.6 67006.31829833984 28770.202097035308 130054.50415039063 12115.928955078125 56998.94951045049 154
200 1.7 79057.10430549172 27540.410966469488 130054.50415039063 12115.928955078125 57940.81951401654 170
210 2 63394.016540527344 32028.060480157113 138665.501953125 12115.928955078125 59860.481767787016 187
220 3.2 63803.997955322266 26479.394050065395 138665.501953125 12115.928955078125 60201.886093655645 207
230 2.4 45333.01257324219 24578.747735632976 138665.501953125 12115.928955078125 60684.177221577535 239
240 2 58757.03946533203 23119.59432991361 138665.501953125 12115.928955078125 59283.31048560777 263
250 2.3 65335.44779636548 23738.790508568654 138665.501953125 12115.928955078125 59246.11818735507 283
260 3.5 63998.24090401785 24393.301346741147 138665.501953125 12115.928955078125 59703.81289652905 306
270 3.3 63166.19492039536 24819.933920588395 138665.501953125 12115.928955078125 60144.58996474638 341
280 4.7 66054.44108938663 29498.09425878118 138665.501953125 12115.928955078125 60411.20216671541 374
290 3.7 55455.52647276183 26785.825032460332 138665.501953125 12115.928955078125 61041.20746212051 421
300 4.1 60033.767935403965 24683.28912241316 138665.501953125 12115.928955078125 60589.96249136446 458
310 4.9 61228.74181879783 31119.142441619722 138665.501953125 12115.928955078125 60544.26313907111 499
320 5.8 63406.969276165146 29570.19150472305 138665.501953125 12115.928955078125 60605.466524667114 548
330 5.1 66412.04266237745 29512.327272237017 151280.26586914063 12115.928955078125 60873.59715104811 606
340 7.1 59191.5449665768 28849.313509708292 151280.26586914063 12115.928955078125 61303.52214507824 657
350 5.8 54909.21487742457 30247.304154744583 151280.26586914063 12115.928955078125 61097.54634882329 728
360 5.7 65035.95316783171 30797.04406059755 151280.26586914063 12115.928955078125 60640.901023961815 786
370 8.1 67429.3281280141 27011.790711233618 151280.26586914063 12115.928955078125 60938.07536820924 843
380 9.3 58872.45877698673 29331.421016102122 151280.26586914063 12115.928955078125 61507.113759490836 924
390 8.8 68283.67120916193 31288.11941590516 151280.26586914063 12115.928955078125 61266.18660769842 1017
400 10 61428.71069091797 31452.024317609856 151280.26586914063 10281.94189453125 61825.045109896426 1105
410 10.7 62383.78252090026 33302.725700173854 164532.7509765625 10281.94189453125 61792.154286744684 1205
420 9.6 65610.08367665605 36197.19373606636 170684.28393554688 10281.94189453125 61840.40445523146 1312
430 12.3 71388.80677162726 31399.16634149998 170684.28393554688 10281.94189453125 62097.42803851041 1408
440 11.4 72242.78634268782 34117.064289767775 170684.28393554688 10281.94189453125 62843.89412876082 1531
450 11.8 69668.14303744043 32659.13257124635 170684.28393554688 10281.94189453125 63495.24592960439 1645
460 10.5 75738.07180524553 33029.41499306507 170684.28393554688 10281.94189453125 63908.40637130867 1763
470 8.7 75299.94592144845 34067.19438784109 170684.28393554688 10281.94189453125 64573.350092167006 1868
480 11.1 76646.98305532095 33834.01468223018 176035.9619140625 10281.94189453125 65050.697323444496 1955
490 11.6 85434.95055100015 34162.09118198089 181574.626953125 10281.94189453125 65673.73106799352 2066
500 13 82005.39015737681 33907.05117226609 185437.47900390625 10281.94189453125 66724.2816912881 2182
510 11.8 89272.35920948093 36875.22789500626 212261.88916015625 10281.94189453125 67583.51356870658 2312
520 10.6 89632.37163500515 35884.008688288595 212261.88916015625 10281.94189453125 68636.71677266188 2430
530 15.6 90238.28281656897 39441.967728095246 212261.88916015625 10281.94189453125 69514.29540649799 2536
540 16.4 89793.9146668969 39932.73796131649 212261.88916015625 10281.94189453125 70715.23969920642 2692
550 17.8 92879.80328026248 41151.16877427342 212261.88916015625 10281.94189453125 71810.79386401777 2856
560 18.3 93095.77390843797 41862.128886747785 212261.88916015625 10281.94189453125 73046.87945270978 3034
570 21.5 90640.89198878089 43007.966522016744 212261.88916015625 9071.119873046875 74187.36676554728 3217
580 23.3 88820.47009224952 44421.67544602444 218541.8310546875 9071.119873046875 75218.10916735242 3432
590 25.9 90756.66440278868 46662.039573216105 220875.00805664063 7730.950927734375 76082.87044852597 3665
600 25.9 95333.2054382089 46117.18029092047 230508.35107421875 7730.950927734375 77051.4006814908 3924
610 28.5 91757.48695004109 48765.54195896016 233085.77612304688 7730.950927734375 78183.36038313794 4183
620 31.2 89481.1206782414 48232.26358685165 233085.77612304688 7730.950927734375 79049.21223442876 4468
630 36.9 91672.03824406653 47785.91607176116 233085.77612304688 6587.070068359375 79730.12341318809 4780
640 35.5 91756.4115248129 49588.845579229346 233085.77612304688 6439.534912109375 80585.93358459888 5149
650 34.8 89741.16522778041 47750.65383246576 233085.77612304688 6439.534912109375 81306.4131755829 5504
660 39.4 88744.40641172769 47275.00046801833 233952.85498046875 6439.534912109375 81808.00130172177 5852
670 38.5 91679.42252561888 47316.336988254836 233952.85498046875 6439.534912109375 82245.55231250344 6246
680 43.1 89053.1870745949 46640.51470243957 233952.85498046875 6439.534912109375 82793.28870702154 6631
690 41.5 93722.62365281436 50239.74632364139 264716.3869628906 6439.534912109375 83175.33574701361 7062
700 40 85799.62642211904 46427.08676841427 264716.3869628906 6439.534912109375 83760.74760750677 7477
710 41.5 89929.10139013082 47853.090930399885 264716.3869628906 6439.534912109375 83864.28341121947 7877
720 45.6 85993.27306593514 44645.66103449706 264716.3869628906 6439.534912109375 84167.8168725374 8292
730 39.7 88176.24355087469 45623.178941592894 264716.3869628906 6439.534912109375 84262.9709676665 8748
740 38.5 87032.78684430804 41849.51460464796 264716.3869628906 6439.534912109375 84432.85278456465 9145
750 34.9 92774.17052837908 40718.58791606777 264716.3869628906 6439.534912109375 84537.88684678932 9530
760 31.4 93208.40645370967 39037.84861878692 264716.3869628906 6439.534912109375 84828.85384799134 9879
770 27.3 103386.2970171918 41101.18932738307 264716.3869628906 6439.534912109375 85086.98977639274 10193
780 25.9 111988.07111373369 41944.879998399454 264716.3869628906 6439.534912109375 85564.31739694865 10466
790 18.9 115916.15761408731 38534.318527597534 264716.3869628906 6439.534912109375 86202.42949136799 10725
800 17 132038.20391773898 40747.71122396856 272992.6669921875 6439.534912109375 86716.98827963938 10914
810 14.3 133965.9770302938 36842.629938839156 272992.6669921875 6439.534912109375 87412.09894893538 11084
820 11.7 140022.92218591404 33190.372116694205 272992.6669921875 6439.534912109375 88005.06274742422 11227
830 7.8 165423.35517139928 45733.02643637747 276797.541015625 6439.534912109375 88541.56570531415 11344
840 8.8 161489.90006880322 35889.736392510655 276797.541015625 6439.534912109375 89066.58580497748 11422
850 9 182342.6094021268 40647.236497109254 296858.7609863281 6439.534912109375 89620.30011038293 11510
860 7 190461.44779924664 32219.356515452564 296858.7609863281 6439.534912109375 90339.69733764646 11600
870 5.9 205239.57277873412 27466.55131157041 296858.7609863281 6439.534912109375 90940.25625215478 11670
880 7.3 207692.51264180226 26653.89383050655 296858.7609863281 6439.534912109375 91515.21231618992 11729
890 9.6 213892.6843973796 22681.348561569168 296858.7609863281 6439.534912109375 92233.81449580098 11802
900 9.9 221768.97260199653 22927.726668191677 296858.7609863281 6439.534912109375 93215.42917982783 11898
910 13.6 221927.56874353744 20221.138968094623 296858.7609863281 6439.534912109375 94276.26112104603 11997
920 11.2 226168.30828857422 16867.90956949571 296858.7609863281 6439.534912109375 95707.11728495099 12133
930 5.8 232049.26093581627 16721.763236963197 297924.541015625 6439.534912109375 96900.39236803843 12245
940 3.2 237020.74279022217 11229.14669671746 297924.541015625 6439.534912109375 97537.5243177199 12303
950 0.9 240192.57261827256 10873.638659598286 297924.541015625 6439.534912109375 97899.37782328294 12335
960 0.2 247762.40197753906 1426.9000244140625 297924.541015625 6439.534912109375 98003.12367172388 12344
967 0.1 256623.25903320313 0.0 297924.541015625 6439.534912109375 98027.38404403973 12346
