0 18.25546875 18.25546875
10 49.534375 67.78984375
20 118.90390625 186.69375
30 158.615625 345.309375
40 162.01171875 507.32109375
50 185.3578125 692.67890625
60 244.24921875 936.928125
70 249.5890625 1186.5171875
80 263.47734375 1449.99453125
90 276.59609375 1726.590625
100 321.753125 2048.34375
110 335.3734375 2383.7171875
120 313.7203125 2697.4375
130 288.66953125 2986.10703125
140 358.82109375 3344.928125
150 393.03828125 3737.96640625
160 417.26640625 4155.2328125
170 368.5 4523.7328125
180 468.1609375 4991.89375
190 482.90078125 5474.79453125
200 569.29296875 6044.0875
210 652.278125 6696.365625
220 725.25 7421.615625
230 730.034375 8151.65
240 828.47578125 8980.12578125
250 831.28671875 9811.4125
260 982.40546875 10793.81796875
270 1145.48046875 11939.2984375
280 1117.95390625 13057.25234375
290 1158.3578125 14215.61015625
300 1320.38046875 15535.990625
310 1507.678125 17043.66875
320 1662.865625 18706.534375
330 1704.2125 20410.746875
340 1979.628125 22390.375
350 1982.9390625 24373.3140625
360 2160.35 26533.6640625
370 2491.77109375 29025.43515625
380 2617.1046875 31642.53984375
390 2719.66484375 34362.2046875
400 2945.7046875 37307.909375
410 2992.54453125 40300.45390625
420 3073.35859375 43373.8125
430 3276.28515625 46650.09765625
440 3405.440625 50055.53828125
450 3368.53828125 53424.0765625
460 3244.64765625 56668.72421875
470 3212.76015625 59881.484375
480 3361.159375 63242.64375
490 3613.48515625 66856.12890625
500 3520.30390625 70376.4328125
510 3794.346875 74170.7796875
520 3834.3078125 78005.0875
530 3889.71171875 81894.79921875
540 4230.29921875 86125.0984375
550 4462.1265625 90587.225
560 4805.28359375 95392.50859375
570 5166.675 100559.18359375
580 5175.05625 105734.23984375
590 5443.9453125 111178.18515625
600 5283.725 116461.91015625
610 6141.6078125 122603.51796875
620 6430.26875 129033.78671875
630 6546.68515625 135580.471875
640 6534.5296875 142115.0015625
650 6481.465625 148596.4671875
660 6418.22109375 155014.68828125
670 6562.828125 161577.51640625
680 6440.4140625 168017.93046875
690 6940.453125 174958.38359375
700 6960.653125 181919.03671875
710 6910.2453125 188829.28203125
720 6635.2046875 195464.48671875
730 5513.546875 200978.03359375
740 4589.0265625 205567.06015625
750 3680.384375 209247.44453125
760 3060.18671875 212307.63125
770 2595.63828125 214903.26953125
780 2207.31171875 217110.58125
790 1948.15 219058.73125
800 1703.5078125 220762.2390625
810 1629.1359375 222391.375
820 1552.6359375 223944.0109375
830 1448.42890625 225392.43984375
840 1353.18125 226745.62109375
850 1341.44140625 228087.0625
860 1246.653125 229333.715625
870 1253.00625 230586.721875
880 1173.10234375 231759.82421875
890 1167.071875 232926.89609375
900 1161.834375 234088.73046875
910 1073.08828125 235161.81875
920 632.36328125 235794.18203125
930 267.80625 236061.98828125
940 85.73359375 236147.721875
950 23.4671875 236171.1890625
960 2.89296875 236174.08203125
967 0.57890625 236174.6609375
