0 118.3484375 118.3484375
10 328.88828125 447.23671875
20 775.91796875 1223.1546875
30 1121.28984375 2344.44453125
40 948.1 3292.54453125
50 1124.59921875 4417.14375
60 1567.26328125 5984.40703125
70 1698.890625 7683.29765625
80 1794.62734375 9477.925
90 1701.86015625 11179.78515625
100 2473.11171875 13652.896875
110 2241.81953125 15894.71640625
120 1965.28046875 17859.996875
130 1891.29375 19751.290625
140 2281.034375 22032.325
150 2630.0765625 24662.4015625
160 2581.3390625 27243.740625
170 2449.42265625 29693.16328125
180 3166.7921875 32859.95546875
190 2991.23671875 35851.1921875
200 3667.0421875 39518.234375
210 4659.721875 44177.95625
220 5067.0859375 49245.0421875
230 5314.5796875 54559.621875
240 5352.03125 59911.653125
250 5600.2453125 65511.8984375
260 6544.45859375 72056.35703125
270 7959.51875 80015.87578125
280 7345.98046875 87361.85625
290 8133.73046875 95495.58671875
300 9057.13203125 104552.71875
310 10453.903125 115006.621875
320 11486.21953125 126492.84140625
330 11751.928125 138244.76953125
340 14170.2953125 152415.06484375
350 14273.79765625 166688.8625
360 15260.64296875 181949.50546875
370 17704.53515625 199654.040625
380 19136.1046875 218790.1453125
390 20248.571875 239038.7171875
400 21650.0671875 260688.784375
410 22488.6765625 283177.4609375
420 23142.303125 306319.7640625
430 25274.90859375 331594.67265625
440 25477.55 357072.22265625
450 25829.390625 382901.61328125
460 24387.21953125 407288.8328125
470 24819.34609375 432108.17890625
480 25611.9 457720.07890625
490 25191.25703125 482911.3359375
500 24630.7296875 507542.065625
510 25286.61484375 532828.68046875
520 25040.64453125 557869.325
530 25414.940625 583284.265625
540 24366.87890625 607651.14453125
550 25141.259375 632792.40390625
560 25451.05078125 658243.4546875
570 25392.5625 683636.0171875
580 25371.909375 709007.9265625
590 25167.2671875 734175.19375
600 24163.89609375 758339.08984375
610 24633.1796875 782972.26953125
620 25202.07890625 808174.3484375
630 25389.15625 833563.5046875
640 25473.0796875 859036.584375
650 24939.8046875 883976.3890625
660 25312.8484375 909289.2375
670 25211.05 934500.2875
680 25180.2078125 959680.4953125
690 26943.26875 986623.7640625
700 27092.10546875 1013715.86953125
710 27143.3140625 1040859.18359375
720 24808.66875 1065667.85234375
730 22575.74140625 1088243.59375
740 19603.0484375 1107846.6421875
750 16763.525 1124610.1671875
760 14312.08046875 1138922.24765625
770 12164.46015625 1151086.7078125
780 10736.79296875 1161823.50078125
790 8631.4140625 1170454.91484375
800 7525.30859375 1177980.2234375
810 6210.08671875 1184190.31015625
820 5684.375 1189874.68515625
830 5000.9890625 1194875.67421875
840 4896.184375 1199771.85859375
850 4367.69765625 1204139.55625
860 4353.021875 1208492.578125
870 4090.7375 1212583.315625
880 4142.1140625 1216725.4296875
890 4144.7703125 1220870.2
900 3782.0953125 1224652.2953125
910 3737.05625 1228389.3515625
920 2004.63984375 1230393.99140625
930 1004.78515625 1231398.7765625
940 229.64765625 1231628.42421875
950 95.62421875 1231724.0484375
960 2.05625 1231726.1046875
967 0.68125 1231726.7859375
