0 1 10
10 1.2 22
20 1.5 37
30 0.4 41
40 0.5 46
50 1.1 57
60 1.5 72
70 1.7 89
80 1.6 105
90 2.4 129
100 2.1 150
110 0 150
120 1.7 167
130 1.9 186
140 2 206
150 1.9 225
160 1.3 238
170 1.9 257
180 3.4 291
190 3.8 329
200 4.3 372
210 4.3 415
220 3.5 450
230 3.3 483
240 4.7 530
250 5.4 584
260 6 644
270 6.4 708
280 5.3 761
290 6.3 824
300 10.4 928
310 8.8 1016
320 9.7 1113
330 9.4 1207
340 10.3 1310
350 10.5 1415
360 14.7 1562
370 17.3 1735
380 15.5 1890
390 16.3 2053
400 15.4 2207
410 15.2 2359
420 17.4 2533
430 19.8 2731
440 17.6 2907
450 19.4 3101
460 21.9 3320
470 18.8 3508
480 24.7 3755
490 24.4 3999
500 24 4239
510 25.1 4490
520 24.5 4735
530 25.1 4986
540 32.7 5313
550 31 5623
560 34.3 5966
570 34.2 6308
580 34.5 6653
590 32.4 6977
600 42.6 7403
610 42 7823
620 40.5 8228
630 41.4 8642
640 41.6 9058
650 38.4 9442
660 46.8 9910
670 46.2 10372
680 48.6 10858
690 47.4 11332
700 45.4 11786
710 46.4 12250
720 9.7 12347
730 0 12347
740 0 12347
750 0 12347
760 0 12347
770 0 12347
780 0 12347
790 0 12347
800 0 12347
810 0 12347
820 0 12347
830 0 12347
840 0 12347
850 0 12347
860 0 12347
870 0 12347
880 0 12347
890 0 12347
900 0 12347
910 0 12347
920 0 12347
930 0 12347
940 0 12347
950 0 12347
960 0 12347
967 0 12347
