0 10 10
10 22 22
20 37 37
30 38 38
40 41 41
50 48 50
60 61 61
70 66 66
80 69 70
90 87 87
100 100 100
110 87 100
120 93 100
130 97 100
140 108 109
150 114 114
160 111 117
170 118 118
180 137 137
190 159 159
200 185 185
210 208 208
220 211 219
230 220 220
240 247 247
250 278 278
260 303 306
270 334 336
280 340 341
290 366 366
300 429 429
310 468 469
320 507 509
330 550 551
340 582 590
350 629 633
360 719 719
370 811 812
380 873 873
390 948 952
400 1002 1003
410 1047 1048
420 1125 1126
430 1200 1200
440 1262 1263
450 1338 1339
460 1452 1452
470 1553 1554
480 1689 1689
490 1817 1817
500 1927 1929
510 2060 2060
520 2199 2199
530 2294 2296
540 2457 2457
550 2589 2591
560 2749 2749
570 2876 2876
580 2988 2989
590 3053 3054
600 3220 3221
610 3355 3356
620 3448 3448
630 3493 3500
640 3554 3557
650 3590 3592
660 3664 3665
670 3741 3743
680 3796 3801
690 3855 3856
700 3909 3912
710 3958 3962
720 3599 3971
730 3202 3971
740 2817 3971
750 2468 3971
760 2154 3971
770 1881 3971
780 1622 3971
790 1433 3971
800 1263 3971
810 1120 3971
820 1003 3971
830 925 3971
840 837 3971
850 747 3971
860 677 3971
870 618 3971
880 545 3971
890 449 3971
900 350 3971
910 214 3971
920 102 3971
930 44 3971
940 12 3971
950 3 3971
960 1 3971
967 0 3971
