0 3.1 31
10 8.8 119
20 15.1 270
30 25.3 523
40 31.2 835
50 28.3 1118
60 28 1398
70 35.8 1756
80 41.7 2173
90 53.2 2705
100 53.1 3236
110 51.5 3751
120 49.6 4247
130 48.8 4735
140 54.4 5279
150 65.7 5936
160 63.7 6573
170 55.9 7132
180 65.1 7783
190 73.6 8519
200 85.7 9376
210 94.8 10324
220 119.4 11518
230 100.6 12524
240 129.2 13816
250 139.9 15215
260 155.7 16772
270 155.3 18325
280 166.4 19989
290 177.5 21764
300 175 23514
310 196.5 25479
320 179.1 27270
330 178.1 29051
340 173.2 30783
350 179.7 32580
360 184.8 34428
370 202.4 36452
380 195.5 38407
390 183.6 40243
400 187.2 42115
410 181.1 43926
420 171.9 45645
430 168.6 47331
440 162.5 48956
450 153.6 50492
460 153.7 52029
470 154 53569
480 141.6 54985
490 142.6 56411
500 149.6 57907
510 140.7 59314
520 150.7 60821
530 153.1 62352
540 168.4 64036
550 159.1 65627
560 143.3 67060
570 143.1 68491
580 136.5 69856
590 124.1 71097
600 115.5 72252
610 112.4 73376
620 109.4 74470
630 108.3 75553
640 104.7 76600
650 103.7 77637
660 101.3 78650
670 96.7 79617
680 90.5 80522
690 87.7 81399
700 80.7 82206
710 79.1 82997
720 73 83727
730 71.7 84444
740 69.8 85142
750 70.8 85850
760 68.2 86532
770 72.2 87254
780 63.6 87890
790 38 88270
800 14.6 88416
810 3.1 88447
817 0.1 88448
