0 0.2 2
10 0.8 10
20 1.7 27
30 3.3 60
40 4 100
50 6 160
60 4.8 208
70 5.7 265
80 5.4 319
90 8.4 403
100 7 473
110 8.1 554
120 8.2 636
130 7.6 712
140 6.6 778
150 7.8 856
160 9.3 949
170 9 1039
180 9.1 1130
190 10.1 1231
200 13 1361
210 12.3 1484
220 13 1614
230 13.9 1753
240 16.7 1920
250 17.5 2095
260 19.9 2294
270 20 2494
280 18.9 2683
290 22.1 2904
300 21.1 3115
310 24.9 3364
320 19.4 3558
330 17.5 3733
340 18.7 3920
350 18 4100
360 17.1 4271
370 16.8 4439
380 14.6 4585
390 14.9 4734
400 15.2 4886
410 14.8 5034
420 12.6 5160
430 13.2 5292
440 10.4 5396
450 12.5 5521
460 10.8 5629
470 12.1 5750
480 9.6 5846
490 10.3 5949
500 9.3 6042
510 10.2 6144
520 9 6234
530 8.4 6318
540 8.6 6404
550 8.8 6492
560 9.9 6591
570 9.4 6685
580 9.2 6777
590 8.3 6860
600 10.7 6967
610 8.5 7052
620 11.8 7170
630 13.2 7302
640 11.6 7418
650 15.3 7571
660 15.9 7730
670 17.1 7901
680 20 8101
690 19.3 8294
700 16.3 8457
710 19.2 8649
720 16.6 8815
730 17.9 8994
740 18.7 9181
750 17.5 9356
760 16.4 9520
770 16.5 9685
780 12.6 9811
790 7.6 9887
800 2.5 9912
810 0.2 9914
817 0 9914
