0 0.9 9
10 1.3 22
20 2.7 49
30 2.8 77
40 2.6 103
50 0.4 107
60 1.2 119
70 2.6 145
80 2.9 174
90 4.1 215
100 3.6 251
110 2.3 274
120 2.1 295
130 3.9 334
140 3.5 369
150 4.8 417
160 5.1 468
170 3 498
180 4 538
190 4.8 586
200 4.3 629
210 7.4 703
220 7.3 776
230 7 846
240 8.3 929
250 10 1029
260 8.7 1116
270 11.4 1230
280 11.4 1344
290 11.7 1461
300 12.4 1585
310 15.9 1744
320 13.3 1877
330 14 2017
340 15 2167
350 15.1 2318
360 16.7 2485
370 19.8 2683
380 21.9 2902
390 18.3 3085
400 16.6 3251
410 19.4 3445
420 16.1 3606
430 20 3806
440 17.4 3980
450 20.8 4188
460 17.1 4359
470 20.6 4565
480 17.8 4743
490 19.5 4938
500 17.8 5116
510 20.3 5319
520 22.5 5544
530 21.4 5758
540 21.5 5973
550 12.5 6098
560 9 6188
570 4.8 6236
580 4.2 6278
590 4.3 6321
600 3.6 6357
610 2.8 6385
620 1.5 6400
630 1.2 6412
640 0.8 6420
650 0.4 6424
660 0.2 6426
670 0.1 6427
680 0 6427
690 0 6427
700 0 6427
710 0 6427
720 0 6427
730 0 6427
740 0 6427
750 0 6427
760 0 6427
770 0 6427
780 0 6427
790 0 6427
800 0 6427
810 0 6427
817 0 6427
