20 0.2 2
30 0.2 4
40 0.4 8
50 0.3 11
60 0.1 12
70 0.3 15
80 0.3 18
90 0.1 19
100 0.6 25
110 0.6 31
120 0.3 34
130 0.2 36
140 0.4 40
150 0.5 45
160 0.3 48
170 0.3 51
180 0.4 55
190 0.6 61
200 0.4 65
210 0.4 69
220 1.1 80
230 1.2 92
240 1.2 104
250 0.9 113
260 1.4 127
270 1.6 143
280 1.8 161
290 0.6 167
300 0.9 176
310 0.9 185
320 0.5 190
330 1 200
340 1.1 211
350 1.4 225
360 0.8 233
370 1.4 247
380 0.9 256
390 1.3 269
400 1.2 281
410 2.3 304
420 2.6 330
430 3.6 366
440 3.6 402
450 4.5 447
460 5.1 498
470 6.2 560
480 3.3 593
490 4.8 641
500 5.8 699
510 4.4 743
520 6.3 806
530 6.8 874
540 7 944
550 4.2 986
560 3 1016
570 2.1 1037
580 2.4 1061
590 1.3 1074
600 1.9 1093
610 1.7 1110
620 2 1130
630 1.8 1148
640 2.4 1172
650 2.8 1200
660 2.2 1222
670 0.9 1231
680 0.4 1235
690 0 1235
700 0.1 1236
710 0 1236
720 0 1236
730 0 1236
740 0 1236
750 0 1236
760 0 1236
770 0 1236
780 0 1236
790 0 1236
800 0 1236
810 0 1236
817 0 1236
