320 0.1 1
330 0.3 4
340 0.4 8
350 0.4 12
360 0.3 15
370 0.3 18
380 0.2 20
390 0.2 22
400 0.2 24
410 0.4 28
420 0.7 35
430 0.6 41
440 0.4 45
450 1 55
460 0.7 62
470 1.4 76
480 1.4 90
490 1.4 104
500 2.3 127
510 2.1 148
520 1.9 167
530 2.3 190
540 2.1 211
550 2.9 240
560 2.4 264
570 1.8 282
580 2.5 307
590 2.9 336
600 1.5 351
610 2 371
620 2.6 397
630 2.5 422
640 2.3 445
650 3.2 477
660 3.6 513
670 3.3 546
680 4.4 590
690 4.5 635
700 4.1 676
710 4.7 723
720 3.6 759
730 4.9 808
740 5.3 861
750 4.5 906
760 3.8 944
770 4 984
780 3.1 1015
790 2.1 1036
800 0.7 1043
810 0.1 1044
817 0 1044
