300 0.1 1
310 0 1
320 0.2 3
330 0 3
340 0.2 5
350 0.1 6
360 0 6
370 0.1 7
380 0.6 13
390 1.3 26
400 1.7 43
410 2.8 71
420 4.1 112
430 6.2 174
440 7.8 252
450 9.7 349
460 11.6 465
470 14.3 608
480 14.8 756
490 18.5 941
500 16.3 1104
510 16.7 1271
520 22.2 1493
530 24.6 1739
540 31.5 2054
550 33 2384
560 30.3 2687
570 30.2 2989
580 26.7 3256
590 18.9 3445
600 16.5 3610
610 11.6 3726
620 8.8 3814
630 6.3 3877
640 4.4 3921
650 2.2 3943
660 1 3953
670 0.9 3962
680 0.8 3970
690 0.3 3973
700 0 3973
710 0.2 3975
720 0.1 3976
730 0.1 3977
740 0.2 3979
750 0.1 3980
760 0 3980
770 0.2 3982
780 0 3982
790 0 3982
800 0 3982
810 0 3982
817 0 3982
