360 1.6 16
370 2.7 43
380 29.5 338
390 44.2 780
400 63.3 1413
410 100.4 2417
420 140.7 3824
430 197.8 5802
440 249.8 8300
450 251.8 10818
460 319.9 14017
470 328.3 17300
480 353.7 20837
490 372.8 24565
500 375.5 28320
510 408.3 32403
520 396.8 36371
530 411.3 40484
540 305.7 43541
550 223.6 45777
560 158.7 47364
570 94.4 48308
580 62.6 48934
590 39 49324
600 16.2 49486
610 5.2 49538
620 0.4 49542
630 0 49542
640 0 49542
650 0 49542
660 0 49542
670 0 49542
680 0 49542
690 0 49542
700 0 49542
710 0 49542
720 0 49542
730 0 49542
740 0 49542
750 0 49542
760 0 49542
770 0 49542
780 0 49542
790 0 49542
800 0 49542
810 0 49542
817 0 49542
