0 9 9
10 19 10
20 33 14
30 45 12
40 51 6
50 48 -3
60 56 8
70 69 13
80 78 9
90 89 11
100 98 9
110 87 -11
120 92 5
130 103 11
140 115 12
150 123 8
160 134 11
170 124 -10
180 141 17
190 149 8
200 178 29
210 197 19
220 205 8
230 211 6
240 247 36
250 275 28
260 285 10
270 311 26
280 328 17
290 365 37
300 405 40
310 460 55
320 530 70
330 583 53
340 659 76
350 736 77
360 843 107
370 977 134
380 1119 142
390 1236 117
400 1362 126
410 1455 93
420 1569 114
430 1677 108
440 1754 77
450 1819 65
460 1905 86
470 1948 43
480 2051 103
490 2117 66
500 2186 69
510 2246 60
520 2283 37
530 2300 17
540 2128 -172
550 1924 -204
560 1755 -169
570 1609 -146
580 1449 -160
590 1325 -124
600 1211 -114
610 1093 -118
620 988 -105
630 880 -108
640 784 -96
650 678 -106
660 589 -89
670 509 -80
680 443 -66
690 405 -38
700 369 -36
710 328 -41
720 304 -24
730 284 -20
740 260 -24
750 233 -27
760 203 -30
770 150 -53
780 92 -58
790 36 -56
800 11 -25
810 1 -10
817 0 -1
