0 0.9 14.52248806423611 36.60767036074089 118.057861328125 1.06591796875 0 0
10 1 1.93701171875 1.0320383988507515 118.057861328125 1.06591796875 14.52248806423611 9
20 1.6 1.624176025390625 0.48409225975590575 118.057861328125 1.06591796875 7.898553145559211 19
30 1.4 1.8809116908482142 1.1973555570125114 118.057861328125 1.06591796875 5.0302664620535715 35
40 1 1.6764892578125 0.5201422914125764 118.057861328125 1.06591796875 4.130450813137755 49
50 0.1 24.816162109375 0.0 118.057861328125 1.06591796875 3.7145251257944913 59
60 1.2 9.852010091145834 18.885593195577805 118.057861328125 1.06591796875 4.066219075520833 60
70 2 1.720458984375 0.46419345664828543 118.057861328125 1.06591796875 5.030517578125 72
80 1.7 2.1904009650735294 2.0606596004340405 118.057861328125 1.06591796875 4.310939622961956 92
90 2 2.15042724609375 2.010850537953292 118.057861328125 0.88916015625 3.9802134102637607 109
100 1.9 1.602500513980263 0.49959432472065296 118.057861328125 0.88916015625 3.696525632873062 129
110 0.2 1.66455078125 0.409423828125 118.057861328125 0.88916015625 3.4276980838260136 148
120 1.9 2.117136101973684 2.575790628012017 118.057861328125 0.88916015625 3.404189453125 150
130 2.4 1.9508768717447917 0.9523617131721227 118.057861328125 0.88916015625 3.2594911473742605 169
140 2.4 1.4828287760416667 0.39878074139516256 118.057861328125 0.88916015625 3.0967619110265545 193
150 2.3 1.958984375 1.2097702200008746 118.057861328125 0.88916015625 2.918262393793203 217
160 2.9 1.8434974407327587 1.093718868400287 118.057861328125 0.88916015625 2.8263315836588543 240
170 0.1 1.197021484375 0.0 118.057861328125 0.88916015625 2.720375486466078 269
180 2.9 3.0276047279094827 4.315788801248866 118.057861328125 0.88916015625 2.714733434606481 270
190 2.9 2.422009698275862 2.334581754960307 118.057861328125 0.88916015625 2.7450788108800164 299
200 3.9 1.6575458233173077 0.8650726242305999 118.057861328125 0.88916015625 2.716514773485137 328
210 3.9 1.5009828225160255 0.44448468940470554 118.057861328125 0.88916015625 2.6039812883174385 367
220 4.1 1.7297303734756098 1.0772420497627413 118.057861328125 0.843017578125 2.498028233720751 406
230 3.6 2.1821831597222223 1.4699337341034657 118.057861328125 0.843017578125 2.427557960185962 447
240 5.5 2.2482599431818175 3.018198800398263 118.057861328125 0.843017578125 2.409269155182453 483
250 5.6 1.9789777483258926 1.9263865889227398 118.057861328125 0.843017578125 2.3928091056284853 538
260 5.3 1.7795179834905661 1.0016773538607164 118.057861328125 0.843017578125 2.353794701573022 594
270 5.9 1.9366517147775424 1.5125787336415755 118.057861328125 0.843017578125 2.3067519410500386 647
280 5.6 1.8363080705915178 1.708684765763609 118.057861328125 0.843017578125 2.275822885313385 706
290 7.1 1.7842897227112675 1.2331217861777906 118.057861328125 0.843017578125 2.243522583968996 762
300 8.3 2.163780120481928 3.0567310013398274 118.057861328125 0.843017578125 2.204380287271158 833
310 9 1.9317220052083333 1.1607340631441903 118.057861328125 0.843017578125 2.200701451197461 916
320 9.7 1.724939090689433 0.936565404612929 118.057861328125 0.843017578125 2.1766376836636425 1006
330 9 1.722705078125 0.9053697324380096 118.057861328125 0.8330078125 2.1369144166477785 1103
340 10.6 1.7508153375589623 1.2102675968310264 118.057861328125 0.8330078125 2.1056664363736375 1193
350 11 1.6712313565340908 1.1010149062497414 118.057861328125 0.8330078125 2.0767101496343336 1299
360 14.4 1.611735026041667 1.095923924161545 118.057861328125 0.8330078125 2.045054601556955 1409
370 17 2.174391084558823 4.0647751820332685 118.057861328125 0.8330078125 2.0048755810326786 1553
380 17.6 1.6968633478338069 1.105788101158657 118.057861328125 0.8330078125 2.0216008483567904 1723
390 15.5 1.8309239541330644 1.225080447188368 118.057861328125 0.8330078125 1.9915040605252765 1899
400 17 2.1769646139705885 2.4079563768460845 118.057861328125 0.8330078125 1.9793862822921737 2054
410 14.4 2.1350538465711804 2.1915301734707686 118.057861328125 0.8330078125 1.9944889425373764 2224
420 17.9 2.6624271669867308 6.667952334063759 118.057861328125 0.8330078125 2.0030368083232157 2368
430 18.5 2.450877586570946 4.304682653971223 118.057861328125 0.8330078125 2.049377944640754 2547
440 18.2 2.004652086195054 1.7080607554323826 118.057861328125 0.8330078125 2.076565877933977 2732
450 17.7 2.26151598914195 3.3726299860685964 118.057861328125 0.8330078125 2.0720743507903654 2914
460 21.2 1.9746335587411548 2.8106385975441786 118.057861328125 0.8330078125 2.0829223514335977 3091
470 19.3 2.1275514592778517 4.334822020864567 118.057861328125 0.8330078125 2.075971935432751 3303
480 24.2 2.036418315792874 2.2938244469151967 118.057861328125 0.8330078125 2.0788194320294626 3496
490 22.6 2.3066427855365026 2.5808926721156613 118.057861328125 0.8330078125 2.076074362438972 3738
500 24.7 2.6180306253162957 2.010098127899543 118.057861328125 0.8330078125 2.0892197871665306 3964
510 24.4 2.269078989497953 2.119143505613989 118.057861328125 0.8330078125 2.1202376634484095 4211
520 23.8 2.4622453962053563 3.161419340095779 118.057861328125 0.8330078125 2.1283896911826603 4455
530 24.3 6.409986456725824 63.98795957117259 1000.93994140625 0.8330078125 2.1453207923536386 4693
540 4.4 4.426957563920454 9.602858050335113 1000.93994140625 0.8330078125 2.3552709050850895 4936
550 0 0 0 1000.93994140625 0.8330078125 2.373574963918173 4980
560 0 0 0 1000.93994140625 0.8330078125 2.373574963918173 4980
570 0 0 0 1000.93994140625 0.8330078125 2.373574963918173 4980
580 0.1 1.132080078125 0.0 1000.93994140625 0.8330078125 2.373574963918173 4980
590 0 0 0 1000.93994140625 0.8330078125 2.373325717805787 4981
600 0 0 0 1000.93994140625 0.8330078125 2.373325717805787 4981
610 0 0 0 1000.93994140625 0.8330078125 2.373325717805787 4981
620 0 0 0 1000.93994140625 0.8330078125 2.373325717805787 4981
630 0 0 0 1000.93994140625 0.8330078125 2.373325717805787 4981
640 0 0 0 1000.93994140625 0.8330078125 2.373325717805787 4981
650 0 0 0 1000.93994140625 0.8330078125 2.373325717805787 4981
660 0 0 0 1000.93994140625 0.8330078125 2.373325717805787 4981
670 0 0 0 1000.93994140625 0.8330078125 2.373325717805787 4981
680 0 0 0 1000.93994140625 0.8330078125 2.373325717805787 4981
690 0 0 0 1000.93994140625 0.8330078125 2.373325717805787 4981
700 0 0 0 1000.93994140625 0.8330078125 2.373325717805787 4981
710 0 0 0 1000.93994140625 0.8330078125 2.373325717805787 4981
720 0 0 0 1000.93994140625 0.8330078125 2.373325717805787 4981
730 0 0 0 1000.93994140625 0.8330078125 2.373325717805787 4981
740 0 0 0 1000.93994140625 0.8330078125 2.373325717805787 4981
750 0 0 0 1000.93994140625 0.8330078125 2.373325717805787 4981
760 0 0 0 1000.93994140625 0.8330078125 2.373325717805787 4981
770 0 0 0 1000.93994140625 0.8330078125 2.373325717805787 4981
780 0 0 0 1000.93994140625 0.8330078125 2.373325717805787 4981
790 0 0 0 1000.93994140625 0.8330078125 2.373325717805787 4981
800 0 0 0 1000.93994140625 0.8330078125 2.373325717805787 4981
810 0 0 0 1000.93994140625 0.8330078125 2.373325717805787 4981
817 0 0 0 1000.93994140625 0.8330078125 2.373325717805787 4981
