0 0.1 4.149305702454731 0 4.149305702454731 4.149305702454731 0 0
10 0.1 2.549019607843137 0.0 4.149305702454731 2.549019607843137 4.149305702454731 1
20 0.1 1.7786561264822136 0.0 4.149305702454731 1.7786561264822136 3.349162655148934 2
30 0.1 2.559055118110236 0.0 4.149305702454731 1.7786561264822136 2.8256604789266935 3
40 0.1 2.8656126482213438 0.0 4.149305702454731 1.7786561264822136 2.759009138722579 4
50 0.1 3.8272816486751715 0.0 4.149305702454731 1.7786561264822136 2.780329840622332 5
60 0.1 3.2480314960629917 0.0 4.149305702454731 1.7786561264822136 2.9548218086311384 6
70 0.1 3.057199211045365 0.0 4.149305702454731 1.7786561264822136 2.996708906835689 7
80 0.1 4.051383399209486 0.0 4.149305702454731 1.7786561264822136 3.0042701948618986 8
90 0.1 4.433497536945813 0.0 4.433497536945813 1.7786561264822136 3.120616106456075 9
100 0.1 5.190989226248776 0.0 5.190989226248776 1.7786561264822136 3.251904249505049 10
110 0.1 4.572564612326044 0.0 5.190989226248776 1.7786561264822136 3.428184701936297 11
120 0.1 4.621435594886923 0.0 5.190989226248776 1.7786561264822136 3.5235496944687754 12
130 0.1 4.545454545454546 0.0 5.190989226248776 1.7786561264822136 3.6080024560394026 13
140 0.1 4.343534057255676 0.0 5.190989226248776 1.7786561264822136 3.6749633195690556 14
150 0.1 6.158357771260997 0.0 6.158357771260997 1.7786561264822136 3.719534702081497 15
160 0.1 6.653620352250488 0.0 6.653620352250488 1.7786561264822136 3.8719611439052155 16
170 0.1 4.9504950495049505 0.0 6.653620352250488 1.7786561264822136 4.03558815616082 17
180 0.1 4.549950544015826 0.0 6.653620352250488 1.7786561264822136 4.086416316902161 18
190 0.1 6.815968841285297 0.0 6.815968841285297 1.7786561264822136 4.110812855171301 19
200 0.1 7.199211045364892 0.0 7.199211045364892 1.7786561264822136 4.246070654477 20
210 0.1 7.8508341511285575 0.0 7.8508341511285575 1.7786561264822136 4.386696387376424 21
220 0.1 7.646474677259185 0.0 7.8508341511285575 1.7786561264822136 4.544157194819703 22
230 0.1 10.755813953488373 0.0 10.755813953488373 1.7786561264822136 4.679040563621419 23
240 0.1 9.970674486803519 0.0 10.755813953488373 1.7786561264822136 4.932239454865876 24
250 0.1 12.805474095796676 0.0 12.805474095796676 1.7786561264822136 5.133776856143381 25
260 0.1 12.082514734774067 0.0 12.805474095796676 1.7786561264822136 5.428842134591585 26
270 0.1 15.033301617507137 0.0 15.033301617507137 1.7786561264822136 5.675274453116862 27
280 0.1 13.762376237623764 0.0 15.033301617507137 1.7786561264822136 6.009489708987943 28
290 0.1 14.593535749265426 0.0 15.033301617507137 1.7786561264822136 6.276830623768489 29
300 0.1 15.444770283479961 0.0 15.444770283479961 1.7786561264822136 6.554054127951719 30
310 0.1 17.391304347826086 0.0 17.391304347826086 1.7786561264822136 6.8408514232913396 31
320 0.1 18.28793774319066 0.0 18.28793774319066 1.7786561264822136 7.170553077183051 32
330 0.1 17.726396917148364 0.0 18.28793774319066 1.7786561264822136 7.507443521607525 33
340 0.1 17.370441458733204 0.0 18.28793774319066 1.7786561264822136 7.808000974417549 34
350 0.1 17.268292682926827 0.0 18.28793774319066 1.7786561264822136 8.081213559683711 35
360 0.1 18.666666666666668 0.0 18.666666666666668 1.7786561264822136 8.336410201996019 36
370 0.1 20.019157088122604 0.0 20.019157088122604 1.7786561264822136 8.615606322662794 37
380 0.1 20.392156862745097 0.0 20.392156862745097 1.7786561264822136 8.915699763859104 38
390 0.1 21.168582375478927 0.0 21.168582375478927 1.7786561264822136 9.209967894599771 39
400 0.1 21.31782945736434 0.0 21.31782945736434 1.7786561264822136 9.508933256621749 40
410 0.1 21.53846153846154 0.0 21.53846153846154 1.7786561264822136 9.796955115176445 41
420 0.1 23.88781431334623 0.0 23.88781431334623 1.7786561264822136 10.076514791921328 42
430 0.1 27.000964320154292 0.0 27.000964320154292 1.7786561264822136 10.397707804047489 43
440 0.1 27.680311890838205 0.0 27.680311890838205 1.7786561264822136 10.775054543049917 44
450 0.1 30.086788813886212 0.0 30.086788813886212 1.7786561264822136 11.150726928556324 45
460 0.1 32.668566001899336 0.0 32.668566001899336 1.7786561264822136 11.562380447802626 46
470 0.1 33.459715639810426 0.0 33.459715639810426 1.7786561264822136 12.011448225549364 47
480 0.1 33.55834136933462 0.0 33.55834136933462 1.7786561264822136 12.458287130013135 48
490 0.1 35.1555136663525 0.0 35.1555136663525 1.7786561264822136 12.888900481836021 49
500 0.1 32.305055698371895 0.0 35.1555136663525 1.7786561264822136 13.334232745526352 50
510 0.1 33.745583038869256 0.0 35.1555136663525 1.7786561264822136 13.706209666170382 51
520 0.1 35.26824978012313 0.0 35.26824978012313 1.7786561264822136 14.091582231029975 52
530 0.1 38.628158844765345 0.0 38.628158844765345 1.7786561264822136 14.491141996107205 53
540 0.1 35.31531531531532 0.0 38.628158844765345 1.7786561264822136 14.938123789600875 54
550 0.1 29.350893697083723 0.0 38.628158844765345 1.7786561264822136 15.308618180977499 55
560 0.1 24.45703493862134 0.0 38.628158844765345 1.7786561264822136 15.559373100907967 56
570 0.1 20.666666666666668 0.0 38.628158844765345 1.7786561264822136 15.715472431394167 57
580 0.1 19.083969465648856 0.0 38.628158844765345 1.7786561264822136 15.800837849243692 58
590 0.1 16.666666666666664 0.0 38.628158844765345 1.7786561264822136 15.85648414782683 59
600 0.1 14.627151051625239 0.0 38.628158844765345 1.7786561264822136 15.869987189807492 60
610 0.1 12.997090203685744 0.0 38.628158844765345 1.7786561264822136 15.849612826886473 61
620 0.1 12.112403100775193 0.0 38.628158844765345 1.7786561264822136 15.803604397480008 62
630 0.1 11.284046692607005 0.0 38.628158844765345 1.7786561264822136 15.745013900706915 63
650 0.1 11.445198836081474 0.0 38.628158844765345 1.7786561264822136 15.675311288080355 64
660 0.1 10.08729388942774 0.0 38.628158844765345 1.7786561264822136 15.610232634972679 65
670 0.1 10.184287099903006 0.0 38.628158844765345 1.7786561264822136 15.526551744888666 66
680 0.1 9.72762645914397 0.0 38.628158844765345 1.7786561264822136 15.446816451679924 67
690 0.1 8.49609375 0.0 38.628158844765345 1.7786561264822136 15.362710716495572 68
700 0.1 8.869395711500974 0.0 38.628158844765345 1.7786561264822136 15.263194528575346 69
710 0.1 7.609756097560975 0.0 38.628158844765345 1.7786561264822136 15.171854545474284 70
720 0.1 7.609756097560975 0.0 38.628158844765345 1.7786561264822136 15.065346116630435 71
730 0.1 7.6171875 0.0 38.628158844765345 1.7786561264822136 14.961796255254468 72
740 0.1 8.624031007751938 0.0 38.628158844765345 1.7786561264822136 14.861185176415367 73
750 0.1 7.497565725413827 0.0 38.628158844765345 1.7786561264822136 14.776899309271265 74
760 0.1 8.084696823869104 0.0 38.628158844765345 1.7786561264822136 14.679841528153165 75
770 0.1 6.804733727810651 0.0 38.628158844765345 1.7786561264822136 14.593063308359953 76
780 0.1 6.8181818181818175 0.0 38.628158844765345 1.7786561264822136 14.49191617095022 77
790 0.1 7.482993197278912 0.0 38.628158844765345 1.7786561264822136 14.393534961299343 78
800 0.1 3.165182987141444 0.0 38.628158844765345 1.7786561264822136 14.306059749096551 79
810 0.1 1.7769002961500493 0.0 38.628158844765345 1.7769002961500493 14.166798789572113 80
817 0.1 1.085883514313919 0.0 38.628158844765345 1.085883514313919 14.013837079776778 81
