0 0 0
10 0 0
20 0.2 2
30 0 2
40 0.6 8
50 0.3 11
60 0.5 16
70 0.7 23
80 0.8 31
90 0.9 40
100 0.9 49
110 1.2 61
120 1.6 77
130 1.2 89
140 1.1 100
150 1.5 115
160 1.9 134
170 1.2 146
180 1.2 158
190 1.9 177
200 0.9 186
210 2.1 207
220 2.9 236
230 3.5 271
240 1.8 289
250 3.1 320
260 3.9 359
270 3.6 395
280 3.5 430
290 3.8 468
300 4.5 513
310 3.3 546
320 2.5 571
330 3.8 609
340 2.8 637
350 3.5 672
360 3.6 708
370 3.2 740
380 3.9 779
390 3.9 818
400 4.2 860
410 5 910
420 6.3 973
430 7.8 1051
440 9.7 1148
450 11.4 1262
460 13.4 1396
470 14.6 1542
480 14.3 1685
490 15.1 1836
500 18.7 2023
510 18.6 2209
520 19.8 2407
530 22.4 2631
540 21.6 2847
550 20.6 3053
560 16.7 3220
570 15.2 3372
580 16 3532
590 12.2 3654
600 11.1 3765
610 12.1 3886
620 10.1 3987
630 10.5 4092
640 9.9 4191
650 10.6 4297
660 9.3 4390
670 8.3 4473
680 6.5 4538
690 3.9 4577
700 3.5 4612
710 4.2 4654
720 2.2 4676
730 2 4696
740 2.4 4720
750 2.8 4748
760 3.1 4779
770 5.2 4831
780 6 4891
790 5.4 4945
800 2.4 4969
810 1 4979
817 0.1 4980
