0 0.1 3158.140625 0 3158.140625 3158.140625 0 0
10 0.1 3157.9296875 0.0 3158.140625 3157.9296875 3158.140625 1
20 0.1 3155.015625 0.0 3158.140625 3155.015625 3158.03515625 2
30 0.1 3151.0625 0.0 3158.140625 3151.0625 3157.0286458333335 3
40 0.1 3147.33984375 0.0 3158.140625 3147.33984375 3155.537109375 4
50 0.1 3143.984375 0.0 3158.140625 3143.984375 3153.89765625 5
60 0.1 3143.39453125 0.0 3158.140625 3143.39453125 3152.2454427083335 6
70 0.1 3141.11328125 0.0 3158.140625 3141.11328125 3150.981026785714 7
80 0.1 3139.6875 0.0 3158.140625 3139.6875 3149.74755859375 8
90 0.1 3135.60546875 0.0 3158.140625 3135.60546875 3148.6297743055557 9
100 0.1 3133.3359375 0.0 3158.140625 3133.3359375 3147.32734375 10
110 0.1 3131.83984375 0.0 3158.140625 3131.83984375 3146.0553977272725 11
120 0.1 3131.35546875 0.0 3158.140625 3131.35546875 3144.8707682291665 12
130 0.1 3130.66015625 0.0 3158.140625 3130.66015625 3143.8311298076924 13
140 0.1 3128.1484375 0.0 3158.140625 3128.1484375 3142.8903459821427 14
150 0.1 3126.6171875 0.0 3158.140625 3126.6171875 3141.9075520833335 15
160 0.1 3124.796875 0.0 3158.140625 3124.796875 3140.951904296875 16
170 0.1 3123.375 0.0 3158.140625 3123.375 3140.0016084558824 17
180 0.1 3122.19921875 0.0 3158.140625 3122.19921875 3139.0779079861113 18
190 0.1 3120.1640625 0.0 3158.140625 3120.1640625 3138.1895559210525 19
200 0.1 3119.5859375 0.0 3158.140625 3119.5859375 3137.28828125 20
210 0.1 3112.765625 0.0 3158.140625 3112.765625 3136.4453125 21
220 0.1 3107.3359375 0.0 3158.140625 3107.3359375 3135.368963068182 22
230 0.1 3104.140625 0.0 3158.140625 3104.140625 3134.150135869565 23
240 0.1 3100.765625 0.0 3158.140625 3100.765625 3132.8997395833335 24
250 0.1 3086.8515625 0.0 3158.140625 3086.8515625 3131.614375 25
260 0.1 3083.57421875 0.0 3158.140625 3083.57421875 3129.8927283653848 26
270 0.1 3078.0546875 0.0 3158.140625 3078.0546875 3128.177228009259 27
280 0.1 3067.203125 0.0 3158.140625 3067.203125 3126.387137276786 28
290 0.1 3064.5546875 0.0 3158.140625 3064.5546875 3124.3463092672414 29
300 0.1 3057.94140625 0.0 3158.140625 3057.94140625 3122.3532552083334 30
310 0.1 3047.203125 0.0 3158.140625 3047.203125 3120.275453629032 31
320 0.1 3029.98046875 0.0 3158.140625 3029.98046875 3117.991943359375 32
330 0.1 3008.98046875 0.0 3158.140625 3008.98046875 3115.3249289772725 33
340 0.1 2996.68359375 0.0 3158.140625 2996.68359375 3112.197150735294 34
350 0.1 2977.95703125 0.0 3158.140625 2977.95703125 3108.8967633928573 35
360 0.1 2961.6484375 0.0 3158.140625 2961.6484375 3105.2595486111113 36
370 0.1 2934.03515625 0.0 3158.140625 2934.03515625 3101.3781672297296 37
380 0.1 2903.984375 0.0 3158.140625 2903.984375 3096.9744037828946 38
390 0.1 2881.96875 0.0 3158.140625 2881.96875 3092.02594150641 39
400 0.1 2863.67578125 0.0 3158.140625 2863.67578125 3086.77451171875 40
410 0.1 2831.390625 0.0 3158.140625 2831.390625 3081.3330792682927 41
420 0.1 2816.12890625 0.0 3158.140625 2816.12890625 3075.3820684523807 42
430 0.1 2806.5625 0.0 3158.140625 2806.5625 3069.3529251453488 43
440 0.1 2800.109375 0.0 3158.140625 2800.109375 3063.3804154829545 44
450 0.1 2797.68359375 0.0 3158.140625 2797.68359375 3057.5299479166665 45
460 0.1 2787.7890625 0.0 3158.140625 2787.7890625 3051.881114130435 46
470 0.1 2780.26953125 0.0 3158.140625 2780.26953125 3046.2621343085107 47
480 0.1 2774.1328125 0.0 3158.140625 2774.1328125 3040.7206217447915 48
490 0.1 2770.26953125 0.0 3158.140625 2770.26953125 3035.2800542091836 49
500 0.1 2753.58203125 0.0 3158.140625 2753.58203125 3029.97984375 50
510 0.1 2746.83984375 0.0 3158.140625 2746.83984375 3024.5602787990197 51
520 0.1 2743.9296875 0.0 3158.140625 2743.9296875 3019.219501201923 52
530 0.1 2743.36328125 0.0 3158.140625 2743.36328125 3014.025353773585 53
540 0.1 2738.8046875 0.0 3158.140625 2738.8046875 3009.013093171296 54
550 0.1 2740.8125 0.0 3158.140625 2738.8046875 3004.100213068182 55
560 0.1 2738.63671875 0.0 3158.140625 2738.63671875 2999.3986467633927 56
570 0.1 2737.9375 0.0 3158.140625 2737.9375 2994.8238760964914 57
580 0.1 2738.109375 0.0 3158.140625 2737.9375 2990.3948006465516 58
590 0.1 2738.44140625 0.0 3158.140625 2737.9375 2986.1187764830506 59
600 0.1 2740.92578125 0.0 3158.140625 2737.9375 2981.9908203125 60
610 0.1 2740.93359375 0.0 3158.140625 2737.9375 2978.0389344262294 61
620 0.1 2738.8046875 0.0 3158.140625 2737.9375 2974.2146547379034 62
630 0.1 2738.30078125 0.0 3158.140625 2737.9375 2970.47798859127 63
650 0.1 2738.86328125 0.0 3158.140625 2737.9375 2966.8502197265625 64
660 0.1 2741.97265625 0.0 3158.140625 2737.9375 2963.3427283653846 65
670 0.1 2743.7109375 0.0 3158.140625 2737.9375 2959.9886363636365 66
680 0.1 2743.80078125 0.0 3158.140625 2737.9375 2956.7606110074626 67
690 0.1 2745.8359375 0.0 3158.140625 2737.9375 2953.628848805147 68
700 0.1 2746.09765625 0.0 3158.140625 2737.9375 2950.6173573369565 69
710 0.1 2746.24609375 0.0 3158.140625 2737.9375 2947.6956473214286 70
720 0.1 2744.85546875 0.0 3158.140625 2737.9375 2944.858329665493 71
730 0.1 2745.83203125 0.0 3158.140625 2737.9375 2942.080512152778 72
740 0.1 2746.359375 0.0 3158.140625 2737.9375 2939.392176797945 73
750 0.1 2756.39453125 0.0 3158.140625 2737.9375 2936.7836254222975 74
760 0.1 2757.171875 0.0 3158.140625 2737.9375 2934.3784375000005 75
770 0.1 2762.91015625 0.0 3158.140625 2737.9375 2932.046772203948 76
780 0.1 2783.859375 0.0 3158.140625 2737.9375 2929.850192775975 77
790 0.1 2804.4140625 0.0 3158.140625 2737.9375 2927.978515625001 78
800 0.1 2860.96875 0.0 3158.140625 2737.9375 2926.4144086234182 79
810 0.1 2901.171875 0.0 3158.140625 2737.9375 2925.5963378906254 80
817 0.1 2931.8828125 0.0 3158.140625 2737.9375 2925.294801311729 81
