0 0.1 0.3203125 0 0.3203125 0.3203125 0 0
10 0.1 0.26953125 0.0 0.3203125 0.26953125 0.3203125 1
20 0.1 0.23046875 0.0 0.3203125 0.23046875 0.294921875 2
30 0.1 0.26953125 0.0 0.3203125 0.23046875 0.2734375 3
40 0.1 0.23046875 0.0 0.3203125 0.23046875 0.2724609375 4
50 0.1 0.19140625 0.0 0.3203125 0.19140625 0.2640625 5
60 0.1 0.16015625 0.0 0.3203125 0.16015625 0.251953125 6
70 0.1 0.140625 0.0 0.3203125 0.140625 0.23883928571428573 7
80 0.1 0.12109375 0.0 0.3203125 0.12109375 0.2265625 8
90 0.1 0.171875 0.0 0.3203125 0.12109375 0.21484375 9
100 0.1 0.1484375 0.0 0.3203125 0.12109375 0.210546875 10
110 0.1 0.12109375 0.0 0.3203125 0.12109375 0.20490056818181818 11
120 0.1 0.1015625 0.0 0.3203125 0.1015625 0.19791666666666666 12
130 0.1 0.16015625 0.0 0.3203125 0.1015625 0.19050480769230768 13
140 0.1 0.140625 0.0 0.3203125 0.1015625 0.18833705357142858 14
150 0.1 0.12109375 0.0 0.3203125 0.1015625 0.18515625 15
160 0.1 0.1015625 0.0 0.3203125 0.1015625 0.18115234375 16
170 0.1 0.078125 0.0 0.3203125 0.078125 0.17647058823529413 17
180 0.1 0.0703125 0.0 0.3203125 0.0703125 0.17100694444444445 18
190 0.1 0.12890625 0.0 0.3203125 0.0703125 0.16570723684210525 19
200 0.1 0.109375 0.0 0.3203125 0.0703125 0.1638671875 20
210 0.1 0.1015625 0.0 0.3203125 0.0703125 0.16127232142857142 21
220 0.1 0.078125 0.0 0.3203125 0.0703125 0.15855823863636365 22
230 0.1 0.21875 0.0 0.3203125 0.0703125 0.15506114130434784 23
240 0.1 0.19140625 0.0 0.3203125 0.0703125 0.15771484375000003 24
250 0.1 0.23828125 0.0 0.3203125 0.0703125 0.15906250000000002 25
260 0.1 0.19921875 0.0 0.3203125 0.0703125 0.162109375 26
270 0.1 0.25 0.0 0.3203125 0.0703125 0.1634837962962963 27
280 0.1 0.2109375 0.0 0.3203125 0.0703125 0.16657366071428573 28
290 0.1 0.1796875 0.0 0.3203125 0.0703125 0.16810344827586207 29
300 0.1 0.1484375 0.0 0.3203125 0.0703125 0.16848958333333333 30
310 0.1 0.12890625 0.0 0.3203125 0.0703125 0.16784274193548387 31
320 0.1 0.109375 0.0 0.3203125 0.0703125 0.1666259765625 32
330 0.1 0.08984375 0.0 0.3203125 0.0703125 0.16489109848484848 33
340 0.1 0.16015625 0.0 0.3203125 0.0703125 0.16268382352941177 34
350 0.1 0.2109375 0.0 0.3203125 0.0703125 0.16261160714285713 35
360 0.1 0.26171875 0.0 0.3203125 0.0703125 0.16395399305555555 36
370 0.1 0.21875 0.0 0.3203125 0.0703125 0.16659628378378377 37
380 0.1 0.26171875 0.0 0.3203125 0.0703125 0.16796875 38
390 0.1 0.21875 0.0 0.3203125 0.0703125 0.17037259615384615 39
400 0.1 0.26171875 0.0 0.3203125 0.0703125 0.17158203125 40
410 0.1 0.26953125 0.0 0.3203125 0.0703125 0.17378048780487804 41
420 0.1 0.37890625 0.0 0.37890625 0.0703125 0.17606026785714285 42
430 0.1 0.328125 0.0 0.37890625 0.0703125 0.18077761627906977 43
440 0.1 0.28125 0.0 0.37890625 0.0703125 0.18412642045454544 44
450 0.1 0.30859375 0.0 0.37890625 0.0703125 0.18628472222222223 45
460 0.1 0.33984375 0.0 0.37890625 0.0703125 0.18894361413043478 46
470 0.1 0.37109375 0.0 0.37890625 0.0703125 0.19215425531914893 47
480 0.1 0.30859375 0.0 0.37890625 0.0703125 0.19588216145833334 48
490 0.1 0.26171875 0.0 0.37890625 0.0703125 0.1981823979591837 49
500 0.1 0.37890625 0.0 0.37890625 0.0703125 0.199453125 50
510 0.1 0.3203125 0.0 0.37890625 0.0703125 0.2029718137254902 51
520 0.1 0.421875 0.0 0.421875 0.0703125 0.2052283653846154 52
530 0.1 0.4296875 0.0 0.4296875 0.0703125 0.20931603773584906 53
540 0.1 0.37109375 0.0 0.4296875 0.0703125 0.21339699074074073 54
550 0.1 0.37890625 0.0 0.4296875 0.0703125 0.21626420454545456 55
560 0.1 0.3984375 0.0 0.4296875 0.0703125 0.21916852678571427 56
570 0.1 0.33984375 0.0 0.4296875 0.0703125 0.22231359649122806 57
580 0.1 0.2890625 0.0 0.4296875 0.0703125 0.22433997844827586 58
590 0.1 0.25 0.0 0.4296875 0.0703125 0.22543697033898305 59
600 0.1 0.2109375 0.0 0.4296875 0.0703125 0.22584635416666668 60
610 0.1 0.1796875 0.0 0.4296875 0.0703125 0.22560194672131148 61
620 0.1 0.1484375 0.0 0.4296875 0.0703125 0.22486139112903225 62
630 0.1 0.12890625 0.0 0.4296875 0.0703125 0.2236483134920635 63
650 0.1 0.109375 0.0 0.4296875 0.0703125 0.22216796875 64
660 0.1 0.16015625 0.0 0.4296875 0.0703125 0.2204326923076923 65
670 0.1 0.140625 0.0 0.4296875 0.0703125 0.21951941287878787 66
680 0.1 0.12109375 0.0 0.4296875 0.0703125 0.21834188432835822 67
690 0.1 0.1015625 0.0 0.4296875 0.0703125 0.21691176470588236 68
700 0.1 0.078125 0.0 0.4296875 0.0703125 0.21524003623188406 69
710 0.1 0.0703125 0.0 0.4296875 0.0703125 0.21328125 70
720 0.1 0.05859375 0.0 0.4296875 0.05859375 0.2112676056338028 71
730 0.1 0.1796875 0.0 0.4296875 0.05859375 0.20914713541666666 72
740 0.1 0.1484375 0.0 0.4296875 0.05859375 0.2087435787671233 73
750 0.1 0.2109375 0.0 0.4296875 0.05859375 0.20792863175675674 74
760 0.1 0.25 0.0 0.4296875 0.05859375 0.20796874999999998 75
770 0.1 0.2109375 0.0 0.4296875 0.05859375 0.20852179276315788 76
780 0.1 0.1796875 0.0 0.4296875 0.05859375 0.20855316558441558 77
790 0.1 0.1484375 0.0 0.4296875 0.05859375 0.20818309294871795 78
800 0.1 0.12890625 0.0 0.4296875 0.05859375 0.20742681962025317 79
810 0.1 0.109375 0.0 0.4296875 0.05859375 0.2064453125 80
817 0.1 0.08984375 0.0 0.4296875 0.05859375 0.2052469135802469 81
