10 0.4 4
20 0.3 7
30 0.9 16
40 1.1 27
50 0.4 31
60 0.4 35
70 0.3 38
80 1.1 49
90 1.1 60
100 2 80
110 1.5 95
120 1 105
130 0.4 109
140 1.5 124
150 2.4 148
160 1.9 167
170 1.6 183
180 1.7 200
190 1.9 219
200 2 239
210 2.2 261
220 4.3 304
230 3.8 342
240 3.9 381
250 4.4 425
260 5.5 480
270 5 530
280 5.5 585
290 5.6 641
300 5.8 699
310 5.8 757
320 5.3 810
330 5.7 867
340 5.4 921
350 5.8 979
360 6.4 1043
370 7.2 1115
380 7.9 1194
390 7.5 1269
400 9.7 1366
410 9.4 1460
420 12.7 1587
430 17 1757
440 17.8 1935
450 20.8 2143
460 22.4 2367
470 25.8 2625
480 23.7 2862
490 25.4 3116
500 26.7 3383
510 25 3633
520 29.5 3928
530 34.2 4270
540 31.1 4581
550 29.7 4878
560 23.1 5109
570 21.9 5328
580 19.7 5525
590 16.6 5691
600 13.5 5826
610 12.3 5949
620 12.1 6070
630 11.1 6181
640 8.4 6265
650 9.3 6358
660 8.7 6445
670 6.1 6506
680 4.9 6555
690 2.9 6584
700 2.2 6606
710 2.6 6632
720 1 6642
730 1 6652
740 0.5 6657
750 0 6657
760 0.1 6658
770 0.1 6659
780 0 6659
790 0 6659
800 0 6659
810 0 6659
817 0 6659
