0 3.6 102.98373752170139 120.76188403395646 405.844970703125 8.373046875 0 0
10 9.1 57.22520228794643 63.42779665150422 415.322998046875 7.6669921875 102.98373752170139 36
20 16.6 42.46285826901356 53.83659910396418 415.322998046875 0.781982421875 70.19612566129429 127
30 28.4 36.40807159853653 39.08666142867837 415.322998046875 0.781982421875 54.483762565326366 293
40 35.5 44.46060808208626 117.97440537572666 1408.005859375 0.781982421875 45.586888675259964 577
50 33.9 21.023770222621675 25.92912324251917 1408.005859375 0.7060546875 45.15788694717342 932
60 33 23.95441894531249 41.99380670304013 1408.005859375 0.7060546875 38.720856601285895 1271
70 41.9 24.878519354116946 35.291358262656175 1408.005859375 0.672119140625 35.67718113190974 1601
80 44.3 32.389033401523655 38.40761875601698 1408.005859375 0.672119140625 33.43726069384282 2020
90 59.9 29.47993481975167 44.67546726745278 1408.005859375 0.672119140625 33.24872448170421 2463
100 58.4 34.61719418878426 46.464546769402176 1408.005859375 0.672119140625 32.511459619682796 3062
110 59.4 29.718684238215502 70.61636338419687 1437.3720703125 0.672119140625 32.848746780504314 3646
120 58.1 21.301756972084753 23.928589775537045 1437.3720703125 0.64306640625 32.4102427356648 4240
130 56.2 24.046141274883222 26.14284549123796 1437.3720703125 0.64306640625 31.071510060153496 4821
140 58.5 37.91983465211004 106.12696174141968 1753.40478515625 0.64306640625 30.338042243448704 5383
150 72.4 30.285209866518485 35.202406875835656 1753.40478515625 0.537841796875 31.08123067492774 5968
160 73.2 27.843180005016222 30.5963635335856 1753.40478515625 0.537841796875 30.99511007342022 6692
170 63 23.622915504092276 26.821752372227746 1753.40478515625 0.537841796875 30.684332485856682 7424
180 74.7 33.79306483747489 54.77435114185922 1753.40478515625 0.537841796875 30.131974316187996 8054
190 82.6 35.37050852186744 72.39777248869065 1753.40478515625 0.537841796875 30.44271566596658 8801
200 94.6 27.18654847094675 30.613394995529276 1753.40478515625 0.537841796875 30.865522033368066 9627
210 103.7 30.740134788226253 38.69968525118161 1753.40478515625 0.537841796875 30.536352545989786 10573
220 127 64.84081704447578 84.9383200651038 1753.40478515625 0.537841796875 30.55455428459437 11610
230 109.8 34.56851279670431 57.831171005056234 1753.40478515625 0.537841796875 33.935264975980196 12880
240 142.1 44.56449332831189 77.70858516557189 1753.40478515625 0.537841796875 33.98500786531737 13978
250 151.5 42.076291286355165 71.61122008205001 1753.40478515625 0.537841796875 34.961269235725524 15399
260 170.6 52.90592944021104 65.3551255823141 1753.40478515625 0.537841796875 35.59856723777732 16914
270 171.1 49.89653816869702 61.44387049498854 1753.40478515625 0.537841796875 37.184300853102336 18620
280 180.3 66.0671455776831 93.55878640492539 1753.40478515625 0.537841796875 38.254127130559546 20331
290 193.7 43.71863744575215 44.739205385224444 1753.40478515625 0.537841796875 40.51973082894953 22134
300 190.9 81.37776432666811 122.6841052459406 1753.40478515625 0.537841796875 40.77714772549503 24071
310 214.3 152.0060205784457 171.44256223268675 1753.40478515625 0.537841796875 43.76046478060047 25980
320 192.3 590.2660252992154 558.1259019653668 3256.322998046875 0.537841796875 52.008881595121764 28123
330 187.7 976.5013488216736 745.852441605005 3937.5380859375 0.537841796875 86.4583420005991 30046
340 186.4 1308.8346113606078 1000.2866768628508 5373.488037109375 0.537841796875 138.79085222216838 31923
350 190.7 1469.149880579774 904.1077311640694 5402.8359375 0.537841796875 203.3411694161794 33787
360 194.9 1770.6295095241148 1010.320577477559 6301.0771484375 0.537841796875 270.96870379699897 35694
370 211.3 2180.476490979387 1280.966451120822 7471.60595703125 0.537841796875 348.6149835930341 37643
380 227.9 2282.4197142644134 1325.584905431677 7819.75 0.537841796875 445.97697587362984 39756
390 229 2674.6204758290114 1670.1564898512502 8217.06103515625 0.537841796875 545.542885253732 42035
400 248.1 2858.9534840766355 1926.7414301343342 9633.77294921875 0.537841796875 655.5392232665328 44325
410 278.5 2809.9305658802755 2288.816359829027 10089.319091796875 0.527099609375 772.3334543708754 46806
420 302.5 2550.7438880907866 2406.2985432443124 10089.319091796875 0.527099609375 886.7636525026671 49591
430 355.6 2421.29689923556 2608.464155193051 10423.81396484375 0.527099609375 982.4292335550858 52616
440 394.1 2104.151254688298 2552.6766186368773 10423.81396484375 0.527099609375 1073.517559040377 56172
450 393.5 2048.582989385616 2591.470281668665 10423.81396484375 0.527099609375 1141.085762166963 60113
460 453.7 1827.5958059040574 2545.367918830299 10790.8740234375 0.527099609375 1196.8408456840968 64048
470 471.9 1846.700127228358 2559.1575161797364 11636.443115234375 0.527099609375 1238.5662266641646 68585
480 478.9 1614.6208462957134 2380.939596343116 11636.443115234375 0.527099609375 1277.7153027959232 73304
490 504.9 1800.60367229278 2697.6395230442217 12346.789794921875 0.527099609375 1298.3758056299864 78093
500 509.3 1676.5443322080434 2486.687543981204 12346.789794921875 0.527099609375 1328.8748133370473 83142
510 528.5 1555.7501675493006 2420.4651137034584 12346.789794921875 0.527099609375 1348.9425966385713 88235
520 538.4 1611.8232705284897 2440.09916344847 12346.789794921875 0.527099609375 1360.6297011324036 93520
530 553.8 1545.0716086319076 2347.537217076012 12346.789794921875 0.527099609375 1374.3038313761604 98904
540 479.5 1747.9431329530246 2212.5068720558 12346.789794921875 0.527099609375 1383.3587321865848 104442
550 398.5 2158.695175511694 2406.0808953014616 12346.789794921875 0.527099609375 1399.3623042516826 109237
560 326.2 2505.2695908256987 2469.1195531825942 12346.789794921875 0.527099609375 1426.0880421115608 113222
570 267.9 3063.580724518973 2487.802755378356 12346.789794921875 0.527099609375 1456.3092760312882 116484
580 235.3 3449.480074265234 2350.0356085797325 12346.789794921875 0.527099609375 1492.443648365809 119163
590 194.7 4013.652854476639 2355.065736444186 12346.789794921875 0.527099609375 1530.339124765142 121516
600 164.6 4797.829967178951 2020.112399595451 13728.44189453125 0.527099609375 1569.500750772515 123463
610 143.3 5508.290490884506 1558.445768768592 13728.44189453125 0.527099609375 1611.9743529130883 125109
620 136.1 5442.233226947088 1241.520960725102 13728.44189453125 0.527099609375 1656.0974189758426 126542
630 133.2 4811.93733302394 1150.1544255580725 13728.44189453125 0.527099609375 1696.3852217220556 127903
640 126.1 4357.51143608123 1090.7692246952229 13728.44189453125 0.52392578125 1728.496611146392 129235
650 127.6 3840.2813452837236 1193.0499535670624 13728.44189453125 0.52392578125 1753.9011269495034 130496
660 124.1 2995.0049152727775 828.9974114793648 13728.44189453125 0.52392578125 1774.1043655631274 131772
670 119 2788.6650647075257 773.5458724952208 13728.44189453125 0.52392578125 1785.4952640631964 133013
680 116.1 2514.246929421698 740.354361041601 13728.44189453125 0.52392578125 1794.390535128424 134203
690 111.8 2190.050917732908 752.0143888475591 13728.44189453125 0.52392578125 1800.5646528685506 135364
700 101.2 2265.1036376953152 846.7608076702726 13728.44189453125 0.52392578125 1803.7551515725436 136482
710 103.2 2046.1181427711683 889.1917571307598 13728.44189453125 0.52392578125 1807.1508246052304 137494
720 93.3 1868.108149848439 890.9244638078967 13728.44189453125 0.52392578125 1808.931098866721 138526
730 94.6 1917.8178063164805 986.8702337325628 13728.44189453125 0.52392578125 1809.3270015231715 139459
740 94 1699.7304619971746 1052.1756201805622 13728.44189453125 0.52392578125 1810.0579747886143 140405
750 92.9 1510.6303335134378 957.5485739375366 13728.44189453125 0.52392578125 1809.3242533126233 141345
760 88.4 1345.7175765231718 900.0556616920219 13728.44189453125 0.52392578125 1807.3738853501463 142274
770 92.9 744.4791941730015 619.9537745761012 13728.44189453125 0.52392578125 1804.5231597392617 143158
780 79.3 186.6449610360182 228.11273724782527 13728.44189453125 0.52392578125 1797.6885331316491 144087
790 47.7 74.0376324603642 144.39359748073485 13728.44189453125 0.52392578125 1788.8704937012803 144880
800 17.8 21.873125054863053 17.894447802246614 13728.44189453125 0.52392578125 1783.243139842767 145357
810 3.4 29.599652458639707 65.18916104546076 13728.44189453125 0.52392578125 1781.0888548760427 145535
817 0.1 15.306884765625 0.0 13728.44189453125 0.52392578125 1780.679766176648 145569
