10 0.1 263 0 263 263 0 0
20 0.1 652.0 0.0 652 263 263.0 1
30 0.1 959.0 0.0 959 263 457.5 2
40 0.1 1454.0 0.0 1454 263 624.6666666666666 3
50 0.1 1729.0 0.0 1729 263 832.0 4
60 0.1 1228.0 0.0 1729 263 1011.4 5
70 0.1 1125.0 0.0 1729 263 1047.5 6
80 0.1 1818.0 0.0 1818 263 1058.5714285714287 7
90 0.1 2303.0 0.0 2303 263 1153.5 8
100 0.1 2537.0 0.0 2537 263 1281.2222222222222 9
110 0.1 3029.0 0.0 3029 263 1406.8 10
120 0.1 2270.0 0.0 3029 263 1554.2727272727273 11
130 0.1 2398.0 0.0 3029 263 1613.9166666666667 12
140 0.1 2385.0 0.0 3029 263 1674.2307692307693 13
150 0.1 3118.0 0.0 3118 263 1725.0 14
160 0.1 3276.0 0.0 3276 263 1817.8666666666666 15
170 0.1 3088.0 0.0 3276 263 1909.0 16
180 0.1 2795.0 0.0 3276 263 1978.3529411764705 17
190 0.1 3347.0 0.0 3347 263 2023.7222222222222 18
200 0.1 3869.0 0.0 3869 263 2093.3684210526317 19
210 0.1 4686.0 0.0 4686 263 2182.15 20
220 0.1 4901.0 0.0 4901 263 2301.3809523809523 21
230 0.1 7261.0 0.0 7261 263 2419.5454545454545 22
240 0.1 5846.0 0.0 7261 263 2630.0434782608695 23
250 0.1 7972.0 0.0 7972 263 2764.0416666666665 24
260 0.1 8202.0 0.0 8202 263 2972.36 25
270 0.1 8813.0 0.0 8813 263 3173.5 26
280 0.1 9509.0 0.0 9509 263 3382.3703703703704 27
290 0.1 9522.0 0.0 9522 263 3601.1785714285716 28
300 0.1 9542.0 0.0 9542 263 3805.344827586207 29
310 0.1 10781.0 0.0 10781 263 3996.5666666666666 30
320 0.1 12005.0 0.0 12005 263 4215.419354838709 31
330 0.1 11187.0 0.0 12005 263 4458.84375 32
340 0.1 11129.0 0.0 12005 263 4662.727272727273 33
350 0.1 11717.0 0.0 12005 263 4852.911764705882 34
360 0.1 12053.0 0.0 12053 263 5049.028571428571 35
370 0.1 12107.0 0.0 12107 263 5243.583333333333 36
380 0.1 13269.0 0.0 13269 263 5429.081081081081 37
390 0.1 12916.0 0.0 13269 263 5635.394736842105 38
400 0.1 12863.0 0.0 13269 263 5822.076923076923 39
410 0.1 13412.0 0.0 13412 263 5998.1 40
420 0.1 13618.0 0.0 13618 263 6178.926829268293 41
430 0.1 14021.0 0.0 14021 263 6356.047619047619 42
440 0.1 14246.0 0.0 14246 263 6534.302325581395 43
450 0.1 14764.0 0.0 14764 263 6709.568181818182 44
460 0.1 15263.0 0.0 15263 263 6888.555555555556 45
470 0.1 15366.0 0.0 15366 263 7070.608695652174 46
480 0.1 1.56e4 0.0 15600 263 7247.106382978724 47
490 0.1 14809.0 0.0 15600 263 7421.125 48
500 0.1 15838.0 0.0 15838 263 7571.897959183673 49
510 0.1 15957.0 0.0 15957 263 7737.22 50
520 0.1 16124.0 0.0 16124 263 7898.392156862745 51
530 0.1 16868.0 0.0 16868 263 8056.576923076923 52
540 0.1 16563.0 0.0 16868 263 8222.830188679245 53
550 0.1 13830.0 0.0 16868 263 8377.277777777777 54
560 0.1 12678.0 0.0 16868 263 8476.418181818182 55
570 0.1 11626.0 0.0 16868 263 8551.44642857143 56
580 0.1 10263.0 0.0 16868 263 8605.385964912282 57
590 0.1 8877.0 0.0 16868 263 8633.96551724138 58
600 0.1 8056.0 0.0 16868 263 8638.084745762713 59
610 0.1 7491.0 0.0 16868 263 8628.383333333335 60
620 0.1 7167.0 0.0 16868 263 8609.737704918034 61
630 0.1 6886.0 0.0 16868 263 8586.467741935487 62
650 0.1 6453.0 0.0 16868 263 8559.476190476193 63
660 0.1 6260.0 0.0 16868 263 8526.562500000002 64
670 0.1 5779.0 0.0 16868 263 8491.69230769231 65
680 0.1 5441.0 0.0 16868 263 8450.590909090912 66
690 0.1 5111.0 0.0 16868 263 8405.671641791048 67
700 0.1 4469.0 0.0 16868 263 8357.220588235297 68
710 0.1 4557.0 0.0 16868 263 8300.869565217396 69
720 0.1 4314.0 0.0 16868 263 8247.38571428572 70
730 0.1 3871.0 0.0 16868 263 8191.985915492963 71
740 0.1 4144.0 0.0 16868 263 8131.972222222227 72
750 0.1 3962.0 0.0 16868 263 8077.34246575343 73
760 0.1 3723.0 0.0 16868 263 8021.729729729735 74
770 0.1 4034.0 0.0 16868 263 7964.413333333338 75
780 0.1 3691.0 0.0 16868 263 7912.697368421057 76
790 0.1 3173.0 0.0 16868 263 7857.870129870134 77
800 0.1 1161.0 0.0 16868 263 7797.807692307697 78
810 0.1 422.0 0.0 16868 263 7713.797468354434 79
817 0.1 69.0 0.0 16868 69 7622.650000000004 80
