0 4.2 88.26159667968751 114.4355403176887 405.844970703125 8.373046875 0 0
10 10.9 47.76252732583143 57.68301864143721 415.322998046875 7.6669921875 88.26159667968751 42
20 19.7 35.76890664657361 48.17158504609732 415.322998046875 0.781982421875 59.02716913286425 151
30 31.6 32.71430679514437 32.823625914642875 415.322998046875 0.781982421875 45.860853874820414 348
40 38.2 41.31345738915248 112.76648475063949 1408.005859375 0.781982421875 39.60436460196254 664
50 35 20.36127511160714 24.36096774681639 1408.005859375 0.7060546875 40.228526594989845 1046
60 34.1 23.17966745326249 38.67914380952962 1408.005859375 0.7060546875 35.24748216864031 1396
70 44.4 23.473875303526174 32.144918026193835 1408.005859375 0.672119140625 32.8783832521499 1737
80 50.3 28.518135814022116 33.02757819960589 1408.005859375 0.672119140625 30.963847933860613 2181
90 65.8 26.83183237556992 40.09335948272909 1408.005859375 0.672119140625 30.50550471617106 2684
100 64.3 31.435757223221227 42.58931693381193 1408.005859375 0.672119140625 29.782202382204705 3342
110 62.5 28.24198164062501 68.13932255012975 1437.3720703125 0.672119140625 30.04901185843397 3985
120 60.2 20.556666580149514 21.35387108712386 1437.3720703125 0.64306640625 29.804024030639912 4610
130 60.5 22.332535672778924 22.69726407888477 1437.3720703125 0.64306640625 28.73592940569839 5212
140 64.9 34.17540017996437 100.08687356375144 1753.40478515625 0.64306640625 28.06994123165399 5817
150 78.8 27.93032015882773 31.93316250358724 1753.40478515625 0.537841796875 28.682753303638744 6466
160 78.4 25.880377944634887 27.51678106500219 1753.40478515625 0.537841796875 28.601016700645765 7254
170 68.2 21.817822408815967 22.999942485669216 1753.40478515625 0.537841796875 28.33565457266461 8038
180 78.6 32.1138148805264 52.825376901754616 1753.40478515625 0.537841796875 27.82588834150122 8720
190 89.1 32.785900454194724 68.12918610427009 1753.40478515625 0.537841796875 28.180433918996883 9506
200 103.4 24.8683796334774 26.652438874167263 1753.40478515625 0.537841796875 28.575112257254197 10397
210 114.9 27.738492031114017 34.56104960187951 1753.40478515625 0.537841796875 28.23981687338706 11431
220 140.8 58.48102170770819 79.75406800773362 1753.40478515625 0.537841796875 28.19402814176769 12580
230 122.7 30.928488882946212 53.00818612777393 1753.40478515625 0.537841796875 31.2426474540957 13988
240 155.4 40.802243265866366 73.2676037701679 1753.40478515625 0.537841796875 31.217312418486074 15215
250 168.3 37.81649430309522 66.44545522183972 1753.40478515625 0.537841796875 32.10555754561524 16769
260 185.7 48.59868618950256 60.74345138010582 1753.40478515625 0.537841796875 32.62644994550896 18452
270 188.3 45.33258098778538 56.85699775225446 1753.40478515625 0.537841796875 34.08690800376373 20309
280 198.5 60.002432058800395 87.74618974346255 1753.40478515625 0.537841796875 35.04110781580919 22192
290 211.9 39.95670588278674 40.25604887324202 1753.40478515625 0.537841796875 37.090503051873945 24177
300 209.5 74.2156610092855 114.97557161566328 1753.40478515625 0.537841796875 37.32146912270998 26296
310 238.2 136.7380296273155 161.45741720191668 1753.40478515625 0.537841796875 40.043928071051916 28391
320 212.6 539.7796831821796 504.9378599647647 3218.06103515625 0.537841796875 47.52858507254738 30773
330 210.9 874.4616485060307 659.8202897642421 3384.158935546875 0.537841796875 79.33884783375831 32899
340 208.6 1175.5211826518307 871.1376965423167 4280.4189453125 0.537841796875 127.23972725040086 35008
350 214.7 1322.4689557058168 757.6944284472238 4505.9599609375 0.537841796875 186.19036929405704 37094
360 221.3 1573.9603204740113 773.5659602686061 4807.544921875 0.537841796875 248.3597871230127 39241
370 243.5 1903.6351561497365 960.0277903716371 5853.701171875 0.537841796875 319.12627480347203 41454
380 263.2 2001.803923169168 1000.849979867064 5853.701171875 0.537841796875 407.0362095497218 43889
390 263.8 2334.9334599261388 1299.039465919331 5853.701171875 0.537841796875 497.26274428127056 46521
400 285.4 2514.833451354596 1534.238358234884 6224.6220703125 0.537841796875 595.876942045081 49159
410 321.2 2450.0784098053937 1822.0174228581932 7051.239990234375 0.527099609375 701.1718082817787 52013
420 348.7 2219.5586621541856 1910.7577656461006 7051.239990234375 0.527099609375 802.8918264636501 55225
430 410 2090.6911665753664 2115.91476423053 7582.347900390625 0.527099609375 887.0299456906038 58712
440 451.9 1846.8017287468551 2130.8947816849545 7582.347900390625 0.527099609375 965.5979105003141 62812
450 453.9 1790.3923800263167 2108.5669428555675 7582.347900390625 0.527099609375 1024.7409509223503 67331
460 518.9 1586.4193626428798 2096.9282531113977 7582.347900390625 0.527099609375 1073.0962011895397 71870
470 536.9 1611.8611687901632 2129.201247691246 7582.347900390625 0.527099609375 1107.662363283278 77059
480 542.2 1430.1553651140598 2035.9436456346787 7986.924072265625 0.527099609375 1140.5036719013017 82428
490 569.9 1592.7077373257598 2297.8114021699826 8158.0849609375 0.527099609375 1158.3806381005002 87850
500 576.6 1477.772082659257 2118.392663289987 8754.66015625 0.527099609375 1184.8398213999983 93549
510 602.7 1375.7391637533433 2068.593295312123 8754.66015625 0.527099609375 1201.84679334201 99315
520 609.4 1422.5276587611186 2024.2098171942625 8754.66015625 0.527099609375 1211.7958100349636 105342
530 627.9 1358.4467231421158 1987.2008697758117 8754.66015625 0.527099609375 1223.3199125344897 111436
540 544.8 1535.938578959955 1828.3826970258049 8754.66015625 0.527099609375 1230.5276706265365 117715
550 444.1 1913.9697533899318 2026.81932270184 8754.66015625 0.527099609375 1244.0372362314702 123163
560 356.6 2290.3179319577575 2137.9685888424838 8754.66015625 0.527099609375 1267.3528870629546 127604
570 285.8 2854.2925574354017 2177.2726407303867 9375.162109375 0.527099609375 1295.1633113222736 131170
580 244.1 3290.047411789325 2123.1156441451885 9375.162109375 0.527099609375 1328.410031301616 134028
590 198.8 3903.1064884178118 2187.0607513143495 9375.162109375 0.527099609375 1363.4975372243566 136469
600 165.9 4747.0041858565055 1922.2254133820306 9574.927978515625 0.527099609375 1399.9618734079559 138457
610 144.2 5469.782723817008 1478.6056387711747 9574.927978515625 0.527099609375 1439.591488843396 140116
620 136.5 5408.957242480828 1164.3542620381654 9574.927978515625 0.527099609375 1480.6455851207659 141558
630 133.3 4801.496263714367 1127.6119667424969 10232.69091796875 0.527099609375 1518.1633073368996 142923
640 126.2 4354.058541903975 1083.5759573980065 10232.69091796875 0.52392578125 1548.503000873745 144256
650 127.6 3840.2813452837236 1193.0499535670624 10232.69091796875 0.52392578125 1572.8340876999805 145518
660 124.2 2994.382328346733 828.9538027699753 10232.69091796875 0.52392578125 1592.5437672555267 146794
670 119 2786.7979227530845 768.448498337967 10232.69091796875 0.52392578125 1604.304984073566 148036
680 116.1 2514.246929421698 740.354361041601 10232.69091796875 0.52392578125 1613.734752324599 149226
690 111.8 2190.050917732908 752.0143888475591 10232.69091796875 0.52392578125 1620.686780343043 150387
700 101.2 2265.1036376953152 846.7608076702726 10232.69091796875 0.52392578125 1624.8882859408905 151505
710 103.2 2046.1181427711683 889.1917571307598 10232.69091796875 0.52392578125 1629.1363234447456 152517
720 93.3 1868.108149848439 890.9244638078967 10232.69091796875 0.52392578125 1631.9388505699296 153549
730 94.6 1917.8178063164805 986.8702337325628 10232.69091796875 0.52392578125 1633.3652041659918 154482
740 94 1699.7304619971746 1052.1756201805622 10232.69091796875 0.52392578125 1635.096502012161 155428
750 92.9 1510.6303335134378 957.5485739375366 10232.69091796875 0.52392578125 1635.4850464866436 156368
760 88.4 1345.7175765231718 900.0556616920219 10232.69091796875 0.52392578125 1634.7476514419059 157297
770 92.9 744.4791941730015 619.9537745761012 10232.69091796875 0.52392578125 1633.1323968523652 158181
780 79.3 186.6449610360182 228.11273724782527 10232.69091796875 0.52392578125 1627.9437925830603 159110
790 47.7 74.0376324603642 144.39359748073485 10232.69091796875 0.52392578125 1620.7960219132367 159903
800 17.8 21.873125054863053 17.894447802246614 10232.69091796875 0.52392578125 1616.1956742902848 160380
810 3.4 29.599652458639707 65.18916104546076 10232.69091796875 0.52392578125 1614.428154678905 160558
817 0.1 15.306884765625 0.0 10232.69091796875 0.52392578125 1614.0926201001248 160592
