10 0.1 224 0 224 224 0 0
20 0.1 484.0 0.0 484 224 224.0 1
30 0.1 801.0 0.0 801 224 354.0 2
40 0.1 1130.0 0.0 1130 224 503.0 3
50 0.1 1350.0 0.0 1350 224 659.75 4
60 0.1 1079.0 0.0 1350 224 797.8 5
70 0.1 1002.0 0.0 1350 224 844.6666666666666 6
80 0.1 1544.0 0.0 1544 224 867.1428571428571 7
90 0.1 1809.0 0.0 1809 224 951.75 8
100 0.1 2179.0 0.0 2179 224 1047.0 9
110 0.1 2370.0 0.0 2370 224 1160.2 10
120 0.1 1915.0 0.0 2370 224 1270.1818181818182 11
130 0.1 2094.0 0.0 2370 224 1323.9166666666667 12
140 0.1 2069.0 0.0 2370 224 1383.1538461538462 13
150 0.1 2549.0 0.0 2549 224 1432.142857142857 14
160 0.1 2718.0 0.0 2718 224 1506.6 15
170 0.1 2655.0 0.0 2718 224 1582.3125 16
180 0.1 2452.0 0.0 2718 224 1645.4117647058824 17
190 0.1 2810.0 0.0 2810 224 1690.2222222222222 18
200 0.1 3346.0 0.0 3346 224 1749.157894736842 19
210 0.1 3973.0 0.0 3973 224 1829.0 20
220 0.1 4219.0 0.0 4219 224 1931.095238095238 21
230 0.1 5475.0 0.0 5475 224 2035.090909090909 22
240 0.1 4775.0 0.0 5475 224 2184.6521739130435 23
250 0.1 6217.0 0.0 6217 224 2292.5833333333335 24
260 0.1 6473.0 0.0 6473 224 2449.56 25
270 0.1 6810.0 0.0 6810 224 2604.3076923076924 26
280 0.1 7086.0 0.0 7086 224 2760.074074074074 27
290 0.1 7350.0 0.0 7350 224 2914.5714285714284 28
300 0.1 7444.0 0.0 7444 224 3067.5172413793102 29
310 0.1 8074.0 0.0 8074 224 3213.4 30
320 0.1 8941.0 0.0 8941 224 3370.1935483870966 31
330 0.1 8141.0 0.0 8941 224 3544.28125 32
340 0.1 8076.0 0.0 8941 224 3683.5757575757575 33
350 0.1 8714.0 0.0 8941 224 3812.764705882353 34
360 0.1 8796.0 0.0 8941 224 3952.8 35
370 0.1 9189.0 0.0 9189 224 4087.3333333333335 36
380 0.1 10196.0 0.0 10196 224 4225.216216216216 37
390 0.1 10032.0 0.0 10196 224 4382.3421052631575 38
400 0.1 10133.0 0.0 10196 224 4527.205128205127 39
410 0.1 10678.0 0.0 10678 224 4667.3499999999985 40
420 0.1 11336.0 0.0 11336 224 4813.951219512193 41
430 0.1 12271.0 0.0 12271 224 4969.238095238094 42
440 0.1 12781.0 0.0 12781 224 5139.046511627906 43
450 0.1 13497.0 0.0 13497 224 5312.727272727271 44
460 0.1 13976.0 0.0 13976 224 5494.5999999999985 45
470 0.1 14695.0 0.0 14695 224 5678.978260869564 46
480 0.1 14909.0 0.0 14909 224 5870.808510638297 47
490 0.1 14877.0 0.0 14909 224 6059.104166666665 48
500 0.1 15226.0 0.0 15226 224 6239.061224489795 49
510 0.1 15897.0 0.0 15897 224 6418.799999999999 50
520 0.1 15825.0 0.0 15897 224 6604.647058823528 51
530 0.1 16674.0 0.0 16674 224 6781.961538461537 52
540 0.1 15405.0 0.0 16674 224 6968.603773584905 53
550 0.1 12605.0 0.0 16674 224 7124.833333333332 54
560 0.1 10847.0 0.0 16674 224 7224.472727272726 55
570 0.1 9605.0 0.0 16674 224 7289.160714285713 56
580 0.1 8398.0 0.0 16674 224 7329.78947368421 57
590 0.1 7085.0 0.0 16674 224 7348.206896551723 58
600 0.1 6265.0 0.0 16674 224 7343.745762711864 59
610 0.1 5669.0 0.0 16674 224 7325.7666666666655 60
620 0.1 5296.0 0.0 16674 224 7298.606557377048 61
630 0.1 5093.0 0.0 16674 224 7266.3064516129025 62
650 0.1 4708.0 0.0 16674 224 7231.809523809523 63
660 0.1 4623.0 0.0 16674 224 7192.374999999999 64
670 0.1 4397.0 0.0 16674 224 7152.846153846153 65
680 0.1 4083.0 0.0 16674 224 7111.090909090908 66
690 0.1 3726.0 0.0 16674 224 7065.895522388058 67
700 0.1 3347.0 0.0 16674 224 7016.779411764705 68
710 0.1 3207.0 0.0 16674 224 6963.59420289855 69
720 0.1 3099.0 0.0 16674 224 6909.928571428571 70
730 0.1 2779.0 0.0 16674 224 6856.25352112676 71
740 0.1 2908.0 0.0 16674 224 6799.624999999999 72
750 0.1 2789.0 0.0 16674 224 6746.31506849315 73
760 0.1 2616.0 0.0 16674 224 6692.8378378378375 74
770 0.1 2775.0 0.0 16674 224 6638.48 75
780 0.1 2633.0 0.0 16674 224 6587.644736842104 76
790 0.1 2304.0 0.0 16674 224 6536.285714285713 77
800 0.1 1072.0 0.0 16674 224 6482.02564102564 78
810 0.1 402.0 0.0 16674 224 6413.5443037974665 79
817 0.1 83.0 0.0 16674 83 6338.399999999998 80
