20 0.2 18041.95751953125 1011.009521484375 19052.967041015625 17030.947998046875 0 0
30 0 0 0 19052.967041015625 17030.947998046875 18041.95751953125 2
40 0.6 25150.463338216145 2863.175240533712 29106.9130859375 17030.947998046875 18041.95751953125 2
50 0.3 34759.08829752604 14872.759425902592 55657.405029296875 17030.947998046875 23373.336883544922 8
60 0.5 45485.07758789063 9342.659615473853 57994.14208984375 17030.947998046875 26478.54181463068 11
70 0.7 53289.32470703125 16018.058785524097 70374.64501953125 17030.947998046875 32418.084243774414 16
80 0.8 44497.526306152344 20162.187370956974 70374.64501953125 12399.94384765625 38770.20090650475 23
90 0.9 66885.59426540798 19853.082060424997 94338.47680664063 12399.94384765625 40248.22036447833 31
100 0.9 64357.31236436632 26943.137347081334 99156.79418945313 12399.94384765625 46241.6294921875 40
110 1.2 52192.659240722656 22836.58813195103 99156.79418945313 12399.94384765625 49568.99981564892 49
120 1.6 66409.96005249023 30123.963042836207 107346.77099609375 12399.94384765625 50085.129538614245 61
130 1.2 70476.67665608723 17100.41062700879 107346.77099609375 12399.94384765625 53477.30211292614 77
140 1.1 58069.8711159446 17690.999348438072 107346.77099609375 12399.94384765625 55769.35261312763 89
150 1.5 58203.69308268229 24563.06875898194 112442.462890625 12399.94384765625 56022.4096484375 100
160 1.9 65516.51173159951 23933.151723650968 112442.462890625 12399.94384765625 56306.924878991165 115
170 1.2 67813.47436523438 23741.672825827744 112442.462890625 12399.94384765625 57612.76182077892 134
180 1.2 65803.0024210612 30504.39846172948 112442.462890625 12399.94384765625 58451.176550460186 146
190 1.9 64953.21662983141 23828.442579937775 121178.43017578125 12399.94384765625 59009.543072277986 158
200 0.9 58134.273763020836 26689.581780278015 121178.43017578125 12399.94384765625 59647.56452760858 177
210 2.1 61906.33736746652 25657.648538654797 121178.43017578125 12399.94384765625 59574.34078093498 186
220 2.9 64854.59382576778 24643.257628130268 121178.43017578125 12399.94384765625 59810.920144786 207
230 3.5 54069.53851841518 32787.82805402599 137270.94189453125 12399.94384765625 60430.693605584616 236
240 1.8 51730.13240559896 26219.89284552898 137270.94189453125 12399.94384765625 59609.14221056273 271
250 3.1 67820.66476341986 33807.53646198764 137270.94189453125 12399.94384765625 59118.4080358591 289
260 3.9 60107.84080153245 30314.719253827036 137270.94189453125 12399.94384765625 59961.439156341556 320
270 3.6 53957.18542480469 30755.35546921564 137270.94189453125 12399.94384765625 59977.343513340005 359
280 3.5 61532.095703125 34518.64688628807 142739.90014648438 12399.94384765625 59428.67087742286 395
290 3.8 68645.70927348889 29308.24411357745 157545.6669921875 12399.94384765625 59599.879874863735 430
300 4.5 71402.58878580731 28812.0875012768 157545.6669921875 11019.0029296875 60334.370296119625 468
310 3.3 64716.005415482956 26630.682500122064 157545.6669921875 11019.0029296875 61305.26665486416 513
320 2.5 74435.49756835938 24312.742655710845 157545.6669921875 11019.0029296875 61511.410206330125 546
330 3.8 75675.11324270148 25926.222515455185 157545.6669921875 11019.0029296875 62077.26341832791 571
340 2.8 73595.33793422153 26275.214599801933 157545.6669921875 11019.0029296875 62925.733522311806 609
350 3.5 71592.38983677459 25938.132909302254 157545.6669921875 11019.0029296875 63394.72712283531 637
360 3.6 85335.13028293189 23329.433917669357 157545.6669921875 11019.0029296875 63821.68872251965 672
370 3.2 88656.88617706299 23605.19572302346 157545.6669921875 11019.0029296875 64915.5925306762 708
380 3.9 85776.27527794472 27123.844761402615 157545.6669921875 11019.0029296875 65942.24306673618 740
390 3.9 87998.43628555688 39745.2404290365 181664.79614257813 11019.0029296875 66935.21772172608 779
400 4.2 83907.29584612162 33264.51507774796 181664.79614257813 11019.0029296875 67939.45430362021 818
410 5 95799.90196777343 34015.138029898815 181664.79614257813 11019.0029296875 68719.27912313772 860
420 6.3 91126.90466502357 35245.99996802249 181664.79614257813 11019.0029296875 70207.22543328254 910
430 7.8 82753.9221880008 34318.74724097691 190716.05102539063 11019.0029296875 71561.7370382154 973
440 9.7 88447.75504641187 39434.51443141645 201012.15112304688 11019.0029296875 72392.3654318246 1051
450 11.4 93057.5381116365 37326.78060429057 201012.15112304688 11019.0029296875 73748.96194107109 1148
460 13.4 84965.32065502566 40889.45624716963 212202.455078125 11019.0029296875 75493.15978849142 1262
470 14.6 94638.61962556183 40009.04797063799 212202.455078125 11019.0029296875 76402.37866823038 1396
480 14.3 99877.16364421713 44929.120204812825 233738.32397460938 11019.0029296875 78129.02664473518 1542
490 15.1 97818.49429584024 47679.66030924971 251868.4599609375 11019.0029296875 79974.71423578913 1685
500 18.7 97708.83759556734 45740.4847883291 251868.4599609375 11019.0029296875 81442.25823854933 1836
510 18.6 100231.65405535958 44495.90230947576 251868.4599609375 11019.0029296875 82945.89162449217 2023
520 19.8 103282.11627258919 49052.82898049977 251868.4599609375 11019.0029296875 84401.37003650726 2209
530 22.4 98131.14507620675 50196.91599691462 253736.3369140625 11019.0029296875 85954.50163382517 2407
540 21.6 97029.87856038411 53014.55536188235 275547.3239746094 11019.0029296875 86991.20559851293 2631
550 20.6 114146.20017160951 55307.832529399675 275547.3239746094 11019.0029296875 87752.83305188987 2847
560 16.7 101702.76307248784 51610.160102685426 275547.3239746094 11019.0029296875 89533.71534034786 3053
570 15.2 113863.92401765523 51869.80432028449 275547.3239746094 11019.0029296875 90164.84297117624 3220
580 16 117998.8685760498 51938.37922992155 293271.4560546875 11019.0029296875 91233.12894954659 3372
590 12.2 118546.46562219839 39553.39434942289 293271.4560546875 11019.0029296875 92445.61998585478 3532
600 11.1 123736.9802422051 45647.92713570807 293271.4560546875 11019.0029296875 93317.07679144698 3654
610 12.1 138289.89792904182 54461.803407583284 293271.4560546875 11019.0029296875 94213.91856648926 3765
620 10.1 136994.96352877482 49121.57106484263 293271.4560546875 11019.0029296875 95586.33068765982 3886
630 10.5 149848.2618559337 48790.462652198075 293271.4560546875 11019.0029296875 96635.3078426517 3987
640 9.9 140050.93368006233 41490.83761171807 308013.1340332031 11019.0029296875 98000.7428796494 4092
650 10.6 157968.35097748364 48432.01403783985 314527.40185546875 11019.0029296875 98994.05447335995 4191
660 9.3 166873.1337706863 42433.96030611388 314527.40185546875 11019.0029296875 100448.85443366648 4297
670 8.3 176372.06173522217 42013.5816895728 315673.31103515625 11019.0029296875 101856.02026016827 4390
680 6.5 198494.03897235577 55044.790069320756 333845.64990234375 11019.0029296875 103238.72346661349 4473
690 3.9 208214.06518554688 56845.499026351026 333845.64990234375 11019.0029296875 104603.11207566445 4538
700 3.5 217956.67262137277 52603.777704575026 337974.64111328125 11019.0029296875 105485.96703989548 4577
710 4.2 227623.90397716704 55390.20798568329 371406.283203125 11019.0029296875 106339.49581165431 4612
720 2.2 253413.3007368608 56133.00256738648 371406.283203125 11019.0029296875 107434.0263537582 4654
730 2 222058.57939453126 24819.241864419593 371406.283203125 11019.0029296875 108120.84073280616 4676
740 2.4 259860.3610127767 42516.94287107956 371406.283203125 11019.0029296875 108606.09515640806 4696
750 2.8 268498.5727713449 26660.95952363802 371406.283203125 11019.0029296875 109375.18464381332 4720
760 3.1 274165.93620841735 28022.957256839618 371406.283203125 11019.0029296875 110313.57025197905 4748
770 5.2 275084.122319148 30635.06852162672 371406.283203125 11019.0029296875 111376.43347538344 4779
780 6 276920.5081502279 23179.372786288433 371406.283203125 11019.0029296875 113138.5530820644 4831
790 5.4 282539.81352629483 23486.583353611797 371406.283203125 11019.0029296875 115147.73674677301 4891
800 2.4 281244.38976033527 12868.711052645478 371406.283203125 11019.0029296875 116975.67853566971 4945
810 1 295271.3963623047 17682.49316947577 371406.283203125 11019.0029296875 117769.08748503416 4969
817 0.1 320922.9560546875 0.0 371406.283203125 11019.0029296875 118125.58941087725 4979
