0 157.89140625 157.89140625
10 477.94453125 635.8359375
20 725.734375 1361.5703125
30 1171.28671875 2532.85703125
40 1479.22578125 4012.0828125
50 1121.42578125 5133.50859375
60 1002.171875 6135.68046875
70 1452.15 7587.83046875
80 1817.7203125 9405.55078125
90 2246.01875 11651.56953125
100 2446.921875 14098.49140625
110 2224.27890625 16322.7703125
120 2054.515625 18377.2859375
130 1963.53046875 20340.81640625
140 2400.38828125 22741.2046875
150 3024.8265625 25766.03125
160 2881.3671875 28647.3984375
170 2279.6984375 30927.096875
180 2852.98125 33780.078125
190 3230.11328125 37010.19140625
200 3739.9046875 40750.09609375
210 4215.365625 44965.46171875
220 5726.53515625 50691.996875
230 4661.075 55353.071875
240 6187.2265625 61540.2984375
250 6432.85546875 67973.15390625
260 7586.00234375 75559.15625
270 7342.92109375 82902.07734375
280 7879.4453125 90781.52265625
290 7959.60546875 98741.128125
300 7781.8203125 106522.9484375
310 9098.76015625 115621.70859375
320 8406.18671875 124027.8953125
330 8523.6421875 132551.5375
340 8637.63515625 141189.17265625
350 8674.9125 149864.08515625
360 8611.57109375 158475.65625
370 9569.3125 168044.96875
380 9547.81796875 177592.78671875
390 9040.51953125 186633.30625
400 9333.5703125 195966.8765625
410 9584.4828125 205551.359375
420 8904.98046875 214456.33984375
430 9042.9 223499.23984375
440 9181.2828125 232680.52265625
450 8601.9078125 241282.43046875
460 9170.496875 250452.92734375
470 9113.0234375 259565.95078125
480 8507.05234375 268073.003125
490 8844.9625 276917.965625
500 8899.68515625 285817.65078125
510 8785.12109375 294602.771875
520 9168.59765625 303771.36953125
530 9593.7390625 313365.10859375
540 9673.87890625 323038.9875
550 8851.99921875 331890.98671875
560 8023.68984375 339914.6765625
570 7737.2546875 347651.93125
580 7088.884375 354740.815625
590 6455.04765625 361195.86328125
600 5852.57578125 367048.4390625
610 5796.534375 372844.9734375
620 5649.678125 378494.6515625
630 5240.8640625 383735.515625
640 4864.6875 388600.203125
650 4658.7296875 393258.9328125
660 3996.84375 397255.7765625
670 3810.66484375 401066.44140625
680 3689.071875 404755.51328125
690 3181.9953125 407937.50859375
700 3141.83359375 411079.3421875
710 2994.221875 414073.5640625
720 2777.1640625 416850.728125
730 2815.79296875 419666.52109375
740 2759.98515625 422426.50625
750 2637.7265625 425064.2328125
760 2870.8921875 427935.125
770 2516.78125 430451.90625
780 2293.60546875 432745.51171875
790 1285.7484375 434031.26015625
800 497.934375 434529.19453125
810 57.41328125 434586.6078125
817 0.68125 434587.2890625
