0 20.928125 20.928125
10 60.0421875 80.9703125
20 107.63984375 188.61015625
30 176.7609375 365.37109375
40 213.834375 579.20546875
50 199.134375 778.33984375
60 189.978125 968.31796875
70 244.4375 1212.75546875
80 284.14453125 1496.9
90 372.22734375 1869.12734375
100 362.27109375 2231.3984375
110 352.7734375 2584.171875
120 333.7828125 2917.9546875
130 339.5375 3257.4921875
140 363.1765625 3620.66875
150 440.78046875 4061.44921875
160 434.69375 4496.14296875
170 392.66015625 4888.803125
180 436.765625 5325.56875
190 495.45859375 5821.02734375
200 580.659375 6401.68671875
210 642.48984375 7044.1765625
220 788.2515625 7832.428125
230 687.96796875 8520.39609375
240 864.284375 9384.68046875
250 943.2453125 10327.92578125
260 1036.95234375 11364.878125
270 1053.6140625 12418.4921875
280 1109.103125 13527.5953125
290 1187.9203125 14715.515625
300 1184.096875 15899.6125
310 1320.87109375 17220.48359375
320 1262.21640625 18482.7
330 1192.7203125 19675.4203125
340 1177.1078125 20852.528125
350 1235.2984375 22087.8265625
360 1261.3046875 23349.13125
370 1368.7046875 24717.8359375
380 1477.26796875 26195.10390625
390 1488.33125 27683.43515625
400 1584.43046875 29267.865625
410 1752.3015625 31020.1671875
420 1872.18125 32892.3484375
430 2173.528125 35065.8765625
440 2389.92734375 37455.80390625
450 2384.953125 39840.75703125
460 2697.33125 42538.08828125
470 2767.15546875 45305.24375
480 2783.90625 48089.15
490 2898.02109375 50987.17109375
500 2881.89453125 53869.065625
510 3015.52265625 56884.58828125
520 3053.00078125 59937.5890625
530 3121.28515625 63058.87421875
540 2786.546875 65845.42109375
550 2285.03359375 68130.4546875
560 1828.53046875 69958.98515625
570 1461.14375 71420.12890625
580 1241.64765625 72661.7765625
590 1013.1515625 73674.928125
600 829.040625 74503.96875
610 705.75078125 75209.71953125
620 669.74375 75879.46328125
630 665.16328125 76544.6265625
640 652.66015625 77197.28671875
650 638.0421875 77835.32890625
660 631.84453125 78467.1734375
670 645.5015625 79112.675
680 619.0984375 79731.7734375
690 623.42265625 80355.19609375
700 569.73984375 80924.9359375
710 570.9 81495.8359375
720 536.12265625 82031.95859375
730 520.315625 82552.27421875
740 530.31484375 83082.5890625
750 504.58984375 83587.17890625
760 486.6453125 84073.82421875
770 493.18203125 84567.00625
780 452.8375 85019.84375
790 260.59296875 85280.43671875
800 101.640625 85382.07734375
810 19.38359375 85401.4609375
817 0.565625 85402.0265625
