0 1 10
10 0.9 19
20 1.7 36
30 1.4 50
40 0.9 59
50 0.1 60
60 1.2 72
70 2 92
80 1.8 110
90 1.9 129
100 1.9 148
110 0.2 150
120 1.9 169
130 2.4 193
140 2.4 217
150 2.4 241
160 2.8 269
170 0.1 270
180 2.9 299
190 3 329
200 3.9 368
210 3.8 406
220 4.1 447
230 3.7 484
240 5.5 539
250 5.6 595
260 5.3 648
270 6.1 709
280 5.9 768
290 6.8 836
300 8.4 920
310 9.2 1012
320 9.4 1106
330 8.7 1193
340 10.8 1301
350 10.9 1410
360 15 1560
370 16.4 1724
380 17.7 1901
390 15.7 2058
400 17 2228
410 14.2 2370
420 17.8 2548
430 18.6 2734
440 18 2914
450 19.3 3107
460 20.3 3310
470 18.8 3498
480 25 3748
490 22.2 3970
500 25.1 4221
510 24.6 4467
520 23.6 4703
530 24.5 4948
540 3.2 4980
550 0 4980
560 0 4980
570 0 4980
580 0 4980
590 0 4980
600 0 4980
610 0 4980
620 0 4980
630 0 4980
640 0 4980
650 0 4980
660 0 4980
670 0 4980
680 0 4980
690 0 4980
700 0 4980
710 0 4980
720 0 4980
730 0 4980
740 0 4980
750 0 4980
760 0 4980
770 0 4980
780 0 4980
790 0 4980
800 0 4980
810 0 4980
817 0 4980
