0 10 10
10 19 19
20 34 34
30 48 48
40 51 52
50 49 52
60 56 57
70 69 70
80 79 80
90 89 92
100 99 103
110 89 103
120 92 103
130 104 105
140 117 117
150 126 126
160 135 138
170 124 138
180 141 141
190 152 152
200 182 182
210 199 199
220 211 215
230 213 215
240 250 253
250 275 279
260 289 290
270 314 314
280 338 342
290 368 368
300 407 407
310 466 466
320 535 535
330 584 587
340 664 664
350 738 740
360 852 852
370 984 984
380 1122 1122
390 1240 1240
400 1368 1368
410 1460 1461
420 1575 1575
430 1683 1683
440 1766 1768
450 1845 1845
460 1914 1919
470 1956 1970
480 2063 2064
490 2134 2134
500 2198 2201
510 2258 2262
520 2296 2299
530 2317 2324
540 2133 2324
550 1927 2324
560 1760 2324
570 1608 2324
580 1448 2324
590 1326 2324
600 1215 2324
610 1094 2324
620 993 2324
630 888 2324
640 789 2324
650 683 2324
660 590 2324
670 507 2324
680 442 2324
690 403 2324
700 368 2324
710 326 2324
720 304 2324
730 284 2324
740 260 2324
750 232 2324
760 201 2324
770 149 2324
780 89 2324
790 35 2324
800 11 2324
810 1 2324
817 0 2324
