0 3.6 36
10 13.9 175
20 25.4 429
30 22.8 657
40 20.7 864
50 22.3 1087
60 18.5 1272
70 26.9 1541
80 26.8 1809
90 28.9 2098
100 29.6 2394
110 34 2734
120 33.4 3068
130 28.1 3349
140 33.1 3680
150 32.9 4009
160 30.5 4314
170 30.2 4616
180 38.4 5000
190 26.1 5261
200 23.4 5495
210 29.1 5786
220 28.9 6075
230 33.1 6406
240 34.1 6747
250 34.3 7090
260 32.3 7413
270 33.1 7744
280 38.8 8132
290 34 8472
300 32 8792
310 35.4 9146
320 34.3 9489
330 37.1 9860
340 35.8 10218
350 34.5 10563
360 37.4 10937
370 31.5 11252
380 30 11552
390 33 11882
400 28 12162
410 29.9 12461
420 38.3 12844
430 56.1 13405
440 58.2 13987
450 47.5 14462
458 5 14512
