0 1.1 11
10 1 21
20 0.8 29
30 1.4 43
40 1.2 55
50 0.5 60
60 1.2 72
70 1.7 89
80 1.1 100
90 1.4 114
100 1.9 133
110 1.6 149
120 1.1 160
130 2.2 182
140 2 202
150 1.9 221
160 2.1 242
170 2.3 265
180 1.3 278
190 2.8 306
200 3.1 337
210 2.3 360
220 2.1 381
230 1.4 395
240 1.7 412
250 1.9 431
260 2.3 454
270 2.7 481
280 1.5 496
290 2.5 521
300 2.2 543
310 2 563
320 2.2 585
330 1.8 603
340 1.6 619
350 2.5 644
360 1.7 661
370 2.4 685
380 2.3 708
390 2.1 729
400 2.7 756
410 2.4 780
420 2 800
430 0 800
440 0 800
450 0 800
458 0 800
