0 1.2 13.243408203125 30.46984760312588 113.401123046875 0.612060546875 0 0
10 0.9 1.7534993489583333 1.6986034931016538 113.401123046875 0.612060546875 13.243408203125 12
20 0.9 2.149929470486111 2.8637877693417373 113.401123046875 0.60009765625 8.319161551339286 21
30 1.3 1.2744891826923077 1.7429111010559106 113.401123046875 0.576171875 6.468391927083334 30
40 1.2 2.8452555338541665 2.7956818620253 113.401123046875 0.576171875 4.898142260174419 43
50 0.5 6.92578125 4.725579300442391 113.401123046875 0.576171875 4.450239701704546 55
60 1.4 1.6147809709821428 2.0431720740979618 113.401123046875 0.576171875 4.656534830729167 60
70 1.5 2.6197102864583335 2.560045461851181 113.401123046875 0.576171875 4.08106788429054 74
80 1.1 1.1695889559659092 1.2258071883086619 113.401123046875 0.576171875 3.8347716599367976 89
90 1.6 2.70062255859375 2.4161896693050884 113.401123046875 0.576171875 3.5416015625 100
100 1.9 2.4884225945723686 3.3756049892168107 113.401123046875 0.576171875 3.425604458512931 116
110 1.5 1.8710937499999998 2.185738577345609 113.401123046875 0.551025390625 3.293704788773148 135
120 1.2 3.5643513997395835 3.2926186125547425 113.401123046875 0.551025390625 3.1514436848958334 150
130 2.5 2.45369140625 2.9814944110864676 113.401123046875 0.551025390625 3.182029441550926 162
140 1.9 3.3095703125 3.7671575591250246 113.401123046875 0.551025390625 3.084658046457219 187
150 2.1 2.8460286458333335 2.6273837590528224 113.401123046875 0.551025390625 3.1054023816747574 206
160 2.5 2.803525390625 3.0733267583556048 113.401123046875 0.551025390625 3.0814074545704844 227
170 1.8 1.9466010199652777 2.7442399420580634 113.401123046875 0.54296875 3.0538397894965277 252
180 2 1.8293212890625 2.0893307249026405 113.401123046875 0.54296875 2.9800238715277776 270
190 3.9 2.6435046073717943 2.5350710180508704 113.401123046875 0.51513671875 2.900665072737069 290
200 3.6 2.674736870659722 2.9969788084254514 113.401123046875 0.51513671875 2.8701810054141337 329
210 4.1 2.738590891768293 3.248569043794252 113.401123046875 0.511962890625 2.850904323630137 365
220 3.3 2.436774976325758 2.5729810166960028 113.401123046875 0.511962890625 2.8395623268165027 406
230 3.8 2.9108758223684212 2.8469540371135724 113.401123046875 0.511962890625 2.809284462201025 439
240 4.6 5.122537364130435 5.626131584268489 113.401123046875 0.511962890625 2.8173776942479036 477
250 6.1 3.50092053022541 3.3821722951175133 113.401123046875 0.511962890625 3.020125963491874 523
260 5.6 3.8774326869419657 3.5720685120607327 113.401123046875 0.511962890625 3.070345943921233 584
270 5.4 2.3136393229166665 2.6184167036649497 113.401123046875 0.4951171875 3.140966033935547 640
280 5.4 2.9061640986689827 3.20450032115576 113.401123046875 0.4951171875 3.076591909447046 694
290 6.6 2.8952192826704546 3.5133708925144806 113.401123046875 0.485107421875 3.064288297439004 748
300 9.7 3.112430533182991 3.3387729782386293 113.401123046875 0.47607421875 3.0505799989442566 814
310 10.9 3.4992407002580275 3.225936542908752 113.401123046875 0.47607421875 3.0571656211409164 911
320 11.4 3.366290176123904 3.4516495647211527 113.401123046875 0.47607421875 3.1044069776348038 1020
330 9.9 3.521126795296717 3.4810277189124035 113.401123046875 0.47607421875 3.130733860022597 1134
340 9.3 3.208981749831989 3.275697566350606 113.401123046875 0.47607421875 3.1620792781832927 1233
350 10.3 3.2879721632281553 3.259469939687922 113.401123046875 0.47607421875 3.1653688180500565 1326
360 12 2.7425577799479157 3.132519842286827 113.401123046875 0.47607421875 3.174205868122376 1429
370 15 3.28244140625 3.2669830435764418 113.401123046875 0.47607421875 3.140766377753793 1549
380 15.7 3.774294324741242 4.2540210920597525 113.401123046875 0.47607421875 3.153274473265524 1699
390 17.3 3.171674607117052 3.4927815900554036 113.401123046875 0.47607421875 3.2058068637190194 1856
400 14.5 3.607327586206895 4.046261884440006 113.401123046875 0.47607421875 3.2028966220274766 2029
410 17.6 2.5757335316051138 3.1965052228861626 113.401123046875 0.47607421875 3.2298710883595905 2174
420 4.9 3.075339803890306 2.9893705696670962 113.401123046875 0.47509765625 3.180880360704787 2350
430 0 0 0 113.401123046875 0.47509765625 3.1787246761345873 2399
440 0 0 0 113.401123046875 0.47509765625 3.1787246761345873 2399
450 0 0 0 113.401123046875 0.47509765625 3.1787246761345873 2399
458 0 0 0 113.401123046875 0.47509765625 3.1787246761345873 2399
