0 0.1 3.8302925047181877 0 3.8302925047181877 3.8302925047181877 0 0
10 0.1 2.465483234714004 0.0 3.8302925047181877 2.465483234714004 3.8302925047181877 1
20 0.1 2.7559055118110236 0.0 3.8302925047181877 2.465483234714004 3.147887869716096 2
30 0.1 3.6417322834645667 0.0 3.8302925047181877 2.465483234714004 3.017227083747738 3
40 0.1 4.019607843137255 0.0 4.019607843137255 2.465483234714004 3.1733533836769454 4
50 0.1 3.5294117647058822 0.0 4.019607843137255 2.465483234714004 3.3426042755690077 5
60 0.1 3.2480314960629917 0.0 4.019607843137255 2.465483234714004 3.3737388570918205 6
70 0.1 3.2448377581120944 0.0 4.019607843137255 2.465483234714004 3.355780662659131 7
80 0.1 4.594330400782014 0.0 4.594330400782014 2.465483234714004 3.341912799590751 8
90 0.1 3.9408866995073892 0.0 4.594330400782014 2.465483234714004 3.481070310834225 9
100 0.1 3.564356435643564 0.0 4.594330400782014 2.465483234714004 3.5270519497015416 10
110 0.1 4.715127701375246 0.0 4.715127701375246 2.465483234714004 3.5304432666053613 11
120 0.1 5.37109375 0.0 5.37109375 2.465483234714004 3.6291669695028514 12
130 0.1 4.621435594886923 0.0 5.37109375 2.465483234714004 3.7631613372334014 13
140 0.1 4.808635917566241 0.0 5.37109375 2.465483234714004 3.8244666413515103 14
150 0.1 5.744888023369036 0.0 5.744888023369036 2.465483234714004 3.8900779264324923 15
160 0.1 5.288932419196866 0.0 5.744888023369036 2.465483234714004 4.006003557491026 16
170 0.1 4.3478260869565215 0.0 5.744888023369036 2.465483234714004 4.081469961120781 17
180 0.1 5.653021442495127 0.0 5.744888023369036 2.465483234714004 4.096267523667211 18
190 0.1 5.31496062992126 0.0 5.744888023369036 2.465483234714004 4.178201940447628 19
200 0.1 4.921259842519685 0.0 5.744888023369036 2.465483234714004 4.235039874921309 20
210 0.1 6.1284046692607 0.0 6.1284046692607 2.465483234714004 4.267717016235518 21
220 0.1 7.8125 0.0 7.8125 2.465483234714004 4.3522937277366625 22
230 0.1 9.326923076923077 0.0 9.326923076923077 2.465483234714004 4.502737478704634 23
240 0.1 10.144927536231885 0.0 10.144927536231885 2.465483234714004 4.703745211963736 24
250 0.1 11.67953667953668 0.0 11.67953667953668 2.465483234714004 4.921392504934462 25
260 0.1 12.36816874400767 0.0 12.36816874400767 2.465483234714004 5.181321127034547 26
270 0.1 12.4282982791587 0.0 12.4282982791587 2.465483234714004 5.447500668403922 27
280 0.1 12.631578947368421 0.0 12.631578947368421 2.465483234714004 5.696814868788022 28
290 0.1 11.950286806883364 0.0 12.631578947368421 2.465483234714004 5.935944664601139 29
300 0.1 13.601532567049809 0.0 13.601532567049809 2.465483234714004 6.136422736010545 30
310 0.1 17.69157994323557 0.0 17.69157994323557 2.465483234714004 6.377232730560199 31
320 0.1 21.027592768791628 0.0 21.027592768791628 2.465483234714004 6.730806080956305 32
330 0.1 21.047708138447145 0.0 21.047708138447145 2.465483234714004 7.164042041193739 33
340 0.1 21.28666035950804 0.0 21.28666035950804 2.465483234714004 7.572385161701192 34
350 0.1 20.585457979225687 0.0 21.28666035950804 2.465483234714004 7.964221595924245 35
360 0.1 19.54242135367016 0.0 21.28666035950804 2.465483234714004 8.314811495460397 36
370 0.1 21.54280338664158 0.0 21.54280338664158 2.465483234714004 8.618260410547146 37
380 0.1 27.001862197392924 0.0 27.001862197392924 2.465483234714004 8.958379962549632 38
390 0.1 28.438661710037177 0.0 28.438661710037177 2.465483234714004 9.421033353186639 39
400 0.1 31.465919701213817 0.0 31.465919701213817 2.465483234714004 9.896474062107902 40
410 0.1 29.483568075117372 0.0 31.465919701213817 2.465483234714004 10.422558102086095 41
420 0.1 30.402245088868103 0.0 31.465919701213817 2.465483234714004 10.876391672872554 42
430 0.1 19.53801732435034 0.0 31.465919701213817 2.465483234714004 11.330481287198031 43
440 0.1 10.428849902534113 0.0 31.465919701213817 2.465483234714004 11.51701619713331 44
450 0.1 7.094918504314478 0.0 31.465919701213817 2.465483234714004 11.492834723919994 45
458 0.1 2.6627218934911245 0.0 31.465919701213817 2.465483234714004 11.397227849580744 46
