0 0 0
10 0.1 1
20 0.7 8
30 1.4 22
40 0.8 30
50 1.1 41
60 1 51
70 1 61
80 1.5 76
90 0.7 83
100 1.7 100
110 1.1 111
120 2 131
130 1.2 143
140 1.1 154
150 1.3 167
160 1.1 178
170 0.7 185
180 1.3 198
190 0.7 205
200 1.1 216
210 1.6 232
220 1.9 251
230 2.6 277
240 3.9 316
250 5.7 373
260 5.8 431
270 4.4 475
280 6.2 537
290 5.6 593
300 4.3 636
310 7 706
320 10.5 811
330 9.7 908
340 11 1018
350 11.5 1133
360 9.2 1225
370 9.5 1320
380 11.5 1435
390 14.1 1576
400 16.7 1743
410 16.3 1906
420 15.8 2064
430 12.2 2186
440 8.5 2271
450 11.2 2383
458 1.6 2399
