0 0.1 3161.36328125 0 3161.36328125 3161.36328125 0 0
10 0.1 3159.1796875 0.0 3161.36328125 3159.1796875 3161.36328125 1
20 0.1 3156.171875 0.0 3161.36328125 3156.171875 3160.271484375 2
30 0.1 3155.453125 0.0 3161.36328125 3155.453125 3158.9049479166665 3
40 0.1 3154.61328125 0.0 3161.36328125 3154.61328125 3158.0419921875 4
50 0.1 3153.29296875 0.0 3161.36328125 3153.29296875 3157.35625 5
60 0.1 3152.6953125 0.0 3161.36328125 3152.6953125 3156.6790364583335 6
70 0.1 3152.82421875 0.0 3161.36328125 3152.6953125 3156.109933035714 7
80 0.1 3152.703125 0.0 3161.36328125 3152.6953125 3155.69921875 8
90 0.1 3152.359375 0.0 3161.36328125 3152.359375 3155.3663194444443 9
100 0.1 3152.51953125 0.0 3161.36328125 3152.359375 3155.065625 10
110 0.1 3152.359375 0.0 3161.36328125 3152.359375 3154.834161931818 11
120 0.1 3151.5390625 0.0 3161.36328125 3151.5390625 3154.6279296875 12
130 0.1 3150.8359375 0.0 3161.36328125 3150.8359375 3154.390324519231 13
140 0.1 3151.328125 0.0 3161.36328125 3150.8359375 3154.1364397321427 14
150 0.1 3149.40234375 0.0 3161.36328125 3149.40234375 3153.94921875 15
160 0.1 3147.8359375 0.0 3161.36328125 3147.8359375 3153.6650390625 16
170 0.1 3145.90625 0.0 3161.36328125 3145.90625 3153.322150735294 17
180 0.1 3143.22265625 0.0 3161.36328125 3143.22265625 3152.91015625 18
190 0.1 3141.625 0.0 3161.36328125 3141.625 3152.4002878289475 19
200 0.1 3138.2109375 0.0 3161.36328125 3138.2109375 3151.8615234375 20
210 0.1 3135.98046875 0.0 3161.36328125 3135.98046875 3151.211495535714 21
220 0.1 3134.3828125 0.0 3161.36328125 3134.3828125 3150.5191761363635 22
230 0.1 3132.54296875 0.0 3161.36328125 3132.54296875 3149.8175951086955 23
240 0.1 3131.67578125 0.0 3161.36328125 3131.67578125 3149.0978190104165 24
250 0.1 3131.3203125 0.0 3161.36328125 3131.3203125 3148.4009375 25
260 0.1 3130.91796875 0.0 3161.36328125 3130.91796875 3147.7439903846152 26
270 0.1 3130.94140625 0.0 3161.36328125 3130.91796875 3147.1208043981483 27
280 0.1 3129.9453125 0.0 3161.36328125 3129.9453125 3146.54296875 28
290 0.1 3129.96875 0.0 3161.36328125 3129.9453125 3145.970635775862 29
300 0.1 3129.75390625 0.0 3161.36328125 3129.75390625 3145.4372395833334 30
310 0.1 3124.91015625 0.0 3161.36328125 3124.91015625 3144.9313256048385 31
320 0.1 3123.28515625 0.0 3161.36328125 3123.28515625 3144.3056640625 32
330 0.1 3121.15625 0.0 3161.36328125 3121.15625 3143.6686789772725 33
340 0.1 3120.4375 0.0 3161.36328125 3120.4375 3143.006548713235 34
350 0.1 3120.453125 0.0 3161.36328125 3120.4375 3142.36171875 35
360 0.1 3120.29296875 0.0 3161.36328125 3120.29296875 3141.7531467013887 36
370 0.1 3119.2578125 0.0 3161.36328125 3119.2578125 3141.173141891892 37
380 0.1 3115.515625 0.0 3161.36328125 3115.515625 3140.596422697369 38
390 0.1 3109.171875 0.0 3161.36328125 3109.171875 3139.953325320513 39
400 0.1 3107.09765625 0.0 3161.36328125 3107.09765625 3139.1837890625 40
410 0.1 3106.4453125 0.0 3161.36328125 3106.4453125 3138.401200457317 41
420 0.1 3105.55859375 0.0 3161.36328125 3105.55859375 3137.6403459821427 42
430 0.1 3105.31640625 0.0 3161.36328125 3105.31640625 3136.8942587209303 43
440 0.1 3105.20703125 0.0 3161.36328125 3105.20703125 3136.176580255682 44
450 0.1 3108.37109375 0.0 3161.36328125 3105.20703125 3135.4883680555554 45
458 0.1 3110.73828125 0.0 3161.36328125 3105.20703125 3134.8988620923915 46
