0 0.1 0.16015625 0 0.16015625 0.16015625 0 0
10 0.1 0.12890625 0.0 0.16015625 0.12890625 0.16015625 1
20 0.1 0.109375 0.0 0.16015625 0.109375 0.14453125 2
30 0.1 0.08984375 0.0 0.16015625 0.08984375 0.1328125 3
40 0.1 0.078125 0.0 0.16015625 0.078125 0.1220703125 4
50 0.1 0.0703125 0.0 0.16015625 0.0703125 0.11328125 5
60 0.1 0.05859375 0.0 0.16015625 0.05859375 0.10611979166666667 6
70 0.1 0.05078125 0.0 0.16015625 0.05078125 0.09933035714285714 7
80 0.1 0.0390625 0.0 0.16015625 0.0390625 0.09326171875 8
90 0.1 0.0390625 0.0 0.16015625 0.0390625 0.08723958333333333 9
100 0.1 0.03125 0.0 0.16015625 0.03125 0.082421875 10
110 0.1 0.03125 0.0 0.16015625 0.03125 0.07776988636363637 11
120 0.1 0.01953125 0.0 0.16015625 0.01953125 0.07389322916666667 12
130 0.1 0.01953125 0.0 0.16015625 0.01953125 0.06971153846153846 13
140 0.1 0.01953125 0.0 0.16015625 0.01953125 0.06612723214285714 14
150 0.1 0.01171875 0.0 0.16015625 0.01171875 0.06302083333333333 15
160 0.1 0.01171875 0.0 0.16015625 0.01171875 0.059814453125 16
170 0.1 0.01171875 0.0 0.16015625 0.01171875 0.05698529411764706 17
180 0.1 0.08984375 0.0 0.16015625 0.01171875 0.05447048611111111 18
190 0.1 0.0703125 0.0 0.16015625 0.01171875 0.05633223684210526 19
200 0.1 0.05859375 0.0 0.16015625 0.01171875 0.05703125 20
210 0.1 0.12890625 0.0 0.16015625 0.01171875 0.05710565476190476 21
220 0.1 0.109375 0.0 0.16015625 0.01171875 0.060369318181818184 22
230 0.1 0.08984375 0.0 0.16015625 0.01171875 0.0625 23
240 0.1 0.078125 0.0 0.16015625 0.01171875 0.06363932291666667 24
250 0.1 0.05859375 0.0 0.16015625 0.01171875 0.06421875 25
260 0.1 0.12890625 0.0 0.16015625 0.01171875 0.06400240384615385 26
270 0.1 0.19140625 0.0 0.19140625 0.01171875 0.06640625000000001 27
280 0.1 0.16015625 0.0 0.19140625 0.01171875 0.07087053571428573 28
290 0.1 0.21875 0.0 0.21875 0.01171875 0.07394935344827588 29
300 0.1 0.1796875 0.0 0.21875 0.01171875 0.07877604166666669 30
310 0.1 0.1484375 0.0 0.21875 0.01171875 0.08203125000000001 31
320 0.1 0.12890625 0.0 0.21875 0.01171875 0.08410644531250001 32
330 0.1 0.1796875 0.0 0.21875 0.01171875 0.08546401515151517 33
340 0.1 0.23828125 0.0 0.23828125 0.01171875 0.08823529411764708 34
350 0.1 0.19921875 0.0 0.23828125 0.01171875 0.09252232142857146 35
360 0.1 0.171875 0.0 0.23828125 0.01171875 0.09548611111111115 36
370 0.1 0.2890625 0.0 0.2890625 0.01171875 0.09755067567567571 37
380 0.1 0.328125 0.0 0.328125 0.01171875 0.10259046052631582 38
390 0.1 0.3515625 0.0 0.3515625 0.01171875 0.10837339743589745 39
400 0.1 0.30078125 0.0 0.3515625 0.01171875 0.11445312500000002 40
410 0.1 0.25 0.0 0.3515625 0.01171875 0.11899771341463417 41
420 0.1 0.2890625 0.0 0.3515625 0.01171875 0.1221168154761905 42
430 0.1 0.3984375 0.0 0.3984375 0.01171875 0.12599927325581398 43
440 0.1 0.33984375 0.0 0.3984375 0.01171875 0.13219105113636365 44
450 0.1 0.2890625 0.0 0.3984375 0.01171875 0.13680555555555557 45
458 0.1 0.23828125 0.0 0.3984375 0.01171875 0.1401154891304348 46
