10 0.1 401 0 401 401 0 0
20 0.1 1155.0 0.0 1155 401 401.0 1
30 0.1 1711.0 0.0 1711 401 778.0 2
40 0.1 1671.0 0.0 1711 401 1089.0 3
50 0.1 1409.0 0.0 1711 401 1234.5 4
60 0.1 1414.0 0.0 1711 401 1269.4 5
70 0.1 1417.0 0.0 1711 401 1293.5 6
80 0.1 1986.0 0.0 1986 401 1311.142857142857 7
90 0.1 1892.0 0.0 1986 401 1395.5 8
100 0.1 2058.0 0.0 2058 401 1450.6666666666667 9
110 0.1 2266.0 0.0 2266 401 1511.4 10
120 0.1 2658.0 0.0 2658 401 1580.0 11
130 0.1 2227.0 0.0 2658 401 1669.8333333333333 12
140 0.1 2137.0 0.0 2658 401 1712.6923076923076 13
150 0.1 2494.0 0.0 2658 401 1743.0 14
160 0.1 2488.0 0.0 2658 401 1793.0666666666666 15
170 0.1 2289.0 0.0 2658 401 1836.5 16
180 0.1 2398.0 0.0 2658 401 1863.1176470588234 17
190 0.1 2623.0 0.0 2658 401 1892.8333333333333 18
200 0.1 2134.0 0.0 2658 401 1931.2631578947369 19
210 0.1 2079.0 0.0 2658 401 1941.4 20
220 0.1 2835.0 0.0 2835 401 1947.952380952381 21
230 0.1 3152.0 0.0 3152 401 1988.2727272727273 22
240 0.1 3306.0 0.0 3306 401 2038.8695652173913 23
250 0.1 3791.0 0.0 3791 401 2091.6666666666665 24
260 0.1 3728.0 0.0 3791 401 2159.64 25
270 0.1 3893.0 0.0 3893 401 2219.9615384615386 26
280 0.1 4034.0 0.0 4034 401 2281.925925925926 27
290 0.1 3642.0 0.0 4034 401 2344.5 28
300 0.1 4066.0 0.0 4066 401 2389.2413793103447 29
310 0.1 4815.0 0.0 4815 401 2445.133333333333 30
320 0.1 5290.0 0.0 5290 401 2521.5806451612902 31
330 0.1 5821.0 0.0 5821 401 2608.09375 32
340 0.1 6160.0 0.0 6160 401 2705.4545454545455 33
350 0.1 5198.0 0.0 6160 401 2807.0588235294117 34
360 0.1 5287.0 0.0 6160 401 2875.3714285714286 35
370 0.1 5939.0 0.0 6160 401 2942.3611111111113 36
380 0.1 7209.0 0.0 7209 401 3023.3513513513512 37
390 0.1 7547.0 0.0 7547 401 3133.5 38
400 0.1 7961.0 0.0 7961 401 3246.6666666666665 39
410 0.1 8105.0 0.0 8105 401 3364.525 40
420 0.1 7754.0 0.0 8105 401 3480.1463414634145 41
430 0.1 6299.0 0.0 8105 401 3581.904761904762 42
440 0.1 4748.0 0.0 8105 401 3645.093023255814 43
450 0.1 4385.0 0.0 8105 401 3670.159090909091 44
458 0.1 975.0 0.0 8105 401 3686.0444444444443 45
