0 4.7 159.88573179853722 124.24298423942707 393.51708984375 5.958984375 0 0
10 14.9 142.72447665425756 175.05899582879488 1192.974853515625 5.48583984375 159.88573179853722 47
20 26.2 46.60742560233777 69.08685281063156 1192.974853515625 4.51220703125 146.83967559191646 196
30 24.2 71.01735416128614 99.7705568613764 1192.974853515625 4.346923828125 89.50157625289984 458
40 21.9 60.81369283319065 86.86895048485783 1192.974853515625 4.346923828125 83.11131661551339 700
50 22.8 46.26079037314968 82.36725674872275 1192.974853515625 4.346923828125 77.79773706346913 919
60 19.7 58.68063679806471 94.19630570623144 1192.974853515625 4.346923828125 71.52884094717197 1147
70 28.6 82.44687209762894 112.3477534939238 1192.974853515625 4.346923828125 69.64558483305431 1344
80 27.9 56.26070368503584 66.91871729903536 1192.974853515625 4.346923828125 71.89170026720667 1630
90 30.3 100.7350856667698 121.61959680997569 1192.974853515625 4.346923828125 69.60723298254157 1909
100 31.5 150.11144050719233 184.7544960909158 1264.927978515625 4.346923828125 73.87112962057104 2212
110 35.6 204.16698738698202 187.32530568119284 1264.927978515625 4.346923828125 83.37476948178423 2527
120 34.3 116.41014842041723 149.25363936765862 1530.260009765625 4.346923828125 98.29049253910314 2883
130 30.4 226.8009539152447 251.77718481033912 1530.260009765625 4.346923828125 100.21703995611826 3226
140 35.2 452.6787109375 239.50233409217236 2063.027099609375 4.346923828125 111.11831753220166 3530
150 34.8 617.6260607489221 233.94226284678533 2063.027099609375 4.346923828125 142.08927540924057 3882
160 32.6 1012.2569370386794 253.7955301794495 2164.992919921875 4.346923828125 181.21145065704414 4230
170 32.5 1572.954491436298 276.7241108139675 2751.264892578125 4.346923828125 240.67607501183193 4556
180 39.6 1205.4324309994483 379.7101660323911 2751.264892578125 4.346923828125 329.3854553310189 4881
190 28.7 2437.7640393619336 635.3421938250178 4144.574951171875 4.346923828125 395.12633127657466 5277
200 39.5 2535.038657041139 1788.5361332755494 5259.964111328125 0.55712890625 500.4888442565348 5564
210 60.7 1857.300185981258 1820.6655958472272 5274.692138671875 0.5419921875 635.3516024458146 5959
220 80.4 1306.4926736556476 1651.0319766187627 5274.692138671875 0.527099609375 748.3157800586708 6566
230 80.2 1286.747859355518 1488.8899901324735 5274.692138671875 0.527099609375 809.2078048147047 7370
240 109.5 982.2280775096316 1419.2502465919347 5274.692138671875 0.527099609375 856.0735810924496 8172
250 115.9 889.0378066187178 1325.5073410013617 5274.692138671875 0.527099609375 870.980149947183 9267
260 115.1 941.3219147921644 1439.6926187947092 5274.692138671875 0.527099609375 872.9875184568999 10426
270 125.3 855.4953260612033 1355.0514158772432 5274.692138671875 0.52490234375 879.781410672663 11577
280 117.2 883.2471694685901 1233.1363295200006 5274.692138671875 0.52490234375 877.4095896268205 12830
290 121.3 910.2846808500357 1404.811405947037 5274.692138671875 0.52490234375 877.8982086508566 14002
300 158.1 651.0798086592247 1233.0834707939734 5274.692138671875 0.52490234375 880.4801863555957 15215
310 203.9 532.5554571596053 1119.280624714178 5274.692138671875 0.51611328125 858.8868309651479 16796
320 245 468.45209821428574 1107.6373414811228 5274.692138671875 0.51611328125 823.5595322558565 18835
330 233 451.57918182504005 989.1785093896855 5274.692138671875 0.51611328125 782.6850566438364 21285
340 231.1 435.1210524436458 979.6924465690339 5274.692138671875 0.51611328125 750.0161306083592 23615
350 223.8 529.0562362329995 1182.471003785737 5274.692138671875 0.51611328125 721.9469133886319 25926
360 207.4 507.04886591146976 1039.6913485360735 5274.692138671875 0.51611328125 706.6192136487402 28164
370 270.4 401.8466361683498 1028.36578083899 5274.692138671875 0.513916015625 692.9308446690756 30238
380 315.2 341.3827570416598 962.9842219826152 5274.692138671875 0.51220703125 669.0375868284477 32942
390 357.3 336.28406024786597 950.132417545766 5389.7060546875 0.51220703125 640.424298650691 36094
400 350.5 319.3828501136773 975.6651209940522 5389.7060546875 0.5078125 613.0289052049226 39667
410 362.8 311.0987993637808 932.2887600485147 5389.7060546875 0.5078125 589.1886980545747 43172
420 305.1 392.4211537809071 1005.0918199599494 5389.7060546875 0.5078125 567.6307888141858 46800
430 162.8 658.0852652135001 897.8271935182398 5389.7060546875 0.5078125 556.9075416077801 49851
440 77.4 1364.2797760088617 803.3118989899584 5389.7060546875 0.5078125 560.1072411751787 51479
450 47.5 671.2886682771378 517.7663316777732 5389.7060546875 0.5078125 572.0190843604747 52253
458 5 13.931245117187503 10.752056389323958 5389.7060546875 0.5078125 572.9133540532455 52728
