10 0.1 318 0 318 318 0 0
20 0.1 955.0 0.0 955 318 318.0 1
30 0.1 1481.0 0.0 1481 318 636.5 2
40 0.1 1475.0 0.0 1481 318 918.0 3
50 0.1 1220.0 0.0 1481 318 1057.25 4
60 0.1 1290.0 0.0 1481 318 1089.8 5
70 0.1 1219.0 0.0 1481 318 1123.1666666666667 6
80 0.1 1649.0 0.0 1649 318 1136.857142857143 7
90 0.1 1595.0 0.0 1649 318 1200.875 8
100 0.1 1697.0 0.0 1697 318 1244.6666666666667 9
110 0.1 1876.0 0.0 1876 318 1289.9 10
120 0.1 2228.0 0.0 2228 318 1343.1818181818182 11
130 0.1 1814.0 0.0 2228 318 1416.9166666666667 12
140 0.1 1752.0 0.0 2228 318 1447.4615384615386 13
150 0.1 2097.0 0.0 2228 318 1469.2142857142858 14
160 0.1 2136.0 0.0 2228 318 1511.0666666666666 15
170 0.1 1957.0 0.0 2228 318 1550.125 16
180 0.1 2059.0 0.0 2228 318 1574.0588235294117 17
190 0.1 2331.0 0.0 2331 318 1601.0 18
200 0.1 1835.0 0.0 2331 318 1639.421052631579 19
210 0.1 1943.0 0.0 2331 318 1649.2 20
220 0.1 2746.0 0.0 2746 318 1663.1904761904761 21
230 0.1 3088.0 0.0 3088 318 1712.409090909091 22
240 0.1 3316.0 0.0 3316 318 1772.2173913043478 23
250 0.1 4016.0 0.0 4016 318 1836.5416666666667 24
260 0.1 3991.0 0.0 4016 318 1923.72 25
270 0.1 4138.0 0.0 4138 318 2003.2307692307693 26
280 0.1 4355.0 0.0 4355 318 2082.296296296296 27
290 0.1 3974.0 0.0 4355 318 2163.4642857142853 28
300 0.1 4514.0 0.0 4514 318 2225.896551724137 29
310 0.1 5615.0 0.0 5615 318 2302.1666666666656 30
320 0.1 6535.0 0.0 6535 318 2409.032258064515 31
330 0.1 6901.0 0.0 6901 318 2537.968749999999 32
340 0.1 7187.0 0.0 7187 318 2670.181818181817 33
350 0.1 6550.0 0.0 7187 318 2803.029411764705 34
360 0.1 6383.0 0.0 7187 318 2910.0857142857135 35
370 0.1 7202.0 0.0 7202 318 3006.5555555555547 36
380 0.1 8519.0 0.0 8519 318 3119.9459459459454 37
390 0.1 9113.0 0.0 9113 318 3262.0263157894733 38
400 0.1 9867.0 0.0 9867 318 3412.051282051282 39
410 0.1 9793.0 0.0 9867 318 3573.425 40
420 0.1 9726.0 0.0 9867 318 3725.121951219512 41
430 0.1 6962.0 0.0 9867 318 3868.0 42
440 0.1 4612.0 0.0 9867 318 3939.953488372093 43
450 0.1 3836.0 0.0 9867 318 3955.2272727272725 44
458 0.1 903.0 0.0 9867 318 3952.5777777777776 45
