10 0.1 13870.220947265625 0 13870.220947265625 13870.220947265625 0 0
20 0.7 18711.116280691964 2646.8674611907613 22133.825927734375 13566.927001953125 13870.220947265625 1
30 1.4 21795.65567452567 5053.566129406143 30938.77392578125 12597.205810546875 18106.004364013672 8
40 0.8 20239.42202758789 3460.920892658914 30938.77392578125 12597.205810546875 20453.964288884945 22
50 1.1 21357.21348987926 3813.867683499263 30938.77392578125 12597.205810546875 20396.753019205727 30
60 1 22222.941967773437 4579.74325001917 31154.91796875 12597.205810546875 20654.437535727895 41
70 1 23323.8669921875 5056.631725897393 31154.91796875 12597.205810546875 20961.987424364277 51
80 1.5 18383.1357421875 2547.03809583301 31154.91796875 12439.951171875 21349.180796138575 61
90 0.7 21486.626708984375 6042.300926039598 32378.2099609375 12439.951171875 20763.777167069285 76
100 1.7 22401.577938304228 3937.3781365787286 32378.2099609375 12439.951171875 20824.740381447667 83
110 1.1 22740.913130326706 3465.4150581115887 32378.2099609375 12439.951171875 21092.80276611328 100
120 2 22411.197900390624 3667.2585003496592 32378.2099609375 12439.951171875 21256.12901842272 111
130 1.2 22351.351338704426 3998.032362177784 32378.2099609375 12439.951171875 21432.47541261629 131
140 1.1 24202.85664506392 4353.9764171959 32981.35498046875 12439.951171875 21509.583881938375 143
150 1.3 27010.18659855769 3478.938842762866 33318.781005859375 12439.951171875 21701.960507875912 154
160 1.1 30607.461647727272 2467.2811920454756 34910.587158203125 12439.951171875 22115.175712539763 167
170 0.7 38081.44660295759 2672.717789814176 43194.381103515625 12439.951171875 22639.979899545735 178
180 1.3 41541.40792142428 2702.507925070915 46693.925048828125 12439.951171875 23224.251612647804 185
190 0.7 49841.67051478795 2793.445332329752 54423.15283203125 12439.951171875 24426.893188476563 198
200 1.1 50159.02991832386 3151.762190210853 55728.0087890625 12439.951171875 25294.714853277437 205
210 1.6 55703.93257141113 4101.46262157258 62655.7451171875 12439.951171875 26560.953120478876 216
220 1.9 58375.48545435855 4331.64398450747 66522.38403320313 12439.951171875 28570.81377226731 232
230 2.6 55071.58291391226 9019.645764001792 68719.95703125 12439.951171875 30826.944298003298 251
240 3.9 50337.97873472556 10574.844583008395 74660.57592773438 12439.951171875 33102.614348594034 277
250 5.7 50464.687183045506 10318.555073709564 74660.57592773438 12439.951171875 35229.763750679886 316
260 5.8 46496.40140086207 11400.92728869228 74660.57592773438 12439.951171875 37557.88877921833 373
270 4.4 42046.51005415482 9171.73422857053 74660.57592773438 12439.951171875 38760.7512665857 431
280 6.2 38899.59174568421 7795.748846566575 74660.57592773438 12439.951171875 39065.116291118415 475
290 5.6 39340.18181065151 9909.108924711263 81129.15307617188 12439.951171875 39046.005449746124 537
300 4.3 40495.45071765989 6452.866438421345 81129.15307617188 12439.951171875 39073.78601671189 593
310 7 39216.02256556919 8833.968239827009 81129.15307617188 12439.951171875 39169.90485655586 636
320 10.5 33111.371398344476 8768.535763485272 81129.15307617188 12439.951171875 39174.47743393679 706
330 9.7 31410.51563255074 7524.748054513105 81129.15307617188 12439.951171875 38389.48836644333 811
340 11 29739.665569513494 6687.180445225446 81129.15307617188 12439.951171875 37643.93731447463 908
350 11.5 29860.669412364132 6894.858808493273 81129.15307617188 12439.951171875 36789.84115342775 1018
360 9.2 31645.438986073368 6048.220482461016 81129.15307617188 12439.951171875 36086.52716382288 1133
370 9.5 31074.624403782895 7209.549032261482 81129.15307617188 12439.951171875 35752.99237822863 1225
380 11.5 28914.240024201765 6581.731903180472 81129.15307617188 12439.951171875 35416.29165279504 1320
390 14.1 28308.703815866025 7207.3583587880985 81129.15307617188 12439.951171875 34895.22131322136 1435
400 16.7 27318.68027372989 6488.380692677227 81129.15307617188 11923.902099609375 34305.94531885137 1576
410 16.3 27639.76598297307 6213.036099613919 81129.15307617188 11923.902099609375 33636.4827471157 1743
420 15.8 26782.343063933928 5890.155432435596 81129.15307617188 11923.902099609375 33123.64705322522 1906
430 12.2 28995.387783363218 6185.387354484496 81129.15307617188 11923.902099609375 32638.217774975208 2064
440 8.5 32176.269985064337 5912.286907426242 81129.15307617188 11923.902099609375 32434.912532991373 2186
450 11.2 37481.61054774692 4253.583416432886 81129.15307617188 11923.902099609375 32425.23194445161 2271
458 1.6 43276.13848876953 2825.3479433825246 81129.15307617188 11923.902099609375 32662.879616952272 2383
