0 152.0265625 152.0265625
10 568.2453125 720.271875
20 1033.96796875 1754.23984375
30 930.659375 2684.89921875
40 845.00859375 3529.9078125
50 906.24921875 4436.15703125
60 756.61484375 5192.771875
70 1097.68984375 6290.46171875
80 1091.28515625 7381.746875
90 1179.42265625 8561.16953125
100 1208.87265625 9770.0421875
110 1385.9 11155.9421875
120 1351.340625 12507.2828125
130 1154.91328125 13662.19609375
140 1355.6390625 15017.83515625
150 1342.2046875 16360.03984375
160 1247.8234375 17607.86328125
170 1235.23203125 18843.0953125
180 1564.628125 20407.7234375
190 1065.75234375 21473.47578125
200 1021.290625 22494.76640625
210 1308.42890625 23803.1953125
220 1380.78671875 25183.98203125
230 1548.76484375 26732.746875
240 1709.7484375 28442.4953125
250 1755.49296875 30197.98828125
260 1682.5859375 31880.57421875
270 1753.646875 33634.22109375
280 1945.21796875 35579.4390625
290 1766.96015625 37346.39921875
300 1830.9375 39177.33671875
310 2145.6125 41322.94921875
320 2262.51640625 43585.465625
330 2330.240625 45915.70625
340 2279.634375 48195.340625
350 2192.0953125 50387.4359375
360 2245.8515625 52633.2875
370 2251.92734375 54885.21484375
380 2363.503125 57248.71796875
390 2648.5984375 59897.31640625
400 2423.72890625 62321.0453125
410 2544.34453125 64865.38984375
420 2657.015625 67522.40546875
430 2825.11015625 70347.515625
440 2580.40546875 72927.92109375
450 2042.825 74970.74609375
458 213.83984375 75184.5859375
