0 16.53359375 16.53359375
10 53.89921875 70.4328125
20 97.53046875 167.96328125
30 88.72421875 256.6875
40 78.065625 334.753125
50 85.8109375 420.5640625
60 71.7984375 492.3625
70 102.98984375 595.35234375
80 103.92734375 699.2796875
90 110.31875 809.5984375
100 113.9296875 923.528125
110 132.1015625 1055.6296875
120 125.79921875 1181.42890625
130 112.63046875 1294.059375
140 129.73671875 1423.79609375
150 130.86484375 1554.6609375
160 125.93671875 1680.59765625
170 122.3984375 1802.99609375
180 142.53203125 1945.528125
190 119.62578125 2065.15390625
200 137.29609375 2202.45
210 207.81015625 2410.26015625
220 276.49453125 2686.7546875
230 277.12578125 2963.88046875
240 356.5046875 3320.38515625
250 374.2921875 3694.67734375
260 374.8515625 4069.52890625
270 412.50546875 4482.034375
280 395.99296875 4878.02734375
290 388.609375 5266.63671875
300 468.31875 5734.95546875
310 595.55625 6330.51171875
320 703.55625 7034.06796875
330 673.6984375 7707.76640625
340 688.2171875 8395.98359375
350 641.709375 9037.69296875
360 607.809375 9645.50234375
370 716.58046875 10362.0828125
380 836.8078125 11198.890625
390 920.35078125 12119.24140625
400 889.31953125 13008.5609375
410 931.68125 13940.2421875
420 825.10546875 14765.34765625
430 549.5890625 15314.93671875
440 264.78984375 15579.7265625
450 146.15234375 15725.87890625
458 18.1 15743.97890625
