0 1.2 12
10 0.9 21
20 0.9 30
30 1.3 43
40 1.2 55
50 0.5 60
60 1.4 74
70 1.5 89
80 1.2 101
90 1.5 116
100 1.9 135
110 1.5 150
120 1.2 162
130 2.5 187
140 1.9 206
150 2.1 227
160 2.5 252
170 1.8 270
180 2.2 292
190 3.8 330
200 3.5 365
210 4.1 406
220 3.3 439
230 3.9 478
240 4.5 523
250 6.4 587
260 5.8 645
270 4.9 694
280 5.7 751
290 6.5 816
300 10 916
310 10.7 1023
320 11.3 1136
330 10 1236
340 9.2 1328
350 10.4 1432
360 11.8 1550
370 15 1700
380 15.9 1859
390 17.4 2033
400 14.5 2178
410 17.4 2352
420 4.7 2399
430 0 2399
440 0 2399
450 0 2399
458 0 2399
