0 12 12
10 20 20
20 22 25
30 21 25
40 25 25
50 19 29
60 23 29
70 28 29
80 25 29
90 33 33
100 35 37
110 39 40
120 31 40
130 44 44
140 52 52
150 60 60
160 74 74
170 85 88
180 94 95
190 125 125
200 149 149
210 174 174
220 188 189
230 201 202
240 207 213
250 214 218
260 214 218
270 219 224
280 214 224
290 223 224
300 280 280
310 317 325
320 325 329
330 328 337
340 310 337
350 299 337
360 325 337
370 380 384
380 424 429
390 457 464
400 435 464
410 446 464
420 335 464
430 213 464
440 128 464
450 16 464
458 0 464
