0 3 30
10 2.4 54
20 4.7 101
30 4.3 144
40 4.4 188
50 2.4 212
60 4.9 261
70 6.9 330
80 5.8 388
90 7.2 460
100 5.8 518
110 2.4 542
120 6.2 604
130 7.7 681
140 8.9 770
150 5.1 821
160 6.1 882
170 8 962
180 11.9 1081
190 13.6 1217
200 14.3 1360
210 14.8 1508
220 14.1 1649
230 15.5 1804
240 20.7 2011
250 23.3 2244
260 21.6 2460
270 18.1 2641
280 16 2801
290 19 2991
300 22.5 3216
310 24.1 3457
320 21.1 3668
330 15 3818
340 20.5 4023
350 19 4213
360 17.6 4389
370 21.4 4603
380 27.4 4877
390 20.1 5078
400 19.4 5272
410 21.7 5489
420 27.3 5762
430 20.6 5968
440 17.2 6140
450 9 6230
460 3.6 6266
463 0.2 6268
