0 1.1 15.827237215909092 38.04742627128449 135.375 1.365966796875 0 0
10 1 1.599072265625 0.30728512816288683 135.375 1.240966796875 15.827237215909092 11
20 0.6 1.6393636067708333 0.23503445639300724 135.375 1.240966796875 9.051920572916666 21
30 1.2 1.7572835286458333 0.32446232165703 135.375 1.240966796875 7.404685691550926 27
40 1.1 1.6485262784090908 0.25928694185437606 135.375 1.240966796875 5.667023487580129 39
50 0.5 1.88681640625 0.36348649984526693 135.375 1.22900390625 4.782954101562501 50
60 1.8 2.3865559895833335 2.4852535525759194 135.375 1.22900390625 4.519668856534091 55
70 1.2 1.8793538411458333 0.6658096653798288 135.375 1.16796875 3.9936958208476026 73
80 2.2 1.8484108664772727 0.7565636714048404 135.375 1.16796875 3.6952004825367646 85
90 1.4 2.0687953404017856 1.2234506683203685 135.375 1.051025390625 3.3154867297021027 107
100 0.9 1.880859375 0.6033917862061077 135.375 1.051025390625 3.1712414449896693 121
110 0.8 1.73193359375 0.2949291000996969 135.375 1.051025390625 3.0819073016826923 130
120 1.7 2.380816291360294 1.9801429602465848 135.375 1.031982421875 3.00364795629529 138
130 2.2 2.017722389914773 1.1941517894496272 135.375 1.031982421875 2.935337386592742 155
140 2.1 1.7205054873511905 0.39089578321413243 135.375 1.031982421875 2.82128354519774 177
150 1.2 1.6274617513020833 0.32690445578111255 135.375 1.031982421875 2.7045343572443183 198
160 1.8 1.8093668619791667 0.4981761905777159 135.375 1.031982421875 2.642987351190476 210
170 2 1.85986328125 0.7717787902733522 135.375 1.031982421875 2.577175207305373 228
180 3.6 4.521233452690973 11.612600696234308 135.375 0.986083984375 2.5193274713331655 248
190 3.9 2.1152406350160255 1.506526237212324 135.375 0.986083984375 2.7730902013644365 284
200 3 1.8314778645833334 0.5777788034097826 135.375 0.986083984375 2.693659448771285 323
210 3.5 1.901478794642857 0.9358052918743308 135.375 0.986083984375 2.620386226319051 353
220 4.2 2.959885370163691 3.9754681806507355 135.375 0.986083984375 2.5555363291317654 388
230 3.6 1.7187025282118056 0.36647629826038 135.375 0.986083984375 2.595030886627907 430
240 6.5 2.5789212740384615 3.0985594351710612 135.375 0.986083984375 2.527331700140826 466
250 6 1.9615112304687492 1.2315224001072804 135.375 0.986083984375 2.5336468080567327 531
260 5.7 2.157068085252193 1.919167893855832 135.375 0.98486328125 2.475561977844755 591
270 4.8 1.9684651692708333 0.9265838212284624 135.375 0.98486328125 2.4475463113667058 648
280 5.6 2.045170375279018 1.3242736210979345 135.375 0.98486328125 2.414506232601473 696
290 6 1.845475260416667 0.6738226905886184 135.375 0.969970703125 2.3870024985455456 752
300 9.3 2.1843681745631724 2.844435493623944 135.375 0.969970703125 2.346988170604988 812
310 9.2 1.9998036260190226 1.3112645624634605 135.375 0.969970703125 2.330276944492404 905
320 8.9 1.7585504081811798 0.5386845142646758 135.375 0.969970703125 2.2997819141016804 997
330 10.7 1.9765168662383177 1.2776588881016528 135.375 0.969970703125 2.255426845936925 1086
340 9.7 2.003158726643042 0.886767274666757 135.375 0.969970703125 2.2304114496018443 1193
350 10.8 1.8616061740451388 0.9332868570026623 135.375 0.969970703125 2.213323454154555 1290
360 14.4 2.855907864040799 6.199345775578933 135.375 0.969970703125 2.1861521621289346 1398
370 15.8 1.7439861056170887 0.6711499315853832 135.375 0.969970703125 2.2486974416849064 1542
380 15.8 1.7387448081487342 0.5737493126972796 135.375 0.969970703125 2.201788976332721 1700
390 15.4 1.7128208705357142 0.751725980366217 135.375 0.951904296875 2.162412776885428 1858
400 16.7 1.7426567762911678 0.9466740533586687 135.375 0.951904296875 2.1280006727214835 2012
410 16.1 1.8204201644992235 1.0924650315353335 135.375 0.951904296875 2.098467661843162 2179
420 4.5 2.24248046875 3.50969938373838 135.375 0.951904296875 2.0793370434361647 2340
430 0 0 0 135.375 0.951904296875 2.082415221272275 2385
440 0 0 0 135.375 0.951904296875 2.082415221272275 2385
450 0 0 0 135.375 0.951904296875 2.082415221272275 2385
460 0 0 0 135.375 0.951904296875 2.082415221272275 2385
463 0 0 0 135.375 0.951904296875 2.082415221272275 2385
