0 0.1 3.2074083159573163 0 3.2074083159573163 3.2074083159573163 0 0
10 0.1 2.75049115913556 0.0 3.2074083159573163 2.75049115913556 3.2074083159573163 1
20 0.1 1.1846001974333662 0.0 3.2074083159573163 1.1846001974333662 2.978949737546438 2
30 0.1 1.7733990147783252 0.0 3.2074083159573163 1.1846001974333662 2.380833224175414 3
40 0.1 1.8700787401574805 0.0 3.2074083159573163 1.1846001974333662 2.228974671826142 4
50 0.1 1.3861386138613863 0.0 3.2074083159573163 1.1846001974333662 2.1571954854924096 5
60 0.1 1.282051282051282 0.0 3.2074083159573163 1.1846001974333662 2.0286860068872388 6
70 0.1 1.6798418972332017 0.0 3.2074083159573163 1.1846001974333662 1.922023903339245 7
80 0.1 1.5857284440039643 0.0 3.2074083159573163 1.1846001974333662 1.8917511525759896 8
90 0.1 2.0710059171597637 0.0 3.2074083159573163 1.1846001974333662 1.8577486294013201 9
100 0.1 2.263779527559055 0.0 3.2074083159573163 1.1846001974333662 1.8790743581771643 10
110 0.1 1.5810276679841897 0.0 3.2074083159573163 1.1846001974333662 1.9140475553937 11
120 0.1 1.9627085377821394 0.0 3.2074083159573163 1.1846001974333662 1.886295898109574 12
130 0.1 1.7786561264822136 0.0 3.2074083159573163 1.1846001974333662 1.8921737934690022 13
140 0.1 2.075098814229249 0.0 3.2074083159573163 1.1846001974333662 1.8840653886842316 14
150 0.1 2.270483711747285 0.0 3.2074083159573163 1.1846001974333662 1.896800950387233 15
160 0.1 1.5810276679841897 0.0 3.2074083159573163 1.1846001974333662 1.9201561229722361 16
170 0.1 1.8756169792694966 0.0 3.2074083159573163 1.1846001974333662 1.9002073903258805 17
180 0.1 2.551521099116781 0.0 3.2074083159573163 1.1846001974333662 1.8988412563783035 18
190 0.1 2.967359050445104 0.0 3.2074083159573163 1.1846001974333662 1.93319282704875 19
200 0.1 3.057199211045365 0.0 3.2074083159573163 1.1846001974333662 1.9849011382185675 20
210 0.1 2.8627838104639687 0.0 3.2074083159573163 1.1846001974333662 2.03596295121032 21
220 0.1 3.343166175024582 0.0 3.343166175024582 1.1846001974333662 2.073545717540031 22
230 0.1 3.3497536945812803 0.0 3.3497536945812803 1.1846001974333662 2.128746606995881 23
240 0.1 3.645320197044335 0.0 3.645320197044335 1.1846001974333662 2.1796219023119394 24
250 0.1 4.724409448818897 0.0 4.724409448818897 1.1846001974333662 2.238249834101235 25
260 0.1 3.842364532019704 0.0 4.724409448818897 1.1846001974333662 2.3338713577442216 26
270 0.1 4.437869822485207 0.0 4.724409448818897 1.1846001974333662 2.38974147530998 27
280 0.1 3.8348082595870205 0.0 4.724409448818897 1.1846001974333662 2.462888916280524 28
290 0.1 3.652517275419546 0.0 4.724409448818897 1.1846001974333662 2.510196479842817 29
300 0.1 4.808635917566241 0.0 4.808635917566241 1.1846001974333662 2.5482738396953746 30
310 0.1 5.905511811023622 0.0 5.905511811023622 1.1846001974333662 2.621188745433144 31
320 0.1 5.024630541871921 0.0 5.905511811023622 1.1846001974333662 2.7238238412328464 32
330 0.1 5.506391347099312 0.0 5.905511811023622 1.1846001974333662 2.793545256403727 33
340 0.1 6.090373280943026 0.0 6.090373280943026 1.1846001974333662 2.8733348473065385 34
350 0.1 6.974459724950884 0.0 6.974459724950884 1.1846001974333662 2.965250231124724 35
360 0.1 7.953443258971872 0.0 7.953443258971872 1.1846001974333662 3.076617161508784 36
370 0.1 9.33852140077821 0.0 9.33852140077821 1.1846001974333662 3.2084232722510295 37
380 0.1 8.062930186823992 0.0 9.33852140077821 1.1846001974333662 3.3697416440543764 38
390 0.1 9.250243427458617 0.0 9.33852140077821 1.1846001974333662 3.4900798118177 39
400 0.1 9.4541910331384 0.0 9.4541910331384 1.1846001974333662 3.6340839022087232 40
410 0.1 9.53307392996109 0.0 9.53307392996109 1.1846001974333662 3.776037734670423 41
420 0.1 8.155339805825243 0.0 9.53307392996109 1.1846001974333662 3.9131100250344866 42
430 0.1 3.0784508440913605 0.0 9.53307392996109 1.1846001974333662 4.011766531564504 43
440 0.1 2.8599605522682445 0.0 9.53307392996109 1.1846001974333662 3.99055481139466 44
450 0.1 2.0792079207920793 0.0 9.53307392996109 1.1846001974333662 3.965430494525184 45
460 0.1 1.0880316518298714 0.0 9.53307392996109 1.0880316518298714 3.9244256559657686 46
