0 0.4 4
10 0.4 8
20 1.4 22
30 1.2 34
40 0.9 43
50 0.8 51
60 0.8 59
70 2.1 80
80 0.8 88
90 2.1 109
100 2 129
110 0.3 132
120 1.5 147
130 1.9 166
140 2.1 187
150 1.3 200
160 1.3 213
170 2.1 234
180 2.2 256
190 3.1 287
200 4.2 329
210 3.5 364
220 3.1 395
230 4.1 436
240 4.5 481
250 5.5 536
260 5.1 587
270 4.7 634
280 3.5 669
290 3.6 705
300 5.3 758
310 3.4 792
320 5.6 848
330 7.2 920
340 8.6 1006
350 11.1 1117
360 12.5 1242
370 14.4 1386
380 16 1546
390 16.1 1707
400 16.3 1870
410 17.4 2044
420 9.3 2137
430 6.6 2203
440 7.6 2279
450 7.1 2350
460 3.3 2383
463 0.2 2385
