0 0.1 3162.03125 0 3162.03125 3162.03125 0 0
10 0.1 3159.9765625 0.0 3162.03125 3159.9765625 3162.03125 1
20 0.1 3159.37890625 0.0 3162.03125 3159.37890625 3161.00390625 2
30 0.1 3158.5390625 0.0 3162.03125 3158.5390625 3160.4622395833335 3
40 0.1 3158.4296875 0.0 3162.03125 3158.4296875 3159.9814453125 4
50 0.1 3158.46875 0.0 3162.03125 3158.4296875 3159.67109375 5
60 0.1 3158.4453125 0.0 3162.03125 3158.4296875 3159.470703125 6
70 0.1 3158.08984375 0.0 3162.03125 3158.08984375 3159.32421875 7
80 0.1 3156.99609375 0.0 3162.03125 3156.99609375 3159.169921875 8
90 0.1 3157.17578125 0.0 3162.03125 3156.99609375 3158.9283854166665 9
100 0.1 3156.546875 0.0 3162.03125 3156.546875 3158.753125 10
110 0.1 3156.91796875 0.0 3162.03125 3156.546875 3158.552556818182 11
120 0.1 3156.80859375 0.0 3162.03125 3156.546875 3158.4163411458335 12
130 0.1 3156.6953125 0.0 3162.03125 3156.546875 3158.292668269231 13
140 0.1 3156.703125 0.0 3162.03125 3156.546875 3158.1785714285716 14
150 0.1 3156.81640625 0.0 3162.03125 3156.546875 3158.0802083333333 15
160 0.1 3156.875 0.0 3162.03125 3156.546875 3158.001220703125 16
170 0.1 3156.8671875 0.0 3162.03125 3156.546875 3157.9349724264707 17
180 0.1 3156.89453125 0.0 3162.03125 3156.546875 3157.8756510416665 18
190 0.1 3154.9375 0.0 3162.03125 3154.9375 3157.8240131578946 19
200 0.1 3153.37109375 0.0 3162.03125 3153.37109375 3157.6796875 20
210 0.1 3153.41015625 0.0 3162.03125 3153.37109375 3157.4745163690477 21
220 0.1 3153.421875 0.0 3162.03125 3153.37109375 3157.2897727272725 22
230 0.1 3153.27734375 0.0 3162.03125 3153.27734375 3157.1216032608695 23
240 0.1 3153.15625 0.0 3162.03125 3153.15625 3156.96142578125 24
250 0.1 3150.12109375 0.0 3162.03125 3150.12109375 3156.80921875 25
260 0.1 3149.87109375 0.0 3162.03125 3149.87109375 3156.551983173077 26
270 0.1 3149.61328125 0.0 3162.03125 3149.61328125 3156.304542824074 27
280 0.1 3149.015625 0.0 3162.03125 3149.015625 3156.0655691964284 28
290 0.1 3147.55859375 0.0 3162.03125 3147.55859375 3155.822467672414 29
300 0.1 3144.8671875 0.0 3162.03125 3144.8671875 3155.5470052083333 30
310 0.1 3139.73828125 0.0 3162.03125 3139.73828125 3155.2024949596776 31
320 0.1 3135.05859375 0.0 3162.03125 3135.05859375 3154.71923828125 32
330 0.1 3130.33203125 0.0 3162.03125 3130.33203125 3154.1234611742425 33
340 0.1 3128.36328125 0.0 3162.03125 3128.36328125 3153.423713235294 34
350 0.1 3127.125 0.0 3162.03125 3127.125 3152.7077008928572 35
360 0.1 3126.55859375 0.0 3162.03125 3126.55859375 3151.9970703125 36
370 0.1 3125.8671875 0.0 3162.03125 3125.8671875 3151.3095439189187 37
380 0.1 3125.4296875 0.0 3162.03125 3125.4296875 3150.640008223684 38
390 0.1 3124.89453125 0.0 3162.03125 3124.89453125 3149.99358974359 39
400 0.1 3124.6796875 0.0 3162.03125 3124.6796875 3149.36611328125 40
410 0.1 3124.671875 0.0 3162.03125 3124.671875 3148.7640053353657 41
420 0.1 3124.4921875 0.0 3162.03125 3124.4921875 3148.190383184524 42
430 0.1 3124.2578125 0.0 3162.03125 3124.2578125 3147.6392623546512 43
440 0.1 3124.296875 0.0 3162.03125 3124.2578125 3147.1078657670455 44
450 0.1 3125.75 0.0 3162.03125 3124.2578125 3146.600954861111 45
460 0.1 3126.0625 0.0 3162.03125 3124.2578125 3146.1476732336955 46
