0 0.1 0.01171875 0 0.01171875 0.01171875 0 0
10 0.1 0.0 0.0 0.01171875 0.0 0.01171875 1
20 0.1 0.0 0.0 0.01171875 0.0 0.005859375 2
30 0.1 0.0 0.0 0.01171875 0.0 0.00390625 3
40 0.1 0.0 0.0 0.01171875 0.0 0.0029296875 4
50 0.1 0.0 0.0 0.01171875 0.0 0.00234375 5
60 0.1 0.0 0.0 0.01171875 0.0 0.001953125 6
70 0.1 0.078125 0.0 0.078125 0.0 0.0016741071428571428 7
80 0.1 0.0703125 0.0 0.078125 0.0 0.01123046875 8
90 0.1 0.05859375 0.0 0.078125 0.0 0.017795138888888888 9
100 0.1 0.05078125 0.0 0.078125 0.0 0.021875 10
110 0.1 0.0390625 0.0 0.078125 0.0 0.024502840909090908 11
120 0.1 0.0390625 0.0 0.078125 0.0 0.025716145833333332 12
130 0.1 0.03125 0.0 0.078125 0.0 0.02674278846153846 13
140 0.1 0.109375 0.0 0.109375 0.0 0.027064732142857144 14
150 0.1 0.171875 0.0 0.171875 0.0 0.032552083333333336 15
160 0.1 0.140625 0.0 0.171875 0.0 0.041259765625 16
170 0.1 0.12109375 0.0 0.171875 0.0 0.047104779411764705 17
180 0.1 0.1015625 0.0 0.171875 0.0 0.051215277777777776 18
190 0.1 0.08984375 0.0 0.171875 0.0 0.053865131578947366 19
200 0.1 0.1484375 0.0 0.171875 0.0 0.0556640625 20
210 0.1 0.12109375 0.0 0.171875 0.0 0.06008184523809524 21
220 0.1 0.109375 0.0 0.171875 0.0 0.06285511363636363 22
230 0.1 0.08984375 0.0 0.171875 0.0 0.06487771739130435 23
240 0.1 0.078125 0.0 0.171875 0.0 0.06591796875 24
250 0.1 0.05859375 0.0 0.171875 0.0 0.06640625 25
260 0.1 0.05078125 0.0 0.171875 0.0 0.06610576923076923 26
270 0.1 0.05078125 0.0 0.171875 0.0 0.06553819444444445 27
280 0.1 0.0390625 0.0 0.171875 0.0 0.06501116071428571 28
290 0.1 0.03125 0.0 0.171875 0.0 0.06411637931034483 29
300 0.1 0.03125 0.0 0.171875 0.0 0.06302083333333335 30
310 0.1 0.01953125 0.0 0.171875 0.0 0.0619959677419355 31
320 0.1 0.01953125 0.0 0.171875 0.0 0.060668945312500014 32
330 0.1 0.01953125 0.0 0.171875 0.0 0.0594223484848485 33
340 0.1 0.01171875 0.0 0.171875 0.0 0.058249080882352956 34
350 0.1 0.01171875 0.0 0.171875 0.0 0.05691964285714287 35
360 0.1 0.01171875 0.0 0.171875 0.0 0.055664062500000014 36
370 0.1 0.01171875 0.0 0.171875 0.0 0.054476351351351364 37
380 0.1 0.01171875 0.0 0.171875 0.0 0.053351151315789484 38
390 0.1 0.01171875 0.0 0.171875 0.0 0.052283653846153855 39
400 0.1 0.01171875 0.0 0.171875 0.0 0.051269531250000014 40
410 0.1 0.0 0.0 0.171875 0.0 0.0503048780487805 41
420 0.1 0.0 0.0 0.171875 0.0 0.04910714285714287 42
430 0.1 0.0 0.0 0.171875 0.0 0.047965116279069776 43
440 0.1 0.0 0.0 0.171875 0.0 0.04687500000000001 44
450 0.1 0.0 0.0 0.171875 0.0 0.045833333333333344 45
460 0.1 0.0 0.0 0.171875 0.0 0.04483695652173914 46
