10 0.1 275 0 275 275 0 0
20 0.1 262.0 0.0 275 262 275.0 1
30 0.1 421.0 0.0 421 262 268.5 2
40 0.1 373.0 0.0 421 262 319.3333333333333 3
50 0.1 414.0 0.0 421 262 332.75 4
60 0.1 191.0 0.0 421 191 349.0 5
70 0.1 464.0 0.0 464 191 322.6666666666667 6
80 0.1 615.0 0.0 615 191 342.85714285714283 7
90 0.1 568.0 0.0 615 191 376.875 8
100 0.1 635.0 0.0 635 191 398.1111111111111 9
110 0.1 436.0 0.0 635 191 421.8 10
120 0.1 264.0 0.0 635 191 423.09090909090907 11
130 0.1 593.0 0.0 635 191 409.8333333333333 12
140 0.1 687.0 0.0 687 191 423.9230769230769 13
150 0.1 764.0 0.0 764 191 442.7142857142857 14
160 0.1 458.0 0.0 764 191 464.1333333333333 15
170 0.1 565.0 0.0 764 191 463.75 16
180 0.1 681.0 0.0 764 191 469.70588235294116 17
190 0.1 1218.0 0.0 1218 191 481.44444444444446 18
200 0.1 1335.0 0.0 1335 191 520.2105263157895 19
210 0.1 1266.0 0.0 1335 191 560.95 20
220 0.1 1263.0 0.0 1335 191 594.5238095238095 21
230 0.1 1367.0 0.0 1367 191 624.9090909090909 22
240 0.1 1542.0 0.0 1542 191 657.1739130434783 23
250 0.1 2070.0 0.0 2070 191 694.0416666666666 24
260 0.1 1783.0 0.0 2070 191 749.08 25
270 0.1 2141.0 0.0 2141 191 788.8461538461538 26
280 0.1 1575.0 0.0 2141 191 838.925925925926 27
290 0.1 1605.0 0.0 2141 191 865.2142857142857 28
300 0.1 1839.0 0.0 2141 191 890.7241379310345 29
310 0.1 2264.0 0.0 2264 191 922.3333333333334 30
320 0.1 2144.0 0.0 2264 191 965.6129032258065 31
330 0.1 1906.0 0.0 2264 191 1002.4375 32
340 0.1 2136.0 0.0 2264 191 1029.8181818181818 33
350 0.1 2448.0 0.0 2448 191 1062.3529411764705 34
360 0.1 2416.0 0.0 2448 191 1101.942857142857 35
370 0.1 2648.0 0.0 2648 191 1138.4444444444443 36
380 0.1 3202.0 0.0 3202 191 1179.2432432432433 37
390 0.1 2938.0 0.0 3202 191 1232.4736842105262 38
400 0.1 2747.0 0.0 3202 191 1276.2051282051282 39
410 0.1 2966.0 0.0 3202 191 1312.975 40
420 0.1 2973.0 0.0 3202 191 1353.2926829268292 41
430 0.1 1948.0 0.0 3202 191 1391.857142857143 42
440 0.1 1820.0 0.0 3202 191 1404.7906976744187 43
450 0.1 1246.0 0.0 3202 191 1414.2272727272727 44
460 0.1 425.0 0.0 3202 191 1410.4888888888888 45
