0 3 172.92111002604167 272.89739154001546 1141.625 8.884033203125 0 0
10 2.4 2269.127187093099 2785.8968636514924 7422.283935546875 8.884033203125 172.92111002604167 30
20 4.7 560.6922581449468 1038.3713971369089 7422.283935546875 8.884033203125 1104.5682553891781 54
30 4.3 65.52485124454942 69.69486383657623 7422.283935546875 8.884033203125 851.4774447903775 101
40 4.4 193.86856911399144 579.1300510063102 7422.283935546875 8.884033203125 616.7832675509983 144
50 2.4 77.94736735026041 90.51262078739543 7422.283935546875 8.884033203125 517.8032317465925 188
60 4.9 64.09893176020408 80.94710347049217 7422.283935546875 8.884033203125 468.0082282300266 212
70 6.9 163.13745471014488 403.6537779569325 7422.283935546875 8.47509765625 392.17851356710975 261
80 5.8 85.22284566945044 99.00268268083337 7422.283935546875 8.47509765625 344.2881103515625 330
90 7.2 172.25402153862848 443.1292872183015 7422.283935546875 8.47509765625 305.5618594454736 388
100 5.8 131.78519834321122 211.6965956994541 7422.283935546875 8.47509765625 284.6962848165761 460
110 2.4 88.75954182942708 118.92285639803373 7422.283935546875 8.47509765625 267.5749662539214 518
120 6.2 59.15489541330645 52.060155111402715 7422.283935546875 8.47509765625 259.65694008014304 542
130 7.7 77.02846616274348 84.87263394107309 7422.283935546875 8.47509765625 239.07560436930882 604
140 8.9 102.73349719101124 116.95790835763881 7422.283935546875 8.47509765625 220.7530938819292 681
150 5.1 85.24668255974261 93.87770082250202 7422.283935546875 8.47509765625 207.111867770901 770
160 6.1 154.15839123335041 395.0757141015049 7422.283935546875 8.47509765625 199.54167965181566 821
170 8 88.70496520996095 91.82986371303518 7422.283935546875 8.47509765625 196.40292614441614 882
180 11.9 152.13615661108193 202.21441682311936 7422.283935546875 7.906005859375 187.44675475693546 962
190 13.6 612.5220031738281 1320.0809616129598 7422.283935546875 7.906005859375 183.55964913310885 1081
200 14.3 383.29138610413014 901.457228924769 9254.010009765625 7.906005859375 231.49628031596652 1217
210 14.7 227.30872993728747 1078.0332489458083 12442.571044921875 7.906005859375 247.45708923339845 1360
220 14.2 284.9476318359375 543.9803780541756 12442.571044921875 7.906005859375 245.49172173736108 1507
230 15.5 561.6566138482862 1623.4797873870032 14891.73388671875 7.906005859375 248.8893804602221 1649
240 20.7 498.68708012530186 613.3011631438585 14891.73388671875 7.906005859375 275.7623966326999 1804
250 23.2 823.3134933997846 901.1454793150464 14891.73388671875 7.906005859375 298.7088956297007 2011
260 21.7 1280.3937459497402 1585.6261034401755 17174.407958984375 7.906005859375 352.9702717699858 2243
270 18.1 1499.809450265452 1111.2550376482113 17174.407958984375 7.906005859375 434.77957823218367 2460
280 16 2492.7329849243165 1495.266000394937 17174.407958984375 7.906005859375 507.771023456728 2641
290 19 3234.994039113898 2819.451883227968 24577.698974609375 7.906005859375 621.1569262895785 2801
300 22.4 3611.2016350882395 2588.7900196047394 24577.698974609375 7.906005859375 787.1980668568204 2991
310 24.1 4455.329560465836 2026.5829375473772 26010.139892578125 7.906005859375 983.9560137569256 3215
320 26.5 5596.035213369693 3204.020318760153 26010.139892578125 1.358154296875 1226.0280695314764 3456
330 34.4 4736.5575575717685 5529.5355675673045 27830.44921875 1.358154296875 1537.2486804202501 3721
340 42.5 5678.4487207031225 6069.209631384632 27863.294921875 1.358154296875 1807.9897022505386 4065
350 43.7 4536.135306980295 5184.690415783431 27863.294921875 1.358154296875 2174.347181725449 4490
360 54.3 3624.3812937025214 5499.488651623117 33313.048095703125 1.358154296875 2383.8258524655275 4927
370 58.7 4191.8560343909685 5754.073114781882 33313.048095703125 1.358154296875 2506.974226248286 5470
380 62.9 3415.1958702584716 4079.8565078843394 33313.048095703125 1.358154296875 2670.260609173786 6057
390 62 2983.4071151241187 4440.258649774296 33313.048095703125 1.358154296875 2740.342014980288 6686
400 69.7 3237.3179912375567 5317.552225902285 33313.048095703125 1.358154296875 2760.968946555592 7306
410 63.4 3541.642114488859 5081.189438748991 33313.048095703125 1.358154296875 2802.4552996910825 8003
420 39.4 5583.60778808594 3774.2528018609537 33313.048095703125 1.358154296875 2856.715394698816 8637
430 20.9 9026.280634391822 1725.0611270860006 33313.048095703125 1.358154296875 2975.682906933843 9031
440 17.2 9026.29647188409 1221.3296223442624 33313.048095703125 1.358154296875 3112.5416650549164 9240
450 9 7561.6566162109375 4412.725095908602 33313.048095703125 1.358154296875 3220.6128323705366 9412
460 3.6 12565.533413357205 5676.667922227301 33313.048095703125 1.358154296875 3261.7298541076066 9502
463 0.2 14341.06298828125 7982.6171875 33313.048095703125 1.358154296875 3296.8459086403163 9538
