10 0.1 239 0 239 239 0 0
20 0.1 235.0 0.0 239 235 239.0 1
30 0.1 351.0 0.0 351 235 237.0 2
40 0.1 343.0 0.0 351 235 275.0 3
50 0.1 347.0 0.0 351 235 292.0 4
60 0.1 153.0 0.0 351 153 303.0 5
70 0.1 409.0 0.0 409 153 278.0 6
80 0.1 561.0 0.0 561 153 296.7142857142857 7
90 0.1 517.0 0.0 561 153 329.75 8
100 0.1 560.0 0.0 561 153 350.55555555555554 9
110 0.1 383.0 0.0 561 153 371.5 10
120 0.1 230.0 0.0 561 153 372.54545454545456 11
130 0.1 514.0 0.0 561 153 360.6666666666667 12
140 0.1 613.0 0.0 613 153 372.46153846153845 13
150 0.1 668.0 0.0 668 153 389.64285714285717 14
160 0.1 398.0 0.0 668 153 408.2 15
170 0.1 489.0 0.0 668 153 407.5625 16
180 0.1 585.0 0.0 668 153 412.3529411764706 17
190 0.1 1105.0 0.0 1105 153 421.94444444444446 18
200 0.1 1176.0 0.0 1176 153 457.89473684210526 19
210 0.1 1078.0 0.0 1176 153 493.8 20
220 0.1 1098.0 0.0 1176 153 521.6190476190476 21
230 0.1 1220.0 0.0 1220 153 547.8181818181819 22
240 0.1 1382.0 0.0 1382 153 577.0434782608696 23
250 0.1 1865.0 0.0 1865 153 610.5833333333334 24
260 0.1 1598.0 0.0 1865 153 660.76 25
270 0.1 1951.0 0.0 1951 153 696.8076923076923 26
280 0.1 1363.0 0.0 1951 153 743.2592592592592 27
290 0.1 1399.0 0.0 1951 153 765.3928571428571 28
300 0.1 1595.0 0.0 1951 153 787.2413793103449 29
310 0.1 2119.0 0.0 2119 153 814.1666666666666 30
320 0.1 1974.0 0.0 2119 153 856.258064516129 31
330 0.1 1796.0 0.0 2119 153 891.1875 32
340 0.1 2111.0 0.0 2119 153 918.6060606060606 33
350 0.1 2412.0 0.0 2412 153 953.6764705882352 34
360 0.1 2577.0 0.0 2577 153 995.3428571428572 35
370 0.1 2936.0 0.0 2936 153 1039.2777777777778 36
380 0.1 3335.0 0.0 3335 153 1090.5405405405406 37
390 0.1 3158.0 0.0 3335 153 1149.6052631578948 38
400 0.1 3111.0 0.0 3335 153 1201.1025641025642 39
410 0.1 3273.0 0.0 3335 153 1248.8500000000001 40
420 0.1 3062.0 0.0 3335 153 1298.2195121951222 41
430 0.1 1749.0 0.0 3335 153 1340.2142857142858 42
440 0.1 1605.0 0.0 3335 153 1349.7209302325582 43
450 0.1 1162.0 0.0 3335 153 1355.5227272727273 44
460 0.1 314.0 0.0 3335 153 1351.2222222222222 45
