0 0.4 3303.6607666015625 592.0698094447955 4235.971923828125 2732.22412109375 0 0
10 0.4 8914.080810546875 3345.9170261155778 13969.49609375 2732.22412109375 3303.6607666015625 4
20 1.4 8937.725812639508 4325.556109022886 18068.4580078125 2732.22412109375 6108.870788574219 8
30 1.2 10108.138916015627 6840.113803130213 22951.867919921875 2732.22412109375 7909.0512584339485 22
40 0.9 6183.981092664931 2809.0003206269885 22951.867919921875 1936.6689453125 8685.199843462775 34
50 0.8 9460.515594482422 3294.7368497821226 22951.867919921875 1936.6689453125 8161.688942132994 43
60 0.8 5778.843841552734 3191.581019203206 22951.867919921875 1819.780029296875 8365.426456227022 51
70 2.1 5915.641834077381 3103.0468303354405 22951.867919921875 884.25 8014.703389830508 59
80 0.8 6985.749786376953 4933.472112644977 22951.867919921875 616.856201171875 7463.699731445313 80
90 2.1 7162.15349469866 2793.8750808705736 22951.867919921875 616.856201171875 7420.249736439098 88
100 2 7232.959606933594 3936.6715948341443 22951.867919921875 616.856201171875 7370.52477243406 109
110 0.3 5808.865966796875 2324.0532575851653 22951.867919921875 616.856201171875 7349.196839798328 129
120 1.5 5210.979524739583 2790.2153748535543 22951.867919921875 616.856201171875 7314.189319957386 132
130 1.9 5155.336991159539 2348.026473011476 22951.867919921875 616.856201171875 7099.576075547407 147
140 2.1 5009.696963355654 3090.821413154368 22951.867919921875 616.856201171875 6877.0426863704815 166
150 1.3 5528.914024939904 2227.1775001255023 22951.867919921875 616.856201171875 6667.340760256518 187
160 1.3 8657.359619140625 5042.958868013543 22951.867919921875 616.856201171875 6593.343022460937 200
170 2.1 7573.371186755952 5049.867129649665 22951.867919921875 616.856201171875 6719.315866389745 213
180 2.2 8159.642844460227 3408.2409005668105 22951.867919921875 616.856201171875 6795.96185667902 234
190 3.1 7434.5150500882055 3211.5668434824984 22951.867919921875 616.856201171875 6913.153191566467 256
200 4.2 7815.663643973215 4001.6781647447533 22951.867919921875 616.856201171875 6969.467538654181 287
210 3.5 6539.154401506697 4539.206815885958 22951.867919921875 616.856201171875 7077.49257337576 329
220 3.1 6680.454408707157 2983.846059501805 22951.867919921875 616.856201171875 7025.7292876191195 364
230 4.1 8099.701427924923 4286.823559870367 24442.760009765625 616.856201171875 6998.631765476662 395
240 4.5 8092.449446614583 3947.6509178477086 24442.760009765625 616.856201171875 7102.172719972943 436
250 5.5 8073.898739346591 3223.1934699360327 24442.760009765625 616.856201171875 7194.818151779334 481
260 5.1 11157.733843635111 4467.370822693345 29477.281982421875 616.856201171875 7285.022316548362 536
270 4.7 11814.905231881648 4620.724591432281 29477.281982421875 616.856201171875 7621.492994370209 587
280 3.5 13442.341741071428 5333.206684952566 30423.22900390625 616.856201171875 7932.361093996451 634
290 3.6 16088.504889594184 5561.138982193318 30423.22900390625 616.856201171875 8220.626150270928 669
300 5.3 18288.221707326058 6749.988416438025 39467.80810546875 616.856201171875 8622.39017100233 705
310 3.4 22379.07233025046 5173.548405962658 39467.80810546875 616.856201171875 9298.233273146338 758
320 5.6 23278.289768763952 7072.850756850817 50005.10400390625 616.856201171875 9859.784444789697 792
330 7.2 23922.280287000867 9091.294660535961 50005.10400390625 616.856201171875 10745.91215486347 848
340 8.6 28034.413154069767 9767.19844177008 50005.10400390625 616.856201171875 11777.106182595962 920
350 11.1 25360.26583174972 11623.487271151378 50005.10400390625 616.856201171875 13166.895844173245 1006
360 12.5 24818.712587890626 13375.170330870733 55724.945068359375 616.856201171875 14378.591518856314 1117
370 14.4 22893.975831773547 13095.551735943498 59167.380126953125 616.856201171875 15429.328341424178 1242
380 16 20996.55733947754 10907.959415420666 61739.867919921875 445.843017578125 16204.876132629306 1386
390 16.1 19269.327166634317 11352.1513039041 61739.867919921875 445.843017578125 16700.781044075437 1546
400 16.3 17684.47361334116 10985.104608649219 61739.867919921875 445.843017578125 16943.039934369506 1707
410 17.4 20167.228340236623 10765.93464886856 61739.867919921875 445.843017578125 17007.667575905536 1870
420 9.3 22175.24101667506 9409.124421889377 61739.867919921875 445.843017578125 17276.632141949376 2044
430 6.6 28666.592229669743 7616.493439606993 61739.867919921875 445.843017578125 17489.81446546341 2137
440 7.6 33862.28809557463 7056.153516589054 61739.867919921875 445.843017578125 17824.66118922084 2203
450 7.1 37468.4422315141 6421.577819866717 61739.867919921875 445.843017578125 18359.483323877655 2279
460 3.3 45486.520626183716 3172.2524857404087 61739.867919921875 445.843017578125 18936.817827044546 2350
463 0.2 56823.66052246094 6007.1304931640625 62830.791015625 445.843017578125 19304.480517926455 2383
