0 193.7203125 193.7203125
10 161.590625 355.3109375
20 330.77421875 686.08515625
30 275.7390625 961.82421875
40 308.67421875 1270.4984375
50 165.871875 1436.3703125
60 296.02265625 1732.39296875
70 469.0171875 2201.41015625
80 360.54921875 2561.959375
90 495.0609375 3057.0203125
100 409.5984375 3466.61875
110 156.140625 3622.759375
120 385.9921875 4008.7515625
130 487.90390625 4496.65546875
140 602.596875 5099.25234375
150 326.09375 5425.34609375
160 414.22890625 5839.575
170 526.67734375 6366.25234375
180 777.43359375 7143.6859375
190 904.75625 8048.4421875
200 981.778125 9030.2203125
210 960.56328125 9990.78359375
220 908.628125 10899.41171875
230 1048.9734375 11948.38515625
240 1298.1859375 13246.57109375
250 1496.92421875 14743.4953125
260 1440.275 16183.7703125
270 1213.984375 17397.7546875
280 1043.4671875 18441.221875
290 1217.06953125 19658.29140625
300 1449.60625 21107.89765625
310 1485.65703125 22593.5546875
320 1370.04140625 23963.59609375
330 1105.99765625 25069.59375
340 1447.60859375 26517.20234375
350 1395.740625 27912.94296875
360 1344.75625 29257.69921875
370 1565.77109375 30823.4703125
380 1870.70859375 32694.17890625
390 1446.303125 34140.48203125
400 1481.03125 35621.51328125
410 1669.784375 37291.29765625
420 1749.51484375 39040.8125
430 1458.009375 40498.821875
440 1226.303125 41725.125
450 654.396875 42379.521875
460 301.93203125 42681.45390625
463 29.4125 42710.86640625
