0 12.5109375 12.5109375
10 8.71328125 21.22421875
20 21.21796875 42.4421875
30 18.92421875 61.36640625
40 17.7359375 79.10234375
50 10.628125 89.73046875
60 18.71875 108.44921875
70 31.46484375 139.9140625
80 22.93359375 162.84765625
90 31.22265625 194.0703125
100 26.8640625 220.934375
110 9.4796875 230.4140625
120 25.89609375 256.31015625
130 31.8203125 288.13046875
140 38.47109375 326.6015625
150 22.58125 349.1828125
160 24.46484375 373.64765625
170 34.15234375 407.8
180 50.49609375 458.29609375
190 57.709375 516.00546875
200 62.7203125 578.72578125
210 62.38125 641.10703125
220 60.2203125 701.32734375
230 65.65 766.97734375
240 87.48046875 854.4578125
250 99.84296875 954.30078125
260 101.5109375 1055.81171875
270 79.34453125 1135.15625
280 74.71796875 1209.87421875
290 88.346875 1298.22109375
300 89.30234375 1387.5234375
310 126.2640625 1513.7875
320 111.52421875 1625.31171875
330 131.34609375 1756.6578125
340 161.32734375 1917.98515625
350 164.71953125 2082.7046875
360 181.2765625 2263.98125
370 197.43671875 2461.41796875
380 228.38203125 2689.8
390 216.55 2906.35
400 228.68828125 3135.03828125
410 222.5140625 3357.55234375
420 167.675 3525.22734375
430 86.07734375 3611.3046875
440 52.25703125 3663.56171875
450 20.3796875 3683.94140625
460 2.08828125 3686.0296875
463 0 3686.0296875
