0 1.1 11
10 1 21
20 0.6 27
30 1.2 39
40 1.1 50
50 0.5 55
60 1.8 73
70 1.2 85
80 2.2 107
90 1.5 122
100 0.8 130
110 0.8 138
120 1.8 156
130 2.1 177
140 2.1 198
150 1.2 210
160 1.8 228
170 2 248
180 3.6 284
190 4 324
200 2.9 353
210 3.5 388
220 4.2 430
230 4.1 471
240 6.3 534
250 5.9 593
260 5.5 648
270 5.1 699
280 5.6 755
290 5.9 814
300 9.5 909
310 8.9 998
320 9.2 1090
330 10.3 1193
340 9.8 1291
350 11 1401
360 14.5 1546
370 15.6 1702
380 16 1862
390 15.2 2014
400 16.5 2179
410 16.4 2343
420 4.2 2385
430 0 2385
440 0 2385
450 0 2385
460 0 2385
463 0 2385
