0 2.4 24
10 4.2 66
20 11.1 177
30 13.7 314
40 14.3 457
50 16.8 625
60 13.6 761
70 11.7 878
80 16.1 1039
90 17.7 1216
100 16.9 1385
110 18.6 1571
120 20.2 1773
130 21.6 1989
140 29.3 2282
150 35.9 2641
160 36 3001
170 36.5 3366
180 35.1 3717
190 31 4027
200 32.1 4348
210 30.9 4657
220 31.1 4968
230 34.9 5317
240 35 5667
250 33.3 6000
260 31.3 6313
270 25.2 6565
280 28.5 6850
290 28.2 7132
300 29.2 7424
310 28.1 7705
320 26 7965
330 25.5 8220
340 26.2 8482
350 23.6 8718
360 26.5 8983
370 20 9183
380 21.1 9394
390 21.7 9611
400 24.9 9860
410 21.3 10073
420 21 10283
430 16.4 10447
440 18.4 10631
450 19.1 10822
460 19.7 11019
470 20 11219
480 18.8 11407
490 22.2 11629
500 24.4 11873
510 27.9 12152
520 32.7 12479
530 36.7 12846
540 43.8 13284
550 41.3 13697
560 42.3 14120
570 36.1 14481
580 28 14761
590 16.5 14926
600 10.9 15035
610 6.8 15103
620 3.5 15138
630 1.1 15149
640 0.8 15157
650 0.6 15163
660 0.3 15166
663 0 15166
