20 1.1 11
30 1 21
40 1.4 35
50 2.1 56
60 1 66
70 1.2 78
80 2.1 99
90 2.2 121
100 1.6 137
110 2 157
120 1.7 174
130 2.3 197
140 3 227
150 3.8 265
160 4.7 312
170 3.9 351
180 4.5 396
190 3.5 431
200 3.4 465
210 3.5 500
220 2.3 523
230 3.9 562
240 3.4 596
250 3.1 627
260 3.3 660
270 2.9 689
280 1.8 707
290 2.7 734
300 1.8 752
310 1.4 766
320 1.3 779
330 1 789
340 1.1 800
350 0.7 807
360 1.4 821
370 1 831
380 0.3 834
390 0.6 840
400 0.2 842
410 0.4 846
420 0.3 849
430 0.2 851
440 0.2 853
450 0.1 854
460 0.3 857
470 0 857
480 0.1 858
490 0.1 859
500 0.3 862
510 0.9 871
520 0.6 877
530 2 897
540 3.1 928
550 3.9 967
560 3.9 1006
570 5.3 1059
580 4.3 1102
590 2.6 1128
600 1.8 1146
610 1.4 1160
620 0.6 1166
630 0 1166
640 0.2 1168
650 0.1 1169
660 0 1169
663 0 1169
