0 0.5 5
10 1.1 16
20 1.5 31
30 1.7 48
40 1.9 67
50 1.7 84
60 1.1 95
70 1.7 112
80 2.5 137
90 2.2 159
100 2.7 186
110 1.7 203
120 2.6 229
130 3.2 261
140 4.2 303
150 4 343
160 3.1 374
170 2.9 403
180 2.3 426
190 3.1 457
200 4.2 499
210 4.3 542
220 3.7 579
230 4.4 623
240 4.6 669
250 3.8 707
260 4.3 750
270 4.6 796
280 4.7 843
290 5.5 898
300 3.6 934
310 5 984
320 5.1 1035
330 5.8 1093
340 6.1 1154
350 4.7 1201
360 4 1241
370 5.6 1297
380 6.7 1364
390 5.7 1421
400 6.1 1482
410 5.3 1535
420 5.1 1586
430 5.9 1645
440 5.3 1698
450 5.5 1753
460 5.9 1812
470 6.4 1876
480 6.3 1939
490 5.2 1991
500 3.2 2023
510 2.7 2050
520 1.7 2067
530 1.9 2086
540 1.1 2097
550 0.6 2103
560 0.1 2104
570 0 2104
580 0 2104
590 0 2104
600 0 2104
610 0 2104
620 0 2104
630 0 2104
640 0 2104
650 0 2104
660 0 2104
663 0 2104
