30 0.1 1
40 0.1 2
50 0.1 3
60 0 3
70 0.1 4
80 0.4 8
90 0.1 9
100 0 9
110 0 9
120 0 9
130 0.2 11
140 0 11
150 0.3 14
160 0.1 15
170 0.4 19
180 0.6 25
190 0.6 31
200 0.6 37
210 0.6 43
220 0.5 48
230 0.7 55
240 0.6 61
250 0.9 70
260 0.5 75
270 1.1 86
280 1.3 99
290 1.4 113
300 1.8 131
310 1.8 149
320 1.7 166
330 2.3 189
340 2.2 211
350 2.5 236
360 2.5 261
370 2 281
380 3.1 312
390 2.8 340
400 2.7 367
410 2.7 394
420 3.2 426
430 4 466
440 3.6 502
450 4.4 546
460 3.7 583
470 4.3 626
480 4.9 675
490 4.3 718
500 3.1 749
510 2.1 770
520 1.9 789
530 1.4 803
540 1.2 815
550 1.3 828
560 0.5 833
570 0.5 838
580 0 838
590 0 838
600 0 838
610 0 838
620 0 838
630 0 838
640 0 838
650 0 838
660 0 838
663 0 838
