200 0.2 2
210 0.1 3
220 0.2 5
230 0.2 7
240 0.1 8
250 0.4 12
260 0.5 17
270 0.1 18
280 0.8 26
290 0.5 31
300 0.3 34
310 0.5 39
320 0.2 41
330 0.4 45
340 0.4 49
350 0.6 55
360 0.5 60
370 0.4 64
380 0.3 67
390 0.5 72
400 1.1 83
410 0.7 90
420 0.7 97
430 0.8 105
440 0.4 109
450 0.2 111
460 0.6 117
470 0.7 124
480 0.9 133
490 0.9 142
500 0.7 149
510 1.3 162
520 0.6 168
530 0.5 173
540 0.2 175
550 0.1 176
560 0.2 178
570 0.3 181
580 0.3 184
590 0.2 186
600 0.2 188
610 0.2 190
620 0 190
630 0 190
640 0 190
650 0 190
660 0 190
663 0 190
