140 0.1 1
150 0 1
160 0.3 4
170 0.4 8
180 0.3 11
190 0.7 18
200 0.8 26
210 0.8 34
220 1.6 50
230 2.1 71
240 2.8 99
250 3.6 135
260 2.7 162
270 3.7 199
280 4.8 247
290 5 297
300 5.5 352
310 5.5 407
320 6.2 469
330 7.7 546
340 9.9 645
350 6.7 712
360 10.5 817
370 7.1 888
380 8.4 972
390 6.4 1036
400 8.4 1120
410 8.8 1208
420 8 1288
430 6.8 1356
440 9.2 1448
450 9 1538
460 10.4 1642
470 9.2 1734
480 10.7 1841
490 15.7 1998
500 17.8 2176
510 19.8 2374
520 23.9 2613
530 31.8 2931
540 32.3 3254
550 22.7 3481
560 14.3 3624
570 8.6 3710
580 5.1 3761
590 2.9 3790
600 1 3800
610 0.7 3807
620 0.5 3812
630 0.1 3813
640 0 3813
650 0 3813
660 0 3813
663 0 3813
