120 1.3 13
130 4.7 60
140 4.6 106
150 7.8 184
160 11.9 303
170 12.8 431
180 24.3 674
190 26.6 940
200 28.6 1226
210 21 1436
220 30.5 1741
230 35.7 2098
240 39.5 2493
250 63.5 3128
260 80.9 3937
270 100.3 4940
280 107 6010
290 95.5 6965
300 122.7 8192
310 130.5 9497
320 162.3 11120
330 154.9 12669
340 164.9 14318
350 159.1 15909
360 180.4 17713
370 200.5 19718
380 234.6 22064
390 231.9 24383
400 250.4 26887
410 269.9 29586
420 309 32676
430 319.3 35869
440 290 38769
450 330.1 42070
460 333.4 45404
470 347.2 48876
480 317.5 52051
490 243 54481
500 170.6 56187
510 107.1 57258
520 58.8 57846
530 11.3 57959
540 0 57959
550 0 57959
560 0 57959
570 0 57959
580 0 57959
590 0 57959
600 0 57959
610 0 57959
620 0 57959
630 0 57959
640 0 57959
650 0 57959
660 0 57959
663 0 57959
