0 0.7 37.75927734375 63.0070271000551 177.186767578125 1.251953125 0 0
10 1.1 1.4200328480113635 0.06403353927878117 177.186767578125 1.251953125 37.75927734375 7
20 0.6 1.4148356119791667 0.021532601838043727 177.186767578125 1.251953125 15.551961263020834 18
30 1.8 1.2837456597222223 0.07286490263086398 177.186767578125 1.0859375 12.017679850260416 24
40 0.6 1.3920084635416667 0.11615370651040666 177.186767578125 1.0859375 7.417422340029762 42
50 1.2 1.4421590169270833 0.09685295112135923 177.186767578125 1.0859375 6.66424560546875 48
60 1 4.019482421875 7.942222433034023 177.186767578125 1.0859375 5.619828287760416 60
70 1.3 1.4008413461538463 0.16023561171524078 177.186767578125 1.0859375 5.391207449776786 70
80 1.5 1.25703125 0.07555712299341683 177.186767578125 1.0859375 4.766210349209337 83
90 1.3 1.4086162860576923 0.09040774831348983 177.186767578125 1.0859375 4.229091099330357 98
100 1.5 1.3724446614583334 0.11460051667809125 177.186767578125 1.0859375 3.898765220298423 111
110 1.3 1.4836801382211537 0.47196944352339687 177.186767578125 1.0859375 3.59801277281746 126
120 2.2 2.8345836292613638 4.921296009245776 177.186767578125 1.0859375 3.4002694328911867 139
130 2.5 1.35044921875 0.2023929854771986 177.186767578125 1.039794921875 3.322970751649845 161
140 1.7 1.305908203125 0.12451321118086246 177.186767578125 1.02685546875 3.057846889700941 186
150 2.2 1.4198441938920454 0.297623274355892 177.186767578125 1.02685546875 2.9111328125 203
160 2.2 1.7748468572443181 1.726639677135737 177.186767578125 1.02685546875 2.7653179253472224 225
170 1.4 1.3064662388392858 0.1746094761539757 177.186767578125 1.02685546875 2.6770978302125505 247
180 3 3.4124348958333335 11.776496380037221 177.186767578125 0.9599609375 2.60357736170977 261
190 3.9 1.2216734274839745 0.1395511817237599 177.186767578125 0.9599609375 2.6869647363616838 291
200 3.8 1.2600868626644737 0.424141933911521 177.186767578125 0.93310546875 2.5137939453125 330
210 3.4 1.2526424632352942 0.17078696295598772 177.186767578125 0.93310546875 2.384335061778193 368
220 3.9 1.2981583032852562 0.24233889658961152 177.186767578125 0.93310546875 2.288619767374067 402
230 3.8 1.282374331825658 0.16369980361370146 177.186767578125 0.93310546875 2.201027937216553 441
240 5.3 1.6745605468749996 2.928662993557844 177.186767578125 0.93310546875 2.1281493630936845 479
250 6.5 1.2438927283653844 0.12872826792601502 177.186767578125 0.93310546875 2.0829610035831765 532
260 6.4 1.6584815979003906 3.176931737021737 177.186767578125 0.93310546875 1.9916051612227805 597
270 6.3 1.3812081473214286 1.2203355409123735 177.186767578125 0.833984375 1.959351139963124 661
280 5.6 1.9841134207589282 4.337894189633315 177.186767578125 0.833984375 1.9090431171227555 724
290 5.2 1.2085759089543266 0.1315853223129065 177.186767578125 0.833984375 1.9144327799479166 780
300 9.1 1.7036213298420326 3.327498331552139 177.186767578125 0.824951171875 1.8703167255108173 832
310 10.6 1.1479008512676885 0.1521233842946535 177.186767578125 0.820068359375 1.8538819681913596 923
320 9.5 1.1845266241776313 0.17070784638940797 177.186767578125 0.820068359375 1.781156994047619 1029
330 10.5 1.1107607886904767 0.1298872201348031 177.186767578125 0.791015625 1.7307300499749778 1124
340 10.2 2.9015347349877456 9.847828609277544 177.186767578125 0.791015625 1.6777627819238201 1229
350 9.1 1.4989295372596156 2.286050453844145 177.186767578125 0.791015625 1.7715454560128663 1331
360 12.7 1.5078028881643701 2.546504480532284 177.186767578125 0.791015625 1.7540995709168425 1422
370 13.9 1.158108279001799 0.20691263679844735 177.186767578125 0.791015625 1.7339061049971756 1549
380 16.7 1.2972755660553887 0.9181007620707983 177.186767578125 0.791015625 1.6864914735911583 1688
390 15.3 1.238199869791666 0.34005470998740317 177.186767578125 0.791015625 1.6514515509181267 1855
400 17.5 1.433825334821429 1.1532787370470199 177.186767578125 0.791015625 1.6199637485215388 2008
410 15.8 1.4849791707871836 1.9961537513595342 177.186767578125 0.791015625 1.605041979214384 2183
420 16.7 1.4215709206586824 0.8233523276758941 177.186767578125 0.791015625 1.59693863716761 2341
430 19.2 2.0602124532063817 5.323601315170509 177.186767578125 0.791015625 1.5852614407334031 2508
440 16.2 1.279557593074845 0.3329160914875016 177.186767578125 0.791015625 1.6190357349537037 2700
450 17.7 1.2671243268891241 0.49863361209113594 177.186767578125 0.791015625 1.5998199910737683 2862
460 19.8 1.588936237373738 1.944013120545003 177.186767578125 0.791015625 1.5804428497244158 3039
470 18.8 1.2525102331283247 0.409145488057916 177.186767578125 0.791015625 1.5809623711190917 3237
480 5.6 1.4516601562499996 1.1441062340839845 177.186767578125 0.791015625 1.5629334654425182 3425
490 0 0 0 177.186767578125 0.791015625 1.5611433748608519 3481
500 0 0 0 177.186767578125 0.791015625 1.5611433748608519 3481
510 0 0 0 177.186767578125 0.791015625 1.5611433748608519 3481
520 0 0 0 177.186767578125 0.791015625 1.5611433748608519 3481
530 0 0 0 177.186767578125 0.791015625 1.5611433748608519 3481
540 0 0 0 177.186767578125 0.791015625 1.5611433748608519 3481
550 0 0 0 177.186767578125 0.791015625 1.5611433748608519 3481
560 0 0 0 177.186767578125 0.791015625 1.5611433748608519 3481
570 0 0 0 177.186767578125 0.791015625 1.5611433748608519 3481
580 0 0 0 177.186767578125 0.791015625 1.5611433748608519 3481
590 0 0 0 177.186767578125 0.791015625 1.5611433748608519 3481
600 0 0 0 177.186767578125 0.791015625 1.5611433748608519 3481
610 0 0 0 177.186767578125 0.791015625 1.5611433748608519 3481
620 0 0 0 177.186767578125 0.791015625 1.5611433748608519 3481
630 0 0 0 177.186767578125 0.791015625 1.5611433748608519 3481
640 0 0 0 177.186767578125 0.791015625 1.5611433748608519 3481
650 0 0 0 177.186767578125 0.791015625 1.5611433748608519 3481
660 0 0 0 177.186767578125 0.791015625 1.5611433748608519 3481
663 0 0 0 177.186767578125 0.791015625 1.5611433748608519 3481
