0 7 7
10 18 11
20 24 6
30 41 17
40 46 5
50 57 11
60 67 10
70 79 12
80 90 11
90 102 12
100 117 15
110 130 13
120 149 19
130 169 20
140 185 16
150 200 15
160 218 18
170 221 3
180 239 18
190 264 25
200 293 29
210 315 22
220 343 28
230 358 15
240 389 31
250 417 28
260 458 41
270 489 31
280 502 13
290 517 15
300 559 42
310 619 60
320 660 41
330 704 44
340 731 27
350 735 4
360 775 40
370 828 53
380 885 57
390 934 49
400 995 61
410 1047 52
420 1080 33
430 1139 59
440 1184 45
450 1214 30
460 1263 49
470 1280 17
480 1147 -133
490 998 -149
500 853 -145
510 703 -150
520 568 -135
530 465 -103
540 359 -106
550 260 -99
560 179 -81
570 116 -63
580 72 -44
590 40 -32
600 21 -19
610 15 -6
620 7 -8
630 3 -4
640 2 -1
650 1 -1
660 0 -1
663 0 0
