0 0.1 4.306085784864137 0 4.306085784864137 4.306085784864137 0 0
10 0.1 2.566633761105627 0.0 4.306085784864137 2.566633761105627 4.306085784864137 1
20 0.1 1.0923535253227408 0.0 4.306085784864137 1.0923535253227408 3.436359772984882 2
30 0.1 1.4955134596211366 0.0 4.306085784864137 1.0923535253227408 2.6550243570975014 3
40 0.1 2.1868787276341948 0.0 4.306085784864137 1.0923535253227408 2.3651466327284103 4
50 0.1 2.19560878243513 0.0 4.306085784864137 1.0923535253227408 2.329493051709567 5
60 0.1 2.293120638085743 0.0 4.306085784864137 1.0923535253227408 2.3071790068304945 6
70 0.1 1.794616151545364 0.0 4.306085784864137 1.0923535253227408 2.305170668438387 7
80 0.1 1.694915254237288 0.0 4.306085784864137 1.0923535253227408 2.241351353826759 8
90 0.1 2.2954091816367264 0.0 4.306085784864137 1.0923535253227408 2.180636231650151 9
100 0.1 2.6812313803376364 0.0 4.306085784864137 1.0923535253227408 2.1921135266488085 10
110 0.1 2.1999999999999997 0.0 4.306085784864137 1.0923535253227408 2.2365787860750657 11
120 0.1 2.095808383233533 0.0 4.306085784864137 1.0923535253227408 2.2335305539021433 12
130 0.1 2.1148036253776437 0.0 4.306085784864137 1.0923535253227408 2.222936540773788 13
140 0.1 3.4034034034034035 0.0 4.306085784864137 1.0923535253227408 2.215212761102635 14
150 0.1 4.39121756487026 0.0 4.39121756487026 1.0923535253227408 2.2944254705893528 15
160 0.1 4.036326942482341 0.0 4.39121756487026 1.0923535253227408 2.4254749764819095 16
170 0.1 5.305305305305305 0.0 5.305305305305305 1.0923535253227408 2.520230974481935 17
180 0.1 3.8461538461538463 0.0 5.305305305305305 1.0923535253227408 2.674957326194344 18
190 0.1 4.365482233502538 0.0 5.305305305305305 1.0923535253227408 2.736599248297476 19
200 0.1 5.533199195171027 0.0 5.533199195171027 1.0923535253227408 2.8180433975577293 20
210 0.1 4.742684157416751 0.0 5.533199195171027 1.0923535253227408 2.9473365307774104 21
220 0.1 5.438066465256798 0.0 5.533199195171027 1.0923535253227408 3.0289432410791988 22
230 0.1 5.4822335025380715 0.0 5.533199195171027 1.0923535253227408 3.1336877290869203 23
240 0.1 5.188199389623601 0.0 5.533199195171027 1.0923535253227408 3.231543802980718 24
250 0.1 6.172839506172839 0.0 6.172839506172839 1.0923535253227408 3.3098100264464336 25
260 0.1 7.346938775510205 0.0 7.346938775510205 1.0923535253227408 3.419926544897449 26
270 0.1 9.30232558139535 0.0 9.30232558139535 1.0923535253227408 3.5653714423275513 27
280 0.1 8.188331627430912 0.0 9.30232558139535 1.0923535253227408 3.770262661579973 28
290 0.1 8.008213552361395 0.0 9.30232558139535 1.0923535253227408 3.9226098672989704 29
300 0.1 8.78447395301328 0.0 9.30232558139535 1.0923535253227408 4.058796656801052 30
310 0.1 10.450819672131148 0.0 10.450819672131148 1.0923535253227408 4.2112378599046725 31
320 0.1 12.854251012145749 0.0 12.854251012145749 1.0923535253227408 4.40622479153675 32
330 0.1 12.167689161554192 0.0 12.854251012145749 1.0923535253227408 4.662225586100659 33
340 0.1 13.149847094801222 0.0 13.149847094801222 1.0923535253227408 4.882974514790469 34
350 0.1 12.807377049180326 0.0 13.149847094801222 1.0923535253227408 5.119170874219348 35
360 0.1 14.098690835850958 0.0 14.098690835850958 1.0923535253227408 5.332732156857153 36
370 0.1 15.955284552845528 0.0 15.955284552845528 1.0923535253227408 5.569649958992121 37
380 0.1 17.59918616480163 0.0 17.59918616480163 1.0923535253227408 5.84295613251458 38
390 0.1 19.12512716174975 0.0 19.12512716174975 1.0923535253227408 6.144397928214247 39
400 0.1 19.24643584521385 0.0 19.24643584521385 1.0923535253227408 6.468916159052635 40
410 0.1 20.932642487046632 0.0 20.932642487046632 1.0923535253227408 6.780562980666324 41
420 0.1 21.41350210970464 0.0 21.41350210970464 1.0923535253227408 7.117517254627759 42
430 0.1 22.502628811777075 0.0 22.502628811777075 1.0923535253227408 7.449982018699315 43
440 0.1 22.351694915254235 0.0 22.502628811777075 1.0923535253227408 7.792087627632901 44
450 0.1 25.101626016260166 0.0 25.101626016260166 1.0923535253227408 8.115634456246708 45
460 0.1 24.59349593495935 0.0 25.101626016260166 1.0923535253227408 8.484895142333958 46
470 0.1 25.18059855521156 0.0 25.18059855521156 1.0923535253227408 8.827631329411094 47
480 0.1 25.05112474437628 0.0 25.18059855521156 1.0923535253227408 9.16831814661527 48
490 0.1 20.470829068577277 0.0 25.18059855521156 1.0923535253227408 9.49245705677366 49
500 0.1 17.220543806646525 0.0 25.18059855521156 1.0923535253227408 9.712024497009732 50
510 0.1 14.213709677419356 0.0 25.18059855521156 1.0923535253227408 9.85925036582614 51
520 0.1 10.313447927199192 0.0 25.18059855521156 1.0923535253227408 9.942989967972164 52
530 0.1 7.963709677419355 0.0 25.18059855521156 1.0923535253227408 9.949979740787768 53
540 0.1 7.361963190184049 0.0 25.18059855521156 1.0923535253227408 9.913196961836501 54
550 0.1 6.983805668016195 0.0 25.18059855521156 1.0923535253227408 9.866810893261002 55
560 0.1 5.273833671399594 0.0 25.18059855521156 1.0923535253227408 9.815328657095916 56
570 0.1 5.2156469408224675 0.0 25.18059855521156 1.0923535253227408 9.735653306469665 57
580 0.1 3.5035035035035036 0.0 25.18059855521156 1.0923535253227408 9.65772216223437 58
590 0.1 2.4975024975024978 0.0 25.18059855521156 1.0923535253227408 9.553413371408421 59
600 0.1 1.9880715705765408 0.0 25.18059855521156 1.0923535253227408 9.435814856843324 60
610 0.1 1.294820717131474 0.0 25.18059855521156 1.0923535253227408 9.313720704609441 61
620 0.1 1.288404360753221 0.0 25.18059855521156 1.0923535253227408 9.184383608037216 62
630 0.1 1.0869565217391304 0.0 25.18059855521156 1.0869565217391304 9.059050604112073 63
640 0.1 0.8902077151335311 0.0 25.18059855521156 0.8902077151335311 8.934486634074997 64
650 0.1 0.791295746785361 0.0 25.18059855521156 0.791295746785361 8.810728496860513 65
660 0.1 0.8893280632411068 0.0 25.18059855521156 0.791295746785361 8.689221940041193 66
