0 0 0
10 0 0
20 0 0
30 0.1 1
40 0.1 2
50 0.1 3
60 0 3
70 0.1 4
80 0.3 7
90 0.2 9
100 0 9
110 0 9
120 0.3 12
130 0.5 17
140 0.1 18
150 0.7 25
160 0.4 29
170 1.1 40
180 1.2 52
190 1.1 63
200 1 73
210 1.4 87
220 1.2 99
230 2.1 120
240 2.3 143
250 3.6 179
260 2.4 203
270 3.1 234
280 4.4 278
290 3.4 312
300 4.5 357
310 5.2 409
320 5.4 463
330 5.9 522
340 7.6 598
350 8.3 681
360 9.1 772
370 8 852
380 11.6 968
390 10 1068
400 11 1178
410 11 1288
420 13.1 1419
430 13.2 1551
440 12.4 1675
450 14.5 1820
460 15.2 1972
470 17.1 2143
480 18.7 2330
490 15 2480
500 14.7 2627
510 15.6 2783
520 12.8 2911
530 10.6 3017
540 11.3 3130
550 9 3220
560 8.3 3303
570 6.3 3366
580 4.3 3409
590 3.3 3442
600 1.8 3460
610 0.6 3466
620 0.8 3474
630 0.4 3478
640 0.1 3479
650 0.1 3480
660 0.1 3481
663 0 3481
