0 0.1 3160.734375 0 3160.734375 3160.734375 0 0
10 0.1 3161.19921875 0.0 3161.19921875 3160.734375 3160.734375 1
20 0.1 3158.45703125 0.0 3161.19921875 3158.45703125 3160.966796875 2
30 0.1 3156.17578125 0.0 3161.19921875 3156.17578125 3160.1302083333335 3
40 0.1 3154.36328125 0.0 3161.19921875 3154.36328125 3159.1416015625 4
50 0.1 3150.66015625 0.0 3161.19921875 3150.66015625 3158.1859375 5
60 0.1 3148.734375 0.0 3161.19921875 3148.734375 3156.931640625 6
70 0.1 3147.30859375 0.0 3161.19921875 3147.30859375 3155.7606026785716 7
80 0.1 3144.91015625 0.0 3161.19921875 3144.91015625 3154.7041015625 8
90 0.1 3143.578125 0.0 3161.19921875 3143.578125 3153.6158854166665 9
100 0.1 3140.78515625 0.0 3161.19921875 3140.78515625 3152.612109375 10
110 0.1 3138.21875 0.0 3161.19921875 3138.21875 3151.536931818182 11
120 0.1 3135.71875 0.0 3161.19921875 3135.71875 3150.4270833333335 12
130 0.1 3131.078125 0.0 3161.19921875 3131.078125 3149.295673076923 13
140 0.1 3127.58203125 0.0 3161.19921875 3127.58203125 3147.9944196428573 14
150 0.1 3124.1796875 0.0 3161.19921875 3124.1796875 3146.63359375 15
160 0.1 3121.05078125 0.0 3161.19921875 3121.05078125 3145.230224609375 16
170 0.1 3116.578125 0.0 3161.19921875 3116.578125 3143.807904411765 17
180 0.1 3112.87109375 0.0 3161.19921875 3112.87109375 3142.2951388888887 18
190 0.1 3110.81640625 0.0 3161.19921875 3110.81640625 3140.7465049342104 19
200 0.1 3107.68359375 0.0 3161.19921875 3107.68359375 3139.25 20
210 0.1 3106.1015625 0.0 3161.19921875 3106.1015625 3137.7468377976193 21
220 0.1 3102.3515625 0.0 3161.19921875 3102.3515625 3136.308416193182 22
230 0.1 3097.85546875 0.0 3161.19921875 3097.85546875 3134.83203125 23
240 0.1 3096.42578125 0.0 3161.19921875 3096.42578125 3133.2913411458335 24
250 0.1 3094.203125 0.0 3161.19921875 3094.203125 3131.81671875 25
260 0.1 3090.703125 0.0 3161.19921875 3090.703125 3130.3700420673076 26
270 0.1 3088.8125 0.0 3161.19921875 3088.8125 3128.900896990741 27
280 0.1 3087.48046875 0.0 3161.19921875 3087.48046875 3127.469168526786 28
290 0.1 3086.8359375 0.0 3161.19921875 3086.8359375 3126.0902478448274 29
300 0.1 3086.31640625 0.0 3161.19921875 3086.31640625 3124.781770833333 30
310 0.1 3083.171875 0.0 3161.19921875 3083.171875 3123.540952620968 31
320 0.1 3079.51953125 0.0 3161.19921875 3079.51953125 3122.2794189453125 32
330 0.1 3078.79296875 0.0 3161.19921875 3078.79296875 3120.9836647727275 33
340 0.1 3076.9453125 0.0 3161.19921875 3076.9453125 3119.7427619485293 34
350 0.1 3076.43359375 0.0 3161.19921875 3076.43359375 3118.5199776785716 35
360 0.1 3075.828125 0.0 3161.19921875 3075.828125 3117.350911458334 36
370 0.1 3074.35546875 0.0 3161.19921875 3074.35546875 3116.228673986487 37
380 0.1 3071.38671875 0.0 3161.19921875 3071.38671875 3115.1267475328955 38
390 0.1 3068.56640625 0.0 3161.19921875 3068.56640625 3114.005208333334 39
400 0.1 3065.26171875 0.0 3161.19921875 3065.26171875 3112.8692382812505 40
410 0.1 3061.66796875 0.0 3161.19921875 3061.66796875 3111.708079268293 41
420 0.1 3057.54296875 0.0 3161.19921875 3057.54296875 3110.5166480654766 42
430 0.1 3055.6328125 0.0 3161.19921875 3055.6328125 3109.2847020348836 43
440 0.1 3052.87890625 0.0 3161.19921875 3052.87890625 3108.065340909091 44
450 0.1 3051.51953125 0.0 3161.19921875 3051.51953125 3106.8389756944443 45
460 0.1 3049.953125 0.0 3161.19921875 3049.953125 3105.636379076087 46
470 0.1 3045.28125 0.0 3161.19921875 3045.28125 3104.451628989362 47
480 0.1 3044.70703125 0.0 3161.19921875 3044.70703125 3103.2189127604165 48
490 0.1 3044.60546875 0.0 3161.19921875 3044.60546875 3102.024792729592 49
500 0.1 3044.66015625 0.0 3161.19921875 3044.60546875 3100.87640625 50
510 0.1 3044.6484375 0.0 3161.19921875 3044.60546875 3099.774126838235 51
520 0.1 3044.6484375 0.0 3161.19921875 3044.60546875 3098.7140174278848 52
530 0.1 3044.671875 0.0 3161.19921875 3044.60546875 3097.6939121462265 53
540 0.1 3044.69140625 0.0 3161.19921875 3044.60546875 3096.7120225694443 54
550 0.1 3044.74609375 0.0 3161.19921875 3044.60546875 3095.7661931818184 55
560 0.1 3044.96484375 0.0 3161.19921875 3044.60546875 3094.8551199776784 56
570 0.1 3045.21875 0.0 3161.19921875 3044.60546875 3093.979851973684 57
580 0.1 3045.8046875 0.0 3161.19921875 3044.60546875 3093.1391433189656 58
590 0.1 3056.24609375 0.0 3161.19921875 3044.60546875 3092.3368644067796 59
600 0.1 3062.19140625 0.0 3161.19921875 3044.60546875 3091.7353515625 60
610 0.1 3074.25390625 0.0 3161.19921875 3044.60546875 3091.251024590164 61
620 0.1 3080.93359375 0.0 3161.19921875 3044.60546875 3090.9768775201615 62
630 0.1 3081.11328125 0.0 3161.19921875 3044.60546875 3090.8174603174602 63
640 0.1 3081.16796875 0.0 3161.19921875 3044.60546875 3090.6658325195313 64
650 0.1 3081.21484375 0.0 3161.19921875 3044.60546875 3090.5197115384617 65
660 0.1 3088.75390625 0.0 3161.19921875 3044.60546875 3090.378728693182 66
