0 0.1 0.01171875 0 0.01171875 0.01171875 0 0
10 0.1 0.01171875 0.0 0.01171875 0.01171875 0.01171875 1
20 0.1 0.01171875 0.0 0.01171875 0.01171875 0.01171875 2
30 0.1 0.01171875 0.0 0.01171875 0.01171875 0.01171875 3
40 0.1 0.01171875 0.0 0.01171875 0.01171875 0.01171875 4
50 0.1 0.0 0.0 0.01171875 0.0 0.01171875 5
60 0.1 0.0 0.0 0.01171875 0.0 0.009765625 6
70 0.1 0.0 0.0 0.01171875 0.0 0.008370535714285714 7
80 0.1 0.0 0.0 0.01171875 0.0 0.00732421875 8
90 0.1 0.0 0.0 0.01171875 0.0 0.006510416666666667 9
100 0.1 0.0 0.0 0.01171875 0.0 0.005859375 10
110 0.1 0.0 0.0 0.01171875 0.0 0.005326704545454545 11
120 0.1 0.0 0.0 0.01171875 0.0 0.004882812499999999 12
130 0.1 0.0 0.0 0.01171875 0.0 0.004507211538461537 13
140 0.1 0.0 0.0 0.01171875 0.0 0.004185267857142856 14
150 0.1 0.0 0.0 0.01171875 0.0 0.003906249999999999 15
160 0.1 0.0 0.0 0.01171875 0.0 0.003662109374999999 16
170 0.1 0.0 0.0 0.01171875 0.0 0.0034466911764705873 17
180 0.1 0.0 0.0 0.01171875 0.0 0.0032552083333333326 18
190 0.1 0.0 0.0 0.01171875 0.0 0.0030838815789473676 19
200 0.1 0.0 0.0 0.01171875 0.0 0.002929687499999999 20
210 0.1 0.0 0.0 0.01171875 0.0 0.0027901785714285706 21
220 0.1 0.0 0.0 0.01171875 0.0 0.002663352272727272 22
230 0.1 0.16015625 0.0 0.16015625 0.0 0.0025475543478260866 23
240 0.1 0.140625 0.0 0.16015625 0.0 0.009114583333333334 24
250 0.1 0.12109375 0.0 0.16015625 0.0 0.014375 25
260 0.1 0.25 0.0 0.25 0.0 0.018479567307692308 26
270 0.1 0.2109375 0.0 0.25 0.0 0.027054398148148147 27
280 0.1 0.1796875 0.0 0.25 0.0 0.03362165178571429 28
290 0.1 0.21875 0.0 0.25 0.0 0.03865840517241379 29
300 0.1 0.19140625 0.0 0.25 0.0 0.044661458333333334 30
310 0.1 0.16015625 0.0 0.25 0.0 0.04939516129032258 31
320 0.1 0.12890625 0.0 0.25 0.0 0.0528564453125 32
330 0.1 0.109375 0.0 0.25 0.0 0.05516098484848485 33
340 0.1 0.171875 0.0 0.25 0.0 0.05675551470588235 34
350 0.1 0.21875 0.0 0.25 0.0 0.06004464285714286 35
360 0.1 0.19140625 0.0 0.25 0.0 0.064453125 36
370 0.1 0.16015625 0.0 0.25 0.0 0.06788429054054054 37
380 0.1 0.140625 0.0 0.25 0.0 0.0703125 38
390 0.1 0.12109375 0.0 0.25 0.0 0.07211538461538461 39
400 0.1 0.1015625 0.0 0.25 0.0 0.07333984375 40
410 0.1 0.16015625 0.0 0.25 0.0 0.0740282012195122 41
420 0.1 0.12890625 0.0 0.25 0.0 0.07607886904761905 42
430 0.1 0.109375 0.0 0.25 0.0 0.07730741279069768 43
440 0.1 0.171875 0.0 0.25 0.0 0.0780362215909091 44
450 0.1 0.21875 0.0 0.25 0.0 0.08012152777777778 45
460 0.1 0.26171875 0.0 0.26171875 0.0 0.08313519021739131 46
470 0.1 0.21875 0.0 0.26171875 0.0 0.08693484042553191 47
480 0.1 0.26171875 0.0 0.26171875 0.0 0.08968098958333333 48
490 0.1 0.37109375 0.0 0.37109375 0.0 0.09319196428571429 49
500 0.1 0.3203125 0.0 0.37109375 0.0 0.09875 50
510 0.1 0.26953125 0.0 0.37109375 0.0 0.10309436274509803 51
520 0.1 0.30078125 0.0 0.37109375 0.0 0.10629507211538461 52
530 0.1 0.25 0.0 0.37109375 0.0 0.10996462264150944 53
540 0.1 0.21875 0.0 0.37109375 0.0 0.11255787037037036 54
550 0.1 0.1796875 0.0 0.37109375 0.0 0.11448863636363636 55
560 0.1 0.23046875 0.0 0.37109375 0.0 0.11565290178571429 56
570 0.1 0.19921875 0.0 0.37109375 0.0 0.1176672149122807 57
580 0.1 0.171875 0.0 0.37109375 0.0 0.11907327586206896 58
590 0.1 0.140625 0.0 0.37109375 0.0 0.11996822033898305 59
600 0.1 0.19921875 0.0 0.37109375 0.0 0.1203125 60
610 0.1 0.21875 0.0 0.37109375 0.0 0.1216060450819672 61
620 0.1 0.19140625 0.0 0.37109375 0.0 0.12317288306451613 62
630 0.1 0.16015625 0.0 0.37109375 0.0 0.12425595238095238 63
640 0.1 0.140625 0.0 0.37109375 0.0 0.12481689453125 64
650 0.1 0.12109375 0.0 0.37109375 0.0 0.12506009615384617 65
660 0.1 0.1015625 0.0 0.37109375 0.0 0.125 66
