20 0.4 4
30 0.3 7
40 0.8 15
50 0.4 19
60 0.2 21
70 0.3 24
80 0.9 33
90 0.3 36
100 0.2 38
110 0.1 39
120 0.5 44
130 0.7 51
140 0.7 58
150 1.8 76
160 1.6 92
170 2 112
180 1.9 131
190 2.1 152
200 1.5 167
210 1.6 183
220 1.2 195
230 3 225
240 2.2 247
250 3.4 281
260 4.4 325
270 4.2 367
280 6.9 436
290 6.1 497
300 7.9 576
310 7.7 653
320 7.2 725
330 10.3 828
340 10 928
350 11.5 1043
360 11.5 1158
370 13.6 1294
380 15.9 1453
390 14.9 1602
400 18.8 1790
410 17.7 1967
420 22.1 2188
430 20.7 2395
440 18.1 2576
450 24.6 2822
460 23.4 3056
470 25.4 3310
480 24.8 3558
490 23.5 3793
500 22.2 4015
510 16.8 4183
520 14.4 4327
530 10.4 4431
540 10.6 4537
550 8.6 4623
560 7.1 4694
570 4.8 4742
580 3.8 4780
590 2.7 4807
600 1 4817
610 0.4 4821
620 0.4 4825
630 0.2 4827
640 0.1 4828
650 0.1 4829
660 0 4829
663 0 4829
