0 2.1 497.1515880766369 481.64752128068596 1560.2060546875 16.587890625 0 0
10 4 1381.391015625 1594.6305845466081 7027.36181640625 16.587890625 497.1515880766369 21
20 10.5 408.2747163318452 789.421050826576 7027.36181640625 12.68115234375 1076.9807208952357 61
30 14.1 482.0167002576463 467.89476430002475 7027.36181640625 0.861083984375 654.0040312617658 166
40 14.8 996.5977106867609 679.3149768466564 7027.36181640625 0.861083984375 575.0131072501018 307
50 18.1 1279.9171095368617 723.3567872909375 7027.36181640625 0.861083984375 712.1439233130151 455
60 13.8 2334.694774682971 1065.165270391698 7027.36181640625 0.861083984375 873.7271728515627 636
70 12.8 3282.7626094818115 1077.2696492170794 7027.36181640625 0.861083984375 1134.20976852693 774
80 19.2 2788.269068400063 1809.6026635989247 21078.781005859375 0.699951171875 1439.1041849817245 902
90 19.4 2659.102245842059 995.4651094503629 21078.781005859375 0.699951171875 1675.8863217425298 1094
100 18.7 3779.08573513745 1336.454337079561 21078.781005859375 0.699951171875 1823.979403478018 1288
110 19.8 4026.2793548275727 1383.257255968493 21078.781005859375 0.699951171875 2071.8471214578917 1475
120 22.3 4052.946578089964 2222.7363484698594 21078.781005859375 0.699951171875 2303.15470197624 1673
130 27 3790.69221100984 2670.4788868025216 21078.781005859375 0.699951171875 2508.958282341937 1896
140 34.7 3397.304349783863 3025.5181877130963 21078.781005859375 0.699951171875 2668.731209738213 2166
150 44.9 2460.175129845841 2647.4968376780334 21078.781005859375 0.699951171875 2769.334026927166 2513
160 49.4 2390.955483872882 2533.9869830599805 21078.781005859375 0.699951171875 2722.469629631584 2962
170 51.5 2635.285345399724 2512.452300499231 21078.781005859375 0.699951171875 2675.083059028344 3456
180 60.4 1906.9471322369106 2403.6382688356402 21078.781005859375 0.655029296875 2669.921683425539 3971
190 60.2 2470.817141510718 2999.7982583171333 21078.781005859375 0.655029296875 2569.1923656292697 4575
200 63.9 2670.6644625238387 3056.418376879982 25926.155029296875 0.655029296875 2557.752944165223 5177
210 56.2 3007.691429273938 2607.7930969544627 25926.155029296875 0.655029296875 2570.15845658461 5816
220 63.1 2941.8415210077037 2985.4975193188893 25926.155029296875 0.655029296875 2608.711848031992 6378
230 73.2 3058.9842015667678 3045.764735682794 25926.155029296875 0.655029296875 2638.702549080311 7009
240 76.8 2641.385502179464 2794.076263334639 25926.155029296875 0.655029296875 2678.4449815334942 7741
250 94.2 2122.6160896447054 2755.2652225376746 25926.155029296875 0.655029296875 2675.1000902250094 8509
260 105.4 2012.7980028185023 2959.111144131229 25926.155029296875 0.655029296875 2620.032909128126 9451
270 114.5 1736.5132639789158 3057.427289158408 25926.155029296875 0.655029296875 2559.1071032023433 10505
280 126.6 1788.2933567523196 3058.380325511342 25926.155029296875 0.655029296875 2478.2598975447618 11650
290 118.3 1895.4313640836326 3127.1185578038917 25926.155029296875 0.625 2410.6307832180946 12916
300 146 1391.1057187433116 2637.8400793933924 25926.155029296875 0.576904296875 2367.4021207004644 14099
310 150 1443.4573281250007 2750.081848149781 25926.155029296875 0.576904296875 2275.790015368667 15559
320 177 1172.3892809851707 2467.108045986656 25926.155029296875 0.576904296875 2202.602898253625 17059
330 173.7 1271.1891167815847 2670.1392823384344 25926.155029296875 0.576904296875 2105.7587693798046 18829
340 184.1 1141.9789818924853 2349.6179832306566 25926.155029296875 0.576904296875 2035.27119345045 20566
350 172.8 1199.221787488017 2630.7146340771556 25926.155029296875 0.576904296875 1961.876675599858 22407
360 197.3 1115.5819024358104 2417.2456905453046 25926.155029296875 0.576904296875 1907.2726711806636 24135
370 202 942.9360286297205 2355.1250076832666 25926.155029296875 0.56396484375 1847.4440406178628 26108
380 237.3 939.1414077315108 2484.5553315703232 25926.155029296875 0.557861328125 1782.4871939093857 28128
390 225.7 941.0567648046356 2444.999102140987 25926.155029296875 0.557861328125 1716.874277919743 30501
400 249 914.8983501388366 2324.7573463356694 25926.155029296875 0.557861328125 1663.4210717685494 32758
410 259.4 790.6067100648435 2190.43215585978 25926.155029296875 0.557861328125 1610.5437006593238 35248
420 294.5 727.6951080684947 2149.939500033518 25926.155029296875 0.557861328125 1554.338517170024 37842
430 302.7 664.9039963570077 2182.7397698208683 29320.949951171875 0.524169921875 1494.651243288542 40787
440 279.5 779.2488028811224 2319.0344229764455 29320.949951171875 0.524169921875 1437.326075158224 43814
450 317 672.1396388105021 2138.948061851013 29320.949951171875 0.524169921875 1397.863182240236 46609
460 319.6 701.8763692805702 2155.8015971833747 29320.949951171875 0.51318359375 1351.6480386521314 49779
470 331.6 663.359818811726 2077.5520695427504 30796.2958984375 0.51318359375 1312.4470899912253 52975
480 305.8 699.2666392454222 2073.672067299121 30796.2958984375 0.51318359375 1274.210544340389 56291
490 255.8 873.9926079219922 2192.6963665953695 30796.2958984375 0.51318359375 1244.5861452472213 59349
500 202.6 1066.150436175423 2207.4555836007235 30796.2958984375 0.51318359375 1229.27320376277 61907
510 156.5 1455.1830564846246 2278.346300667395 30796.2958984375 0.51318359375 1224.1039370752694 63933
520 117.5 1825.1102736452797 2177.2413520842706 30796.2958984375 0.51318359375 1229.6253090541945 65498
530 84.9 2511.355789957395 1641.8472255262554 30796.2958984375 0.51318359375 1240.1197345846872 66673
540 81.4 1647.7080114116245 1110.0804494891893 30796.2958984375 0.51318359375 1256.103849554792 67522
550 69.8 1101.9394090537687 1496.7083940969728 30796.2958984375 0.51318359375 1260.7685327049833 68336
560 61.3 749.8401133800218 1570.5899185610097 30796.2958984375 0.51318359375 1259.162617817992 69034
570 50.9 50.496636711075666 343.6764542927717 30796.2958984375 0.51318359375 1254.679801684914 69647
580 37.7 22.564857219827577 29.07161341088085 30796.2958984375 0.51318359375 1245.9431400883052 70156
590 22.2 19.6824192356419 17.825819524777632 30796.2958984375 0.51318359375 1239.4041638269607 70533
600 13.9 18.116848513376798 15.103134892002286 30796.2958984375 0.51318359375 1235.5771801890655 70755
610 9.1 18.628240899725256 15.342295205910931 30796.2958984375 0.51318359375 1233.190137758071 70894
620 4.6 18.990175993546202 18.371300624293802 30796.2958984375 0.51318359375 1231.6331168013319 70985
630 1.2 10.044413248697916 2.051847485783616 30796.2958984375 0.51318359375 1230.8478036947001 71031
640 1 24.9876953125 13.894453363122526 30796.2958984375 0.51318359375 1230.641595613885 71043
650 0.7 19.681989397321427 11.600319246377026 30796.2958984375 0.51318359375 1230.4719118707212 71053
660 0.3 117.261962890625 152.66084412631713 30796.2958984375 0.51318359375 1230.3526390103596 71060
663 0 0 0 30796.2958984375 0.51318359375 1230.3056487055828 71063
