10 0.1 209 0 209 209 0 0
20 0.1 375.0 0.0 375 209 209.0 1
30 0.1 763.0 0.0 763 209 292.0 2
40 0.1 990.0 0.0 990 209 449.0 3
50 0.1 1152.0 0.0 1152 209 584.25 4
60 0.1 1098.0 0.0 1152 209 697.8 5
70 0.1 936.0 0.0 1152 209 764.5 6
80 0.1 967.0 0.0 1152 209 789.0 7
90 0.1 1284.0 0.0 1284 209 811.25 8
100 0.1 1203.0 0.0 1284 209 863.7777777777778 9
110 0.1 1259.0 0.0 1284 209 897.7 10
120 0.1 1212.0 0.0 1284 209 930.5454545454545 11
130 0.1 1631.0 0.0 1631 209 954.0 12
140 0.1 1729.0 0.0 1729 209 1006.0769230769231 13
150 0.1 2210.0 0.0 2210 209 1057.7142857142858 14
160 0.1 2637.0 0.0 2637 209 1134.5333333333333 15
170 0.1 2753.0 0.0 2753 209 1228.4375 16
180 0.1 2908.0 0.0 2908 209 1318.1176470588234 17
190 0.1 2813.0 0.0 2908 209 1406.4444444444443 18
200 0.1 3012.0 0.0 3012 209 1480.4736842105262 19
210 0.1 2982.0 0.0 3012 209 1557.05 20
220 0.1 2694.0 0.0 3012 209 1624.904761904762 21
230 0.1 3007.0 0.0 3012 209 1673.5 22
240 0.1 3245.0 0.0 3245 209 1731.4782608695652 23
250 0.1 3619.0 0.0 3619 209 1794.5416666666667 24
260 0.1 3562.0 0.0 3619 209 1867.52 25
270 0.1 3758.0 0.0 3758 209 1932.6923076923076 26
280 0.1 3611.0 0.0 3758 209 2000.2962962962963 27
290 0.1 3744.0 0.0 3758 209 2057.8214285714284 28
300 0.1 3861.0 0.0 3861 209 2115.9655172413795 29
310 0.1 4323.0 0.0 4323 209 2174.1333333333337 30
320 0.1 4634.0 0.0 4634 209 2243.451612903226 31
330 0.1 4391.0 0.0 4634 209 2318.15625 32
340 0.1 4852.0 0.0 4852 209 2380.969696969697 33
350 0.1 4652.0 0.0 4852 209 2453.6470588235293 34
360 0.1 4833.0 0.0 4852 209 2516.457142857143 35
370 0.1 5053.0 0.0 5053 209 2580.8055555555557 36
380 0.1 5107.0 0.0 5107 209 2647.6216216216217 37
390 0.1 5541.0 0.0 5541 209 2712.342105263158 38
400 0.1 5548.0 0.0 5548 209 2784.871794871795 39
410 0.1 6167.0 0.0 6167 209 2853.95 40
420 0.1 6207.0 0.0 6207 209 2934.756097560976 41
430 0.1 6322.0 0.0 6322 209 3012.666666666667 42
440 0.1 6444.0 0.0 6444 209 3089.6279069767443 43
450 0.1 6616.0 0.0 6616 209 3165.8636363636365 44
460 0.1 6702.0 0.0 6702 209 3242.5333333333333 45
470 0.1 6978.0 0.0 6978 209 3317.7391304347825 46
480 0.1 6816.0 0.0 6978 209 3395.6170212765956 47
490 0.1 5826.0 0.0 6978 209 3466.875 48
500 0.1 5135.0 0.0 6978 209 3515.0204081632655 49
510 0.1 4746.0 0.0 6978 209 3547.42 50
520 0.1 4564.0 0.0 6978 209 3570.921568627451 51
530 0.1 4315.0 0.0 6978 209 3590.019230769231 52
540 0.1 4613.0 0.0 6978 209 3603.698113207547 53
550 0.1 3928.0 0.0 6978 209 3622.3888888888887 54
560 0.1 3002.0 0.0 6978 209 3627.9454545454546 55
570 0.1 2392.0 0.0 6978 209 3616.7678571428573 56
580 0.1 1624.0 0.0 6978 209 3595.280701754386 57
590 0.1 1003.0 0.0 6978 209 3561.293103448276 58
600 0.1 506.0 0.0 6978 209 3517.9322033898306 59
610 0.1 374.0 0.0 6978 209 3467.733333333333 60
620 0.1 200.0 0.0 6978 200 3417.0163934426228 61
630 0.1 43.0 0.0 6978 43 3365.1290322580644 62
640 0.1 47.0 0.0 6978 43 3312.3968253968255 63
650 0.1 26.0 0.0 6978 26 3261.375 64
660 0.1 8.0 0.0 6978 8 3211.6 65
