0 2.9 375.6783910290948 422.1267809115963 1560.2060546875 16.587890625 0 0
10 5.3 1138.9883918042453 1438.3287666017136 6234.427001953125 16.587890625 375.6783910290948 29
20 13.7 272.2553746578467 505.71637690530883 6234.427001953125 12.68115234375 869.037293969131 82
30 16.5 420.8395892518939 383.8591876991164 6234.427001953125 0.861083984375 495.70796545019977 219
40 17.7 842.9687500000001 470.9529150801599 6234.427001953125 0.861083984375 463.53796005249023 384
50 20.7 1126.412184858092 478.34142236726234 6234.427001953125 0.861083984375 583.2514178434158 561
60 15.7 2037.8679821233088 586.9379306834004 6234.427001953125 0.861083984375 729.6502183278402 768
70 14.7 2990.731664540817 566.3090738709773 6234.427001953125 0.861083984375 951.6936658044765 925
80 21.1 2488.224504082124 1430.9164200510777 21078.781005859375 0.699951171875 1231.300555556568 1072
90 22.2 2443.4818412162163 520.8346351736168 21078.781005859375 0.699951171875 1438.0121324380116 1283
100 21.2 3327.7086446510175 453.1447563309078 21078.781005859375 0.699951171875 1586.3272655601122 1505
110 22.3 3619.423439470642 496.9597703440313 21078.781005859375 0.699951171875 1801.3376629784416 1717
120 25.8 3557.1457528994065 1525.3367175784308 21078.781005859375 0.699951171875 2010.32381151337 1940
130 32 3232.4551719665524 1950.3470307531582 21078.781005859375 0.699951171875 2191.888898354861 2198
140 41.2 2844.997007499621 2332.5831814907656 21078.781005859375 0.699951171875 2324.12925083927 2518
150 51.7 2131.9164666004285 2066.381397626432 21078.781005859375 0.699951171875 2397.3707237894623 2930
160 56.2 2097.069391976896 2016.1778619529898 21078.781005859375 0.699951171875 2357.5564357225257 3447
170 56.9 2363.6362394792122 2028.979730404599 21078.781005859375 0.699951171875 2321.040167679362 4009
180 67 1770.072426684935 2112.6933606293264 21078.781005859375 0.655029296875 2326.334436979081 4578
190 65.6 2224.2981325475193 2541.3057819064406 21078.781005859375 0.655029296875 2255.317755024608 5248
200 69.8 2477.0439299225436 2641.6720401675907 25926.155029296875 0.655029296875 2251.8711303049317 5904
210 61.2 2764.0429815155235 2148.710784460818 25926.155029296875 0.655029296875 2275.6776456234857 6602
220 69.8 2687.901334308962 2528.7873074413483 25926.155029296875 0.655029296875 2317.108139879921 7214
230 82 2728.6479393935774 2507.7947429659457 25926.155029296875 0.655029296875 2349.8196729577107 7912
240 86 2368.050862440951 2282.9739231151552 25926.155029296875 0.655029296875 2385.394475806704 8732
250 108.7 1879.9039213431454 2306.9531917849913 25926.155029296875 0.655029296875 2383.8394812805836 9592
260 123.5 1717.1877378147126 2408.9998768224777 25926.155029296875 0.655029296875 2332.5446078231444 10679
270 137.7 1471.5326946316745 2499.294683278507 25926.155029296875 0.655029296875 2268.7569853235295 11914
280 149.1 1468.014653349786 2434.3371924979087 25926.155029296875 0.655029296875 2186.1614057371416 13291
290 138.8 1630.1054546784935 2564.914413467623 25926.155029296875 0.625 2113.724874292848 14782
300 164.9 1218.2561214301325 2166.0194531728 25926.155029296875 0.576904296875 2072.211964309872 16170
310 172.7 1257.4838670687507 2293.3940541056613 25926.155029296875 0.576904296875 1993.185465353214 17819
320 202.8 1022.7184261645549 2110.4153462307913 25926.155029296875 0.576904296875 1928.1820549246218 19546
330 197.7 1117.5865344528465 2208.748317799664 25926.155029296875 0.576904296875 1843.0666271353655 21574
340 210.8 988.7901268512095 1946.6531593977963 25926.155029296875 0.576904296875 1782.1658525086686 23551
350 197.9 1087.115408320569 2302.6090570815863 25926.155029296875 0.576904296875 1716.986538050353 25659
360 225.8 941.4925101375665 1956.0435376258692 25926.155029296875 0.576904296875 1671.8850485889143 27638
370 236.6 818.0573697448889 1991.7046154556274 25926.155029296875 0.56396484375 1616.7195966280117 29896
380 274.5 810.2420594262297 2085.6289294338794 25926.155029296875 0.557861328125 1558.148062662186 32262
390 269.6 786.2481885960962 2030.0948630289565 25926.155029296875 0.557861328125 1499.5025923595979 35007
400 293.6 773.1365213420141 1941.8403463275213 25926.155029296875 0.557861328125 1448.5004473699048 37703
410 309.2 668.5429534319934 1852.6417125931682 25926.155029296875 0.557861328125 1399.7081914871842 40639
420 347.4 610.2232996315279 1813.7032069212446 25926.155029296875 0.557861328125 1348.0111592659532 43731
430 353.3 577.0445062900255 1915.561374860369 29320.949951171875 0.524169921875 1293.7144740764606 47205
440 327.1 667.8996168537175 1962.2239192601612 29320.949951171875 0.524169921875 1243.8111472565333 50738
450 368.5 576.9449606989887 1818.9976212782117 29320.949951171875 0.524169921875 1208.9316528028755 54009
460 374 585.6773970823252 1799.0352299306464 29320.949951171875 0.51318359375 1168.5657402226623 57694
470 387.8 561.7356631911988 1816.0617078393013 30796.2958984375 0.51318359375 1133.080464913471 61434
480 359.2 612.11161603694 1809.417820178764 30796.2958984375 0.51318359375 1099.1559925182148 65312
490 291.2 759.4926737691025 1845.487625616297 30796.2958984375 0.51318359375 1073.766125452141 68904
500 220.3 961.701228061699 1896.8618105082817 30796.2958984375 0.51318359375 1061.0229443880187 71816
510 161.8 1389.9058751883128 2115.7221680835423 30796.2958984375 0.51318359375 1058.0668690415957 74019
520 120.2 1767.1154502830568 2057.221880309387 30796.2958984375 0.51318359375 1065.1654519037581 75637
530 85.5 2483.862551683571 1567.0749725400858 30796.2958984375 0.51318359375 1076.14612445353 76839
540 81.8 1639.6502936253619 1090.9233399081693 30796.2958984375 0.51318359375 1091.637636607386 77694
550 69.8 1101.9394090537687 1496.7083940969728 30796.2958984375 0.51318359375 1097.3472651156485 78512
560 61.3 749.8401133800218 1570.5899185610097 30796.2958984375 0.51318359375 1097.3877311738331 79210
570 50.9 50.496636711075666 343.6764542927717 30796.2958984375 0.51318359375 1094.718742414859 79823
580 37.7 22.564857219827577 29.07161341088085 30796.2958984375 0.51318359375 1088.1023373483447 80332
590 22.2 19.6824192356419 17.825819524777632 30796.2958984375 0.51318359375 1083.1251027151757 80709
600 13.9 18.116848513376798 15.103134892002286 30796.2958984375 0.51318359375 1080.2079970852876 80931
610 9.1 18.628240899725256 15.342295205910931 30796.2958984375 0.51318359375 1078.3869699525442 81070
620 4.6 18.990175993546202 18.371300624293802 30796.2958984375 0.51318359375 1077.198738605668 81161
630 1.2 10.044413248697916 2.051847485783616 30796.2958984375 0.51318359375 1076.5993125231855 81207
640 1 24.9876953125 13.894453363122526 30796.2958984375 0.51318359375 1076.4417304452074 81219
650 0.7 19.681989397321427 11.600319246377026 30796.2958984375 0.51318359375 1076.312287261722 81229
660 0.3 117.261962890625 152.66084412631713 30796.2958984375 0.51318359375 1076.2212388092496 81236
663 0 0 0 30796.2958984375 0.51318359375 1076.1858262878281 81239
