10 0.1 148 0 148 148 0 0
20 0.1 239.0 0.0 239 148 148.0 1
30 0.1 456.0 0.0 456 148 193.5 2
40 0.1 607.0 0.0 607 148 281.0 3
50 0.1 707.0 0.0 707 148 362.5 4
60 0.1 790.0 0.0 790 148 431.4 5
70 0.1 658.0 0.0 790 148 491.1666666666667 6
80 0.1 708.0 0.0 790 148 515.0 7
90 0.1 1007.0 0.0 1007 148 539.125 8
100 0.1 914.0 0.0 1007 148 591.1111111111111 9
110 0.1 960.0 0.0 1007 148 623.4 10
120 0.1 918.0 0.0 1007 148 654.0 11
130 0.1 1253.0 0.0 1253 148 676.0 12
140 0.1 1330.0 0.0 1330 148 720.3846153846154 13
150 0.1 1637.0 0.0 1637 148 763.9285714285714 14
160 0.1 1959.0 0.0 1959 148 822.1333333333333 15
170 0.1 2088.0 0.0 2088 148 893.1875 16
180 0.1 2117.0 0.0 2117 148 963.4705882352941 17
190 0.1 2327.0 0.0 2327 148 1027.5555555555557 18
200 0.1 2501.0 0.0 2501 148 1095.9473684210527 19
210 0.1 2397.0 0.0 2501 148 1166.2 20
220 0.1 2237.0 0.0 2501 148 1224.8095238095239 21
230 0.1 2558.0 0.0 2558 148 1270.8181818181818 22
240 0.1 2754.0 0.0 2754 148 1326.7826086956522 23
250 0.1 3211.0 0.0 3211 148 1386.25 24
260 0.1 3365.0 0.0 3365 148 1459.24 25
270 0.1 3773.0 0.0 3773 148 1532.5384615384614 26
280 0.1 3772.0 0.0 3773 148 1615.5185185185185 27
290 0.1 3827.0 0.0 3827 148 1692.5357142857142 28
300 0.1 3926.0 0.0 3926 148 1766.1379310344828 29
310 0.1 4594.0 0.0 4594 148 1838.1333333333334 30
320 0.1 4970.0 0.0 4970 148 1927.032258064516 31
330 0.1 4923.0 0.0 4970 148 2022.125 32
340 0.1 5303.0 0.0 5303 148 2110.030303030303 33
350 0.1 5276.0 0.0 5303 148 2203.9411764705883 34
360 0.1 5507.0 0.0 5507 148 2291.714285714286 35
370 0.1 5978.0 0.0 5978 148 2381.027777777778 36
380 0.1 6351.0 0.0 6351 148 2478.2432432432433 37
390 0.1 6844.0 0.0 6844 148 2580.157894736842 38
400 0.1 6784.0 0.0 6844 148 2689.4871794871797 39
410 0.1 7750.0 0.0 7750 148 2791.85 40
420 0.1 7944.0 0.0 7944 148 2912.7804878048782 41
430 0.1 8169.0 0.0 8169 148 3032.571428571429 42
440 0.1 8287.0 0.0 8287 148 3152.0232558139537 43
450 0.1 8632.0 0.0 8632 148 3268.7272727272725 44
460 0.1 8715.0 0.0 8715 148 3387.911111111111 45
470 0.1 9007.0 0.0 9007 148 3503.717391304348 46
480 0.1 8802.0 0.0 9007 148 3620.808510638298 47
490 0.1 6980.0 0.0 9007 148 3728.75 48
500 0.1 5774.0 0.0 9007 148 3795.1020408163267 49
510 0.1 4889.0 0.0 9007 148 3834.68 50
520 0.1 4184.0 0.0 9007 148 3855.3529411764707 51
530 0.1 3605.0 0.0 9007 148 3861.673076923077 52
540 0.1 3697.0 0.0 9007 148 3856.830188679245 53
550 0.1 3176.0 0.0 9007 148 3853.8703703703704 54
560 0.1 2554.0 0.0 9007 148 3841.5454545454545 55
570 0.1 2180.0 0.0 9007 148 3818.5535714285716 56
580 0.1 1566.0 0.0 9007 148 3789.8070175438597 57
590 0.1 994.0 0.0 9007 148 3751.4655172413795 58
600 0.1 498.0 0.0 9007 148 3704.728813559322 59
610 0.1 328.0 0.0 9007 148 3651.2833333333333 60
620 0.1 192.0 0.0 9007 148 3596.8032786885246 61
630 0.1 53.0 0.0 9007 53 3541.8870967741937 62
640 0.1 42.0 0.0 9007 42 3486.5079365079364 63
650 0.1 23.0 0.0 9007 23 3432.6875 64
660 0.1 11.0 0.0 9007 11 3380.230769230769 65
