30 0.1 35362.928955078125 0 35362.928955078125 35362.928955078125 0 0
40 0.1 40791.9169921875 0.0 40791.9169921875 35362.928955078125 35362.928955078125 1
50 0.1 47979.830078125 0.0 47979.830078125 35362.928955078125 38077.42297363281 2
60 0 0 0 47979.830078125 35362.928955078125 41378.225341796875 3
70 0.1 59670.902099609375 0.0 59670.902099609375 35362.928955078125 41378.225341796875 3
80 0.3 71273.11010742188 11620.160317576607 87150.54418945313 35362.928955078125 45951.39453125 4
90 0.2 74194.97009277344 5981.9110107421875 87150.54418945313 35362.928955078125 56803.558349609375 7
100 0 0 0 87150.54418945313 35362.928955078125 60668.316514756945 9
110 0 0 0 87150.54418945313 35362.928955078125 60668.316514756945 9
120 0.3 80308.15502929688 43400.287452719545 117401.92895507813 19412.52099609375 60668.316514756945 9
130 0.5 75475.66123046874 44581.51521375846 133584.90600585938 19412.52099609375 65578.27614339192 12
140 0.1 146914.69189453125 0.0 146914.69189453125 19412.52099609375 68489.27175723805 17
150 0.7 114806.57230050223 36571.81319411746 146914.69189453125 19412.52099609375 72846.23954264323 18
160 0.4 57191.2568359375 38974.48181889366 146914.69189453125 19412.52099609375 84595.13271484376 25
170 1.1 81348.451171875 43537.151860818725 163648.03784179688 19412.52099609375 80815.2877660291 29
180 1.2 104389.36004638672 50186.958069598775 171649.38403320313 19412.52099609375 80961.90770263672 40
190 1.1 87719.2333318537 57914.680744767305 180767.22387695313 19412.52099609375 86368.24285888672 52
200 1 106792.1076904297 43754.74963555628 180767.22387695313 19412.52099609375 86604.1300843254 63
210 1.4 109139.40351213727 42390.443877153804 180767.22387695313 19412.52099609375 89369.60646872324 73
220 1.2 116646.33213297527 44690.82510605458 195500.97802734375 19412.52099609375 92550.95311938757 87
230 2.1 129933.07020786831 60940.47547470923 214685.27685546875 19412.52099609375 95471.60512103456 99
240 2.3 98200.80178965694 66138.81527300907 214685.27685546875 19412.52099609375 101502.36151123047 120
250 3.6 98775.96347384983 61201.299666148014 221625.15209960938 14341.182861328125 100971.34141615221 143
260 2.4 102793.75297037761 52493.59680110248 221625.15209960938 14341.182861328125 100529.81289144335 179
270 3.1 115063.54963930191 56729.65796528756 221625.15209960938 14341.182861328125 100797.47083180996 203
280 4.4 100887.98758766869 57701.351773813396 221625.15209960938 14341.182861328125 102687.42144305889 234
290 3.4 95880.4022360409 67191.06899376989 243839.57983398438 14341.182861328125 102402.61896234965 278
300 4.5 104618.23754340278 59714.91048476084 254888.35693359375 14341.182861328125 101691.86457550831 312
310 5.2 98896.89408522386 52445.43704500541 254888.35693359375 14341.182861328125 102060.73511767988 357
320 5.4 96501.00318739151 57141.66870896243 254888.35693359375 14341.182861328125 101658.48638005712 409
330 5.9 83983.65164443194 47964.617689355975 254888.35693359375 10177.739990234375 101056.96566212203 463
340 7.6 86711.9794632761 45536.38592793039 254888.35693359375 10177.739990234375 99127.2232731494 522
350 8.3 91664.67880800548 44846.02019598128 254888.35693359375 10177.739990234375 97549.3662003227 598
360 9.1 79810.61346905048 48042.277807808416 257393.71801757813 10177.739990234375 96832.14292049548 681
370 8 83340.31544189452 40374.61776760671 257393.71801757813 10177.739990234375 94825.71911209976 772
380 11.6 88523.24828680627 46971.70959475068 257393.71801757813 10177.739990234375 93747.27745292555 852
390 10 80288.6298095703 38566.297451543614 257393.71801757813 10177.739990234375 93121.25742888647 968
400 11 77279.05799671522 36863.66209923314 257393.71801757813 10177.739990234375 91919.70053569209 1068
410 11 67865.70577281606 36861.76836483883 257393.71801757813 10177.739990234375 90552.5777179608 1178
420 13.1 73461.31348588086 33758.701675453114 257393.71801757813 10177.739990234375 88615.03430649657 1288
430 13.2 65783.36476458919 27985.71483297236 257393.71801757813 10177.739990234375 87216.06501297954 1419
440 12.4 68215.86234406501 32705.271813709303 257393.71801757813 10177.739990234375 85392.00541737185 1551
450 14.5 70283.28304148707 30662.108372680203 257393.71801757813 10177.739990234375 84120.4581092584 1675
460 15.2 74019.00339066355 32835.91217983745 257393.71801757813 10177.739990234375 83018.045809903 1820
470 17.1 70582.36084269917 27120.501166823324 257393.71801757813 10177.739990234375 82324.40765182774 1972
480 18.7 68012.70715005645 28684.38098366618 257393.71801757813 10177.739990234375 81387.45477998407 2143
490 15 65803.97747070313 28373.068786311258 257393.71801757813 10177.739990234375 80314.03082856927 2330
500 14.7 74198.60237464122 29553.969358086197 257393.71801757813 10177.739990234375 79436.40663353704 2480
510 15.6 77787.12919577573 30655.00449277718 257393.71801757813 10177.739990234375 79143.31290454668 2627
520 12.8 83543.54224777222 26378.83568058358 257393.71801757813 10177.739990234375 79067.29254573667 2783
530 10.6 87544.66296617042 26243.38873613614 257393.71801757813 10177.739990234375 79264.11836568189 2911
540 11.3 91422.06257129768 19856.086961681292 257393.71801757813 10177.739990234375 79555.04900129733 3017
550 9 100760.85651041669 23164.593622067256 257393.71801757813 10177.739990234375 79983.47473082131 3130
560 8.3 107529.69336819935 20936.00361063031 257393.71801757813 10177.739990234375 80564.20900416403 3220
570 6.3 117791.68018353175 27895.613720645837 257393.71801757813 10177.739990234375 81241.8157865482 3303
580 4.3 123575.26967319222 16180.25286491452 257393.71801757813 10177.739990234375 81925.90415761476 3366
590 3.3 129665.32545424953 15893.341763998858 257393.71801757813 10177.739990234375 82451.25549735363 3409
600 1.8 139758.57883029513 16237.169647909403 257393.71801757813 10177.739990234375 82903.91799258244 3442
610 0.6 145248.82348632813 13549.012982759194 257393.71801757813 10177.739990234375 83199.69368480175 3460
620 0.8 156132.6554260254 14329.428555245127 257393.71801757813 10177.739990234375 83307.10706587767 3466
630 0.4 176219.9600830078 19684.575954624463 257393.71801757813 10177.739990234375 83474.81126474963 3474
640 0.1 163678.60913085938 0.0 257393.71801757813 10177.739990234375 83581.4761857597 3478
650 0.1 179364.453125 0.0 257393.71801757813 10177.739990234375 83604.49921908684 3479
660 0.1 199267.4130859375 0.0 257393.71801757813 10177.739990234375 83632.01644722073 3480
663 0 0 0 257393.71801757813 10177.739990234375 83665.23546377882 3481
