0 104.9296875 104.9296875
10 196.31328125 301.24296875
20 476.378125 777.62109375
30 593.0234375 1370.64453125
40 640.6265625 2011.27109375
50 705.2859375 2716.55703125
60 602.26953125 3318.8265625
70 472.984375 3791.8109375
80 668.15703125 4459.96796875
90 708.2 5168.16796875
100 626.31875 5794.48671875
110 748.671875 6543.15859375
120 875.21953125 7418.378125
130 808.01015625 8226.38828125
140 1262.7109375 9489.09921875
150 1430.16328125 10919.2625
160 1485.84375 12405.10625
170 1567.509375 13972.615625
180 1512.48671875 15485.10234375
190 1450.64453125 16935.746875
200 1561.8625 18497.609375
210 1342.91875 19840.528125
220 1414.58046875 21255.10859375
230 1644.9015625 22900.01015625
240 1615.9421875 24515.95234375
250 1637.44296875 26153.3953125
260 1660.5609375 27813.95625
270 1510.73203125 29324.68828125
280 1716.3078125 31040.99609375
290 1626.39375 32667.38984375
300 1838.68984375 34506.0796875
310 1885.12578125 36391.20546875
320 1926.6625 38317.86796875
330 1817.01796875 40134.8859375
340 1935.7265625 42070.6125
350 1861.5921875 43932.2046875
360 2128.74765625 46060.95234375
370 1882.4734375 47943.42578125
380 2048.20625 49991.63203125
390 2058.23984375 52049.871875
400 2267.953125 54317.825
410 2191.9484375 56509.7734375
420 2372.4625 58882.2359375
430 2216.5796875 61098.815625
440 2209.03046875 63307.84609375
450 2337.3125 65645.15859375
460 2439.18515625 68084.34375
470 2502.51953125 70586.86328125
480 2330.375 72917.23828125
490 2282.0875 75199.32578125
500 2152.92578125 77352.2515625
510 2243.40078125 79595.65234375
520 2227.73984375 81823.3921875
530 2354.428125 84177.8203125
540 2473.67265625 86651.49296875
550 2000.92734375 88652.4203125
560 1801.61796875 90454.03828125
570 1501.8859375 91955.92421875
580 1009.478125 92965.40234375
590 576.8453125 93542.24765625
600 362.66171875 93904.909375
610 268.1671875 94173.0765625
620 141.75859375 94314.83515625
630 14.190625 94329.02578125
640 35.8890625 94364.91484375
650 19.91875 94384.83359375
660 1.36875 94386.20234375
663 0 94386.20234375
