0 15.9421875 15.9421875
10 30.859375 46.8015625
20 77.79453125 124.59609375
30 94.71171875 219.3078125
40 109.31015625 328.61796875
50 120.0515625 448.66953125
60 101.3515625 550.02109375
70 88.46484375 638.4859375
80 114.23671875 752.72265625
90 138.64921875 891.371875
100 123.2046875 1014.5765625
110 138.35546875 1152.93203125
120 152.65234375 1305.584375
130 186.47734375 1492.06171875
140 233.1390625 1725.20078125
150 295.50859375 2020.709375
160 336.375 2357.084375
170 324.7234375 2681.8078125
180 369.1625 3050.9703125
190 372.52109375 3423.49140625
200 391.70625 3815.19765625
210 337.44765625 4152.6453125
220 381.3609375 4534.00625
230 442.1625 4976.16875
240 454.97734375 5431.14609375
250 574.6640625 6005.81015625
260 657.80703125 6663.6171875
270 710.296875 7373.9140625
280 776.52109375 8150.43515625
290 719.3984375 8869.83359375
300 818.42421875 9688.2578125
310 836.78515625 10525.04296875
320 978.63828125 11503.68125
330 932.11640625 12435.79765625
340 994.72578125 13430.5234375
350 914.25546875 14344.77890625
360 1013.38828125 15358.1671875
370 1067.44453125 16425.61171875
380 1211.346875 17636.95859375
390 1173.20078125 18810.159375
400 1252.01328125 20062.17265625
410 1338.7203125 21400.89296875
420 1512.18359375 22913.0765625
430 1503.2546875 24416.33125
440 1386.45625 25802.7875
450 1546.6734375 27349.4609375
460 1551.5625 28901.0234375
470 1636.73984375 30537.76328125
480 1545.890625 32083.65390625
490 1290.55703125 33374.2109375
500 1004.26171875 34378.47265625
510 713.9015625 35092.37421875
520 533.90703125 35626.28125
530 367.12890625 35993.41015625
540 341.640625 36335.05078125
550 323.07265625 36658.1234375
560 280.9125 36939.0359375
570 265.68046875 37204.71640625
580 206.22109375 37410.9375
590 124.87109375 37535.80859375
600 77.890625 37613.69921875
610 51.48125 37665.18046875
620 25.9734375 37691.15390625
630 6.8984375 37698.05234375
640 5.7515625 37703.80390625
650 4.05546875 37707.859375
660 1.76953125 37709.62890625
663 0 37709.62890625
