0 0.7 7
10 1.1 18
20 0.6 24
30 1.8 42
40 0.6 48
50 1.2 60
60 1 70
70 1.3 83
80 1.5 98
90 1.4 112
100 1.5 127
110 1.2 139
120 2.2 161
130 2.5 186
140 1.7 203
150 2.2 225
160 2.2 247
170 1.4 261
180 3 291
190 3.9 330
200 3.9 369
210 3.6 405
220 3.7 442
230 3.8 480
240 5.2 532
250 6.6 598
260 6.5 663
270 6.1 724
280 6 784
290 4.9 833
300 9.2 925
310 10.9 1034
320 9.5 1129
330 10.5 1234
340 9.9 1333
350 9.1 1424
360 12.7 1551
370 13.9 1690
380 16.8 1858
390 15 2008
400 17.5 2183
410 15.9 2342
420 16.7 2509
430 19.2 2701
440 16.8 2869
450 18.4 3053
460 19.2 3245
470 18.6 3431
480 5 3481
490 0 3481
500 0 3481
510 0 3481
520 0 3481
530 0 3481
540 0 3481
550 0 3481
560 0 3481
570 0 3481
580 0 3481
590 0 3481
600 0 3481
610 0 3481
620 0 3481
630 0 3481
640 0 3481
650 0 3481
660 0 3481
663 0 3481
