0 7 7
10 18 18
20 24 24
30 41 41
40 46 47
50 57 57
60 67 67
70 79 79
80 91 91
90 103 103
100 118 118
110 130 130
120 149 149
130 169 169
140 185 186
150 200 201
160 218 218
170 221 225
180 239 240
190 267 267
200 296 296
210 318 318
220 343 343
230 360 362
240 389 390
250 419 420
260 460 460
270 490 492
280 506 511
290 521 523
300 568 569
310 625 627
320 666 666
330 712 712
340 735 735
350 743 749
360 779 782
370 838 840
380 890 890
390 940 947
400 1005 1013
410 1054 1057
420 1090 1106
430 1150 1150
440 1194 1194
450 1233 1233
460 1273 1274
470 1288 1290
480 1151 1308
490 1001 1308
500 854 1308
510 698 1308
520 570 1308
530 464 1308
540 351 1308
550 261 1308
560 178 1308
570 115 1308
580 72 1308
590 39 1308
600 21 1308
610 15 1308
620 7 1308
630 3 1308
640 2 1308
650 1 1308
660 0 1308
663 0 1308
