0 3.5 35
10 6.8 103
20 10.2 205
30 16.9 374
40 20.5 579
50 27.1 850
60 27.6 1126
70 36.7 1493
80 41.7 1910
90 51.3 2423
100 47.9 2902
110 49.7 3399
120 52.2 3921
130 53.5 4456
140 48.5 4941
150 60.9 5550
160 48.2 6032
170 69.3 6725
180 71.8 7443
190 88.7 8330
200 103.7 9367
210 120.1 10568
220 111.2 11680
230 120.5 12885
240 128.1 14166
250 140.2 15568
260 143.8 17006
270 158.7 18593
280 167.5 20268
290 187.3 22141
300 192 24061
310 219.4 26255
320 254.7 28802
330 246.2 31264
340 269.1 33955
350 294.1 36896
360 332.6 40222
370 343.3 43655
380 367.9 47334
390 416.8 51502
400 432.2 55824
410 432.2 60146
420 480.8 64954
430 507.1 70025
440 532 75345
450 516.4 80509
460 522.6 85735
470 512.1 90856
480 512.4 95980
490 494.9 100929
500 501.7 105946
510 451.5 110461
520 447.9 114940
530 465 119590
540 439.2 123982
550 458.5 128567
560 497.8 133545
570 507.9 138624
580 447.9 143103
590 500.4 148107
600 500.1 153108
610 507.8 158186
620 530.4 163490
630 523.1 168721
640 517.7 173898
650 504.5 178943
660 494.6 183889
670 538 189269
680 523 194499
690 499.7 199496
700 507 204566
710 514.5 209711
720 491.5 214626
730 437.1 218997
740 393.5 222932
750 349 226422
760 318.1 229603
770 297.5 232578
780 271 235288
790 234.6 237634
800 223.2 239866
810 200.4 241870
820 184.3 243713
830 170.8 245421
840 157.5 246996
850 157.4 248570
860 149.4 250064
870 148.6 251550
880 146.2 253012
890 137.1 254383
900 75.6 255139
910 30.9 255448
920 10 255548
930 2.3 255571
940 1.7 255588
948 0.3 255591
