0 0.1 1
10 0.4 5
20 0.4 9
30 1.2 21
40 1.7 38
50 4.1 79
60 4.1 120
70 4.9 169
80 6.2 231
90 7.9 310
100 6.1 371
110 6.6 437
120 7.7 514
130 7.5 589
140 6.4 653
150 7.2 725
160 6.5 790
170 9.8 888
180 10.1 989
190 12.9 1118
200 14.9 1267
210 17.6 1443
220 15.5 1598
230 16.2 1760
240 17.3 1933
250 15.5 2088
260 16.3 2251
270 19.1 2442
280 17.3 2615
290 22.2 2837
300 24.1 3078
310 25.3 3331
320 27.7 3608
330 28.1 3889
340 31.5 4204
350 33.7 4541
360 38.2 4923
370 37 5293
380 36.8 5661
390 41 6071
400 47 6541
410 49.4 7035
420 51.3 7548
430 56 8108
440 56.6 8674
450 51.7 9191
460 52.9 9720
470 52.2 10242
480 49.2 10734
490 48.8 11222
500 47.9 11701
510 45.5 12156
520 42.1 12577
530 42.4 13001
540 40.2 13403
550 40.8 13811
560 42.4 14235
570 43.3 14668
580 34.4 15012
590 37.8 15390
600 35.6 15746
610 33 16076
620 35.8 16434
630 35.3 16787
640 31.3 17100
650 34 17440
660 28.3 17723
670 32.2 18045
680 29.3 18338
690 30.2 18640
700 29.2 18932
710 29.3 19225
720 31.1 19536
730 36.2 19898
740 36.5 20263
750 43.8 20701
760 41 21111
770 49.8 21609
780 50 22109
790 50 22609
800 47.8 23087
810 45.6 23543
820 44.4 23987
830 44.1 24428
840 46.5 24893
850 40.8 25301
860 45.9 25760
870 42.1 26181
880 40.9 26590
890 31 26900
900 15.7 27057
910 5.8 27115
920 1.3 27128
930 0.5 27133
940 0.2 27135
948 0 27135
