0 0.6 6
10 1.6 22
20 1.2 34
30 1.8 52
40 2.4 76
50 2.4 100
60 3 130
70 4.3 173
80 1.8 191
90 2.7 218
100 3 248
110 3 278
120 3 308
130 2.9 337
140 3.6 373
150 4.1 414
160 3.8 452
170 4.5 497
180 5.2 549
190 7.2 621
200 6 681
210 6 741
220 7.5 816
230 7.2 888
240 7.9 967
250 9.6 1063
260 10.3 1166
270 11.2 1278
280 9.7 1375
290 12.5 1500
300 15 1650
310 16.3 1813
320 15.1 1964
330 17.5 2139
340 19.2 2331
350 18.9 2520
360 18.8 2708
370 22.7 2935
380 26.7 3202
390 27.5 3477
400 28.9 3766
410 25 4016
420 25.5 4271
430 31.1 4582
440 31 4892
450 30.7 5199
460 32.5 5524
470 28.9 5813
480 30.7 6120
490 33.3 6453
500 32.4 6777
510 28.5 7062
520 29.1 7353
530 30.3 7656
540 29.6 7952
550 37.5 8327
560 40.1 8728
570 41 9138
580 34.7 9485
590 38.3 9868
600 40.1 10269
610 45 10719
620 42.4 11143
630 51.4 11657
640 45.2 12109
650 42.5 12534
660 43.1 12965
670 46.6 13431
680 46 13891
690 46.7 14358
700 51.2 14870
710 45.2 15322
720 35.7 15679
730 19.8 15877
740 12.7 16004
750 9.8 16102
760 6.4 16166
770 2.4 16190
780 1.1 16201
790 0.5 16206
800 0 16206
810 0 16206
820 0 16206
830 0 16206
840 0 16206
850 0 16206
860 0 16206
870 0 16206
880 0 16206
890 0 16206
900 0 16206
910 0 16206
920 0 16206
930 0 16206
940 0 16206
948 0 16206
