30 0.2 2
40 0.3 5
50 0.3 8
60 0.1 9
70 0.2 11
80 0 11
90 0.5 16
100 0.4 20
110 0.4 24
120 0.4 28
130 0.5 33
140 0.2 35
150 0.7 42
160 0.2 44
170 0.6 50
180 0.9 59
190 0.4 63
200 0.6 69
210 1.1 80
220 1.1 91
230 0.7 98
240 0.6 104
250 1.8 122
260 1.1 133
270 1.9 152
280 1 162
290 2.8 190
300 1 200
310 1.9 219
320 2.8 247
330 2.2 269
340 1.9 288
350 2.7 315
360 3.4 349
370 2.8 377
380 3.1 408
390 3.2 440
400 3.3 473
410 3.2 505
420 4.3 548
430 4.8 596
440 3.3 629
450 4.1 670
460 3.6 706
470 2.7 733
480 3.9 772
490 3.5 807
500 3.6 843
510 3.5 878
520 5.6 934
530 5 984
540 5.9 1043
550 7.7 1120
560 5.4 1174
570 5.8 1232
580 6.8 1300
590 8.8 1388
600 8.5 1473
610 10.6 1579
620 8.6 1665
630 9 1755
640 8.9 1844
650 9.6 1940
660 9.3 2033
670 9.3 2126
680 12.4 2250
690 10.3 2353
700 11.5 2468
710 10.5 2573
720 11.5 2688
730 10.3 2791
740 8.6 2877
750 6.9 2946
760 4.9 2995
770 3 3025
780 1.3 3038
790 0.1 3039
800 0.1 3040
810 0 3040
820 0 3040
830 0 3040
840 0 3040
850 0 3040
860 0 3040
870 0 3040
880 0 3040
890 0 3040
900 0 3040
910 0 3040
920 0 3040
930 0 3040
940 0 3040
948 0 3040
