430 0.2 2
440 0.2 4
450 0.7 11
460 1.3 24
470 0.8 32
480 1.6 48
490 1.2 60
500 1.7 77
510 2.9 106
520 4.5 151
530 8.3 234
540 11.2 346
550 13.5 481
560 15.7 638
570 18.3 821
580 16.9 990
590 21.1 1201
600 22.7 1428
610 19.2 1620
620 20.5 1825
630 21.7 2042
640 19.9 2241
650 23.6 2477
660 22.2 2699
670 23.4 2933
680 24.1 3174
690 24.9 3423
700 22.5 3648
710 23.8 3886
720 25.8 4144
730 31.3 4457
740 28.2 4739
750 34.8 5087
760 32.3 5410
770 38.7 5797
780 35.8 6155
790 36.8 6523
800 33.4 6857
810 32.4 7181
820 30.4 7485
830 31.1 7796
840 31.7 8113
850 29.5 8408
860 32.5 8733
870 31.3 9046
880 28.5 9331
890 21.9 9550
900 10.5 9655
910 3.8 9693
920 1 9703
930 0.4 9707
940 0 9707
948 0 9707
