420 0.1 1
430 0 1
440 0.3 4
450 0.1 5
460 0.1 6
470 0.4 10
480 0.2 12
490 0.6 18
500 1.3 31
510 3.1 62
520 5.1 113
530 8.3 196
540 12.3 319
550 19.2 511
560 27.1 782
570 28.4 1066
580 27 1336
590 37.9 1715
600 42.2 2137
610 44.9 2586
620 48.1 3067
630 51.5 3582
640 54 4122
650 52.4 4646
660 50.5 5151
670 60.2 5753
680 61.7 6370
690 60.8 6978
700 65.6 7634
710 67.7 8311
720 65.4 8965
730 56.6 9531
740 49.5 10026
750 43.9 10465
760 31.2 10777
770 25.2 11029
780 16.4 11193
790 7.5 11268
800 3.4 11302
810 2.1 11323
820 1.2 11335
830 0.1 11336
840 0.5 11341
850 0.2 11343
860 0.5 11348
870 0.2 11350
880 0 11350
890 0 11350
900 0 11350
910 0 11350
920 0 11350
930 0 11350
940 0 11350
948 0 11350
