470 0.2 2
480 1.3 15
490 24.3 258
500 67.8 936
510 153.7 2473
520 218.3 4656
530 205.8 6714
540 281.7 9531
550 311.2 12643
560 291.3 15556
570 333.7 18893
580 428.8 23181
590 367.6 26857
600 413.3 30990
610 414.5 35135
620 398.2 39117
630 461.2 43729
640 482.4 48553
650 499.5 53548
660 523.7 58785
670 501.1 63796
680 586.2 69658
690 573.3 75391
700 617.8 81569
710 586.6 87435
720 563.5 93070
730 419.5 97265
740 284.2 100107
750 178.2 101889
760 116.6 103055
770 55.6 103611
780 24.2 103853
790 7.1 103924
800 5.3 103977
810 0.6 103983
820 0 103983
830 0 103983
840 0 103983
850 0 103983
860 0 103983
870 0 103983
880 0 103983
890 0 103983
900 0 103983
910 0 103983
920 0 103983
930 0 103983
940 0 103983
948 0 103983
