0 0.9 21.500325520833332 39.091503396395005 118.529052734375 1.261962890625 0 0
10 1 1.6675537109375 0.9838409249602887 118.529052734375 1.2080078125 21.500325520833332 9
20 0.8 1.2652587890625 0.10664866211056925 118.529052734375 1.112060546875 11.062024568256579 19
30 1 1.638232421875 0.8436447487635074 118.529052734375 1.112060546875 8.159279152199074 27
40 1.3 1.4933330829326923 0.5378506445203274 118.529052734375 1.112060546875 6.396834089949325 37
50 0.8 1.606231689453125 0.9401495165621011 118.529052734375 1.112060546875 5.121923828125 50
60 1.9 3.0475046258223686 6.054727695670148 118.529052734375 1.075927734375 4.637000774515086 58
70 1.9 1.559775904605263 0.44478746188181867 118.529052734375 1.075927734375 4.244787439123376 77
80 0.8 1.572906494140625 0.40766200905376615 118.529052734375 1.075927734375 3.71337890625 96
90 1.4 1.4939139229910714 0.3428213712680489 118.529052734375 1.075927734375 3.5487271822415867 104
100 1.8 2.1016303168402772 2.0122660312097786 118.529052734375 1.075927734375 3.304935778601695 118
110 1.3 1.846435546875 1.194778768173766 118.529052734375 0.9228515625 3.1456747616038605 136
120 1.3 4.102013221153846 6.989126682113835 118.529052734375 0.9228515625 3.0323183200503356 149
130 2.3 1.5999702785326086 0.47981196210660726 118.529052734375 0.9228515625 3.1181580343364197 162
140 1.9 1.5393965871710527 0.4682192170481888 118.529052734375 0.9228515625 2.9294103673986487 185
150 1.8 2.9990641276041665 5.279442924592785 118.529052734375 0.9228515625 2.799948299632353 204
160 2 2.32760009765625 2.3975592061586957 118.529052734375 0.9228515625 2.8160928262246623 222
170 2.3 1.6299040421195652 0.5523995034312145 118.529052734375 0.9228515625 2.7757215263429753 242
180 4.5 2.602669270833333 3.823975185785626 118.529052734375 0.9228515625 2.6762732163915093 265
190 4.2 1.9346110026041667 1.5423744054137136 118.529052734375 0.9228515625 2.665588772681452 310
200 3.2 1.5321502685546875 0.42984835664476095 118.529052734375 0.9228515625 2.578369834206321 352
210 3.5 1.4662179129464286 0.3752511458943265 118.529052734375 0.9228515625 2.491184870402018 384
220 4.7 1.8238914976728724 1.2178570194154639 118.529052734375 0.9228515625 2.4055671054594274 419
230 3.4 1.9965892118566178 1.5761689614742846 118.529052734375 0.9228515625 2.346900252313573 466
240 4.9 2.021140585140306 1.8652805391007852 118.529052734375 0.9228515625 2.3230791015625 500
250 6 1.8167195638020834 1.365588283621128 118.529052734375 0.9228515625 2.2961301265084244 549
260 5.8 1.565686456088362 0.7105861118104597 118.529052734375 0.836181640625 2.248897558754105 609
270 6.1 1.6332247374487705 0.8542645363979423 118.529052734375 0.836181640625 2.1894878976527363 667
280 6.3 1.6065305679563493 0.6742646540712047 118.529052734375 0.836181640625 2.1428779350532285 728
290 6.5 1.746506911057692 1.0158073748412972 118.529052734375 0.836181640625 2.100160003160557 791
300 9.8 2.172614895567601 3.1368946383104013 118.529052734375 0.836181640625 2.0733055043443347 856
310 9.9 1.8548300386679293 1.6945525138764594 118.529052734375 0.836181640625 2.083507097992008 954
320 8.7 2.672784213362069 3.859793878690098 118.529052734375 0.836181640625 2.0620075454059834 1053
330 10.4 2.0407127967247596 2.740271477536242 118.529052734375 0.836181640625 2.1086194490131582 1140
340 11.1 2.4766878695101355 3.3052647053249675 118.529052734375 0.836181640625 2.1029423655421025 1244
350 9.8 1.955259984853317 2.5174022748038074 118.529052734375 0.836181640625 2.1335591559040594 1355
360 12.7 2.33106429933563 5.326440252348605 118.529052734375 0.836181640625 2.1215334719653307 1453
370 17.1 2.626731827942251 5.49615971381988 118.529052734375 0.836181640625 2.1383755068235764 1580
380 15.3 1.7308006535947713 0.7415501341497532 118.529052734375 0.836181640625 2.186067643266348 1751
390 16.9 1.8247287005362427 1.3531930482078691 118.529052734375 0.836181640625 2.149483688739168 1904
400 16.5 2.234009528882574 2.2747604862708632 118.529052734375 0.836181640625 2.123008245899663 2073
410 14.3 2.1101996148382858 2.1178328698750954 118.529052734375 0.836181640625 2.1311919866021563 2238
420 17.8 2.7421038338307593 7.374542367834606 118.529052734375 0.836181640625 2.129931209969551 2381
430 20.5 2.1674852324695117 4.719942540069517 118.529052734375 0.836181640625 2.1725129712228903 2559
440 21.5 2.3435240279796523 4.351970039814926 118.529052734375 0.836181640625 2.1721400745353203 2764
450 20.7 2.051902881567029 2.186650775288759 118.529052734375 0.836181640625 2.184509174901393 2979
460 21.2 2.02583860001474 1.436634489785582 118.529052734375 0.836181640625 2.1758935117751492 3186
470 18.1 2.1149025595649182 3.3209470331971613 118.529052734375 0.836181640625 2.1665316397053416 3398
480 23.1 2.3776686367018405 3.438509025524251 118.529052734375 0.836181640625 2.163920613299805 3579
490 24.8 2.4757168677545374 4.473452995613429 118.529052734375 0.822998046875 2.176880139128117 3810
500 25.4 2.17215374323327 4.280800330836344 118.529052734375 0.822998046875 2.1951432018928663 4058
510 20.9 3.0283226487739228 5.565677334609544 118.529052734375 0.822998046875 2.193788999086851 4312
520 24.8 5.762519098097276 11.846812300479618 124.055908203125 0.822998046875 2.2323684135492705 4521
530 24.2 3.7887396694214885 6.182409076433571 124.055908203125 0.822998046875 2.4159451318902025 4769
540 31.9 3.179993632445141 4.3827104647342825 124.055908203125 0.822998046875 2.482242533223783 5011
550 32 3.0338378906250005 3.4130855096099104 124.055908203125 0.822998046875 2.5240028710571063 5330
560 32.3 3.113394627999226 4.700715264980083 124.055908203125 0.822998046875 2.5528784827848456 5650
570 36.1 3.2857730263157894 4.587103064116835 124.055908203125 0.72314453125 2.583189334099804 5973
580 33.4 4.608038074242138 6.061550235409395 124.055908203125 0.72314453125 2.623232389497652 6334
590 33 3.728858901515153 4.3965032192054085 124.055908203125 0.72314453125 2.722651270527145 6668
600 39.6 4.301412563131321 5.204588111731602 124.055908203125 0.72314453125 2.7701003300050018 6998
610 40.5 3.8949893904320994 6.482998691577568 124.055908203125 0.72314453125 2.8521127244218296 7394
620 41.4 5.1178745140776 7.582211349862733 124.055908203125 0.72314453125 2.906269032888833 7799
630 43.4 4.543379963817694 5.1982066218738465 124.055908203125 0.72314453125 3.017751398554503 8213
640 39.1 5.56918233495844 7.314928069477807 124.055908203125 0.72314453125 3.0943239436365224 8647
650 42.2 4.420535119223932 5.925052921181001 124.055908203125 0.72314453125 3.2013907317541226 9038
660 42.3 4.956072579602535 6.910792727149343 124.055908203125 0.72314453125 3.255775396818844 9460
670 43.3 5.1882515922705 7.388208101062431 124.055908203125 0.72314453125 3.3285494237658746 9883
680 48 5.4632298787434905 5.0115677992459435 124.055908203125 0.72314453125 3.4066078804314914 10316
690 43.5 4.5764659662356335 5.322383561981607 124.055908203125 0.72314453125 3.498047168981858 10796
700 48.9 6.324860305630113 8.916658699434384 124.055908203125 0.72314453125 3.5398165730247206 11231
710 43.9 5.874238659417709 5.819319582789318 124.055908203125 0.72314453125 3.656018483028478 11720
720 12.2 5.715163934426228 5.5225286318758835 124.055908203125 0.72314453125 3.736107195705086 12159
730 0 0 0 124.055908203125 0.72314453125 3.7557672333342675 12281
740 0 0 0 124.055908203125 0.72314453125 3.7557672333342675 12281
750 0 0 0 124.055908203125 0.72314453125 3.7557672333342675 12281
760 0 0 0 124.055908203125 0.72314453125 3.7557672333342675 12281
770 0.1 27.712890625 0.0 124.055908203125 0.72314453125 3.7557672333342675 12281
780 0 0 0 124.055908203125 0.72314453125 3.7577178214625584 12282
790 0 0 0 124.055908203125 0.72314453125 3.7577178214625584 12282
800 0 0 0 124.055908203125 0.72314453125 3.7577178214625584 12282
810 0 0 0 124.055908203125 0.72314453125 3.7577178214625584 12282
820 0 0 0 124.055908203125 0.72314453125 3.7577178214625584 12282
830 0 0 0 124.055908203125 0.72314453125 3.7577178214625584 12282
840 0 0 0 124.055908203125 0.72314453125 3.7577178214625584 12282
850 0 0 0 124.055908203125 0.72314453125 3.7577178214625584 12282
860 0 0 0 124.055908203125 0.72314453125 3.7577178214625584 12282
870 0 0 0 124.055908203125 0.72314453125 3.7577178214625584 12282
880 0 0 0 124.055908203125 0.72314453125 3.7577178214625584 12282
890 0 0 0 124.055908203125 0.72314453125 3.7577178214625584 12282
900 0 0 0 124.055908203125 0.72314453125 3.7577178214625584 12282
910 0 0 0 124.055908203125 0.72314453125 3.7577178214625584 12282
920 0 0 0 124.055908203125 0.72314453125 3.7577178214625584 12282
930 0 0 0 124.055908203125 0.72314453125 3.7577178214625584 12282
940 0 0 0 124.055908203125 0.72314453125 3.7577178214625584 12282
948 0 0 0 124.055908203125 0.72314453125 3.7577178214625584 12282
