0 9 9
10 19 10
20 27 8
30 35 8
40 45 10
50 50 5
60 66 16
70 79 13
80 84 5
90 87 3
100 96 9
110 95 -1
120 95 0
130 100 5
140 108 8
150 107 -1
160 114 7
170 119 5
180 145 26
190 174 29
200 188 14
210 193 5
220 216 23
230 228 12
240 250 22
250 270 20
260 289 19
270 314 25
280 351 37
290 364 13
300 418 54
310 463 45
320 489 26
330 537 48
340 593 56
350 628 35
360 671 43
370 752 81
380 818 66
390 912 94
400 998 86
410 1037 39
420 1099 62
430 1188 89
440 1285 97
450 1393 108
460 1497 104
470 1579 82
480 1684 105
490 1814 130
500 1950 136
510 2028 78
520 2107 79
530 2211 104
540 2339 128
550 2444 105
560 2561 117
570 2720 159
580 2801 81
590 2850 49
600 2958 108
610 3019 61
620 3116 97
630 3229 113
640 3277 48
650 3315 38
660 3405 90
670 3485 80
680 3542 57
690 3556 14
700 3633 77
710 3667 34
720 3353 -314
730 2911 -442
740 2556 -355
750 2217 -339
760 1912 -305
770 1644 -268
780 1395 -249
790 1226 -169
800 1073 -153
810 938 -135
820 828 -110
830 731 -97
840 646 -85
850 574 -72
860 496 -78
870 432 -64
880 349 -83
890 211 -138
900 98 -113
910 33 -65
920 8 -25
930 4 -4
940 2 -2
948 0 -2
