0 0.1 10.38351668680792 0 10.38351668680792 10.38351668680792 0 0
10 0.1 3.3366045142296366 0.0 10.38351668680792 3.3366045142296366 10.38351668680792 1
20 0.1 2.066929133858268 0.0 10.38351668680792 2.066929133858268 6.860060600518778 2
30 0.1 2.3622047244094486 0.0 10.38351668680792 2.066929133858268 5.2623501116319416 3
40 0.1 3.054187192118227 0.0 10.38351668680792 2.066929133858268 4.537313764826318 4
50 0.1 3.8272816486751715 0.0 10.38351668680792 2.066929133858268 4.2406884502847 5
60 0.1 4.027504911591356 0.0 10.38351668680792 2.066929133858268 4.171787316683112 6
70 0.1 4.616895874263261 0.0 10.38351668680792 2.066929133858268 4.151175544527147 7
80 0.1 4.81335952848723 0.0 10.38351668680792 2.066929133858268 4.209390585744162 8
90 0.1 5.0395256916996045 0.0 10.38351668680792 2.066929133858268 4.276498246048948 9
100 0.1 6.815968841285297 0.0 10.38351668680792 2.066929133858268 4.352800990614012 10
110 0.1 6.523855890944498 0.0 10.38351668680792 2.066929133858268 4.576725340675039 11
120 0.1 6.796116504854369 0.0 10.38351668680792 2.066929133858268 4.73898621986416 12
130 0.1 6.73828125 0.0 10.38351668680792 2.066929133858268 4.897227011017254 13
140 0.1 6.8426197458455515 0.0 10.38351668680792 2.066929133858268 5.028730885230307 14
150 0.1 6.485963213939981 0.0 10.38351668680792 2.066929133858268 5.149656809271323 15
160 0.1 6.829268292682928 0.0 10.38351668680792 2.066929133858268 5.233175959563114 16
170 0.1 6.653620352250488 0.0 10.38351668680792 2.066929133858268 5.327063743864279 17
180 0.1 8.809293320425944 0.0 10.38351668680792 2.066929133858268 5.4007613332190685 18
190 0.1 9.560975609756097 0.0 10.38351668680792 2.066929133858268 5.580157753598377 19
200 0.1 9.393346379647749 0.0 10.38351668680792 2.066929133858268 5.779198646406263 20
210 0.1 12.680115273775217 0.0 12.680115273775217 2.066929133858268 5.951300919417763 21
220 0.1 12.778315585672798 0.0 12.778315585672798 2.066929133858268 6.257156117343102 22
230 0.1 12.054001928640307 0.0 12.778315585672798 2.066929133858268 6.540684789879176 23
240 0.1 12.6953125 0.0 12.778315585672798 2.066929133858268 6.7704063373275565 24
250 0.1 14.492753623188406 0.0 14.492753623188406 2.066929133858268 7.007402583834454 25
260 0.1 14.932562620423893 0.0 14.932562620423893 2.066929133858268 7.295300700732683 26
270 0.1 16.619452313503306 0.0 16.619452313503306 2.066929133858268 7.578162253313838 27
280 0.1 16.940948693126813 0.0 16.940948693126813 2.066929133858268 7.9010654697491765 28
290 0.1 18.98854961832061 0.0 18.98854961832061 2.066929133858268 8.21278558090013 29
300 0.1 18.208373904576437 0.0 18.98854961832061 2.066929133858268 8.571977715480813 30
310 0.1 21.680993314231138 0.0 21.680993314231138 2.066929133858268 8.882829205451639 31
320 0.1 22.892720306513407 0.0 22.892720306513407 2.066929133858268 9.282771833851 32
330 0.1 25.497630331753555 0.0 25.497630331753555 2.066929133858268 9.69519451484077 33
340 0.1 26.822429906542055 0.0 26.822429906542055 2.066929133858268 10.159972038867616 34
350 0.1 27.77777777777778 0.0 27.77777777777778 2.066929133858268 10.636042263658315 35
360 0.1 29.450757575757574 0.0 29.450757575757574 2.066929133858268 11.112201583494967 36
370 0.1 33.14447592067989 0.0 33.14447592067989 2.066929133858268 11.607838231934496 37
380 0.1 33.67729831144465 0.0 33.67729831144465 2.066929133858268 12.174591855322532 38
390 0.1 36.93609022556391 0.0 36.93609022556391 2.066929133858268 12.725943302915406 39
400 0.1 39.64386129334583 0.0 39.64386129334583 2.066929133858268 13.331196975981618 40
410 0.1 40.76137418755803 0.0 40.76137418755803 2.066929133858268 13.972969276405134 41
420 0.1 42.5512104283054 0.0 42.5512104283054 2.066929133858268 14.610788440956396 42
430 0.1 44.899817850637525 0.0 44.899817850637525 2.066929133858268 15.260565696476139 43
440 0.1 45.041705282669135 0.0 45.041705282669135 2.066929133858268 15.934185063616171 44
450 0.1 45.74565416285453 0.0 45.74565416285453 2.066929133858268 16.58101884626179 45
460 0.1 45.94835262689225 0.0 45.94835262689225 2.066929133858268 17.215032657492067 46
470 0.1 46.16087751371115 0.0 46.16087751371115 2.066929133858268 17.826379890883562 47
480 0.1 46.54708520179372 0.0 46.54708520179372 2.066929133858268 18.416681924692472 48
490 0.1 46.42857142857143 0.0 46.54708520179372 2.066929133858268 18.99077178749046 49
500 0.1 46.66073018699911 0.0 46.66073018699911 2.066929133858268 19.539527780312078 50
510 0.1 47.46666666666667 0.0 47.46666666666667 2.066929133858268 20.071316062796136 51
520 0.1 45.99659284497445 0.0 47.46666666666667 2.066929133858268 20.598149728255184 52
530 0.1 48.709122203098104 0.0 48.709122203098104 2.066929133858268 21.07736563611781 53
540 0.1 49.03765690376569 0.0 49.03765690376569 2.066929133858268 21.58906483180263 54
560 0.1 49.34426229508197 0.0 49.34426229508197 2.066929133858268 22.088130142201962 55
570 0.1 49.754500818330605 0.0 49.754500818330605 2.066929133858268 22.574846787789106 56
580 0.1 50.527169505271694 0.0 50.527169505271694 2.066929133858268 23.05168282341264 57
590 0.1 50.753370340999204 0.0 50.753370340999204 2.066929133858268 23.525398111030903 58
600 0.1 50.19425019425019 0.0 50.753370340999204 2.066929133858268 23.986889165776127 59
610 0.1 51.457840819542945 0.0 51.457840819542945 2.066929133858268 24.423678516250693 60
620 0.1 51.710730948678076 0.0 51.710730948678076 2.066929133858268 24.866861504829256 61
630 0.1 52.373540856031134 0.0 52.373540856031134 2.066929133858268 25.299827141020366 62
640 0.1 53.32302936630603 0.0 53.32302936630603 2.066929133858268 25.72956862856022 63
650 0.1 52.30288836846214 0.0 53.32302936630603 2.066929133858268 26.160716452587497 64
660 0.1 52.47678018575851 0.0 53.32302936630603 2.066929133858268 26.562903712831723 65
670 0.1 54.072924747866566 0.0 54.072924747866566 2.066929133858268 26.955538204845766 66
680 0.1 55.29775715390565 0.0 55.29775715390565 2.066929133858268 27.360275317428165 67
690 0.1 54.42546583850931 0.0 55.29775715390565 2.066929133858268 27.771120638552834 68
700 0.1 55.521235521235525 0.0 55.521235521235525 2.066929133858268 28.157415496523218 69
710 0.1 55.201863354037265 0.0 55.521235521235525 2.066929133858268 28.54832721116196 70
720 0.1 54.86381322957199 0.0 55.521235521235525 2.066929133858268 28.92372912866725 71
730 0.1 50.55031446540881 0.0 55.521235521235525 2.066929133858268 29.28400807451315 72
740 0.1 49.63325183374083 0.0 55.521235521235525 2.066929133858268 29.575327340141857 73
750 0.1 46.87782805429864 0.0 55.521235521235525 2.066929133858268 29.846380373839143 74
760 0.1 44.27131072410632 0.0 55.521235521235525 2.066929133858268 30.073466342911935 75
770 0.1 39.7045244690674 0.0 55.521235521235525 2.066929133858268 30.260280084769754 76
780 0.1 34.81132075471698 0.0 55.521235521235525 2.066929133858268 30.382932609241156 77
790 0.1 29.665071770334926 0.0 55.521235521235525 2.066929133858268 30.439706816234438 78
800 0.1 25.486381322957197 0.0 55.521235521235525 2.066929133858268 30.42990130932432 79
810 0.1 22.771317829457363 0.0 55.521235521235525 2.066929133858268 30.36810730949473 80
820 0.1 20.382775119617225 0.0 55.521235521235525 2.066929133858268 30.274319785049826 81
830 0.1 18.937198067632853 0.0 55.521235521235525 2.066929133858268 30.15369119156894 82
840 0.1 17.766990291262136 0.0 55.521235521235525 2.066929133858268 30.018552720196215 83
850 0.1 17.302052785923756 0.0 55.521235521235525 2.066929133858268 29.87270078651843 84
860 0.1 17.11798839458414 0.0 55.521235521235525 2.066929133858268 29.724810810040847 85
870 0.1 16.3265306122449 0.0 55.521235521235525 2.066929133858268 29.578219851721585 86
880 0.1 16.586306653809064 0.0 55.521235521235525 2.066929133858268 29.42590158460116 87
890 0.1 15.988372093023257 0.0 55.521235521235525 2.066929133858268 29.279997096751252 88
900 0.1 10.388349514563107 0.0 55.521235521235525 2.066929133858268 29.13065299558577 89
910 0.1 4.906771344455349 0.0 55.521235521235525 2.066929133858268 28.922405179129964 90
920 0.1 2.366863905325444 0.0 55.521235521235525 2.066929133858268 28.658497115012658 91
930 0.1 1.477832512315271 0.0 55.521235521235525 1.477832512315271 28.372718493168232 92
940 0.1 1.3793103448275863 0.0 55.521235521235525 1.3793103448275863 28.08352617079347 93
