0 0 0
10 0 0
20 0 0
30 0.2 2
40 0.3 5
50 0.3 8
60 0.4 12
70 0.5 17
80 0.4 21
90 0.9 30
100 1 40
110 1.4 54
120 1.1 65
130 2 85
140 1.1 96
150 1.7 113
160 1.5 128
170 1.8 146
180 1.8 164
190 1.4 178
200 2 198
210 2.5 223
220 2.7 250
230 2.1 271
240 3 301
250 3.6 337
260 3.9 376
270 3.4 410
280 2.8 438
290 5 488
300 4.7 535
310 5.2 587
320 5.5 642
330 6 702
340 5.6 758
350 6 818
360 8.4 902
370 9.2 994
380 8.9 1083
390 6.9 1152
400 8.6 1238
410 10.9 1347
420 10.4 1451
430 12.2 1573
440 11.9 1692
450 10.1 1793
460 10.1 1894
470 10.2 1996
480 12.6 2122
490 11.6 2238
500 12.7 2365
510 12.8 2493
520 15.9 2652
530 14.5 2797
540 17.9 2976
550 22.5 3201
560 20.2 3403
570 20.2 3605
580 25.6 3861
590 28.4 4145
600 29.1 4436
610 33.2 4768
620 31.7 5085
630 31.9 5404
640 34.8 5752
650 37.2 6124
660 34.9 6473
670 36.1 6834
680 41.2 7246
690 41.9 7665
700 40.6 8071
710 41.3 8484
720 43.4 8918
730 44.2 9360
740 35.7 9717
750 34 10057
760 30.2 10359
770 27.2 10631
780 25.2 10883
790 17.7 11060
800 15.1 11211
810 13.6 11347
820 11.8 11465
830 8.7 11552
840 8.9 11641
850 6.6 11707
860 8 11787
870 6.3 11850
880 8.5 11935
890 13.8 12073
900 11.7 12190
910 5.7 12247
920 2.6 12273
930 0.4 12277
940 0.1 12278
948 0.2 12280
