0 0.1 3160.48046875 0 3160.48046875 3160.48046875 0 0
10 0.1 3159.34375 0.0 3160.48046875 3159.34375 3160.48046875 1
20 0.1 3155.73828125 0.0 3160.48046875 3155.73828125 3159.912109375 2
30 0.1 3152.2421875 0.0 3160.48046875 3152.2421875 3158.5208333333335 3
40 0.1 3145.6171875 0.0 3160.48046875 3145.6171875 3156.951171875 4
50 0.1 3143.09765625 0.0 3160.48046875 3143.09765625 3154.684375 5
60 0.1 3144.21484375 0.0 3160.48046875 3143.09765625 3152.7532552083335 6
70 0.1 3138.046875 0.0 3160.48046875 3138.046875 3151.5334821428573 7
80 0.1 3132.16796875 0.0 3160.48046875 3132.16796875 3149.84765625 8
90 0.1 3129.8828125 0.0 3160.48046875 3129.8828125 3147.883246527778 9
100 0.1 3129.33984375 0.0 3160.48046875 3129.33984375 3146.083203125 10
110 0.1 3130.46484375 0.0 3160.48046875 3129.33984375 3144.5610795454545 11
120 0.1 3128.5390625 0.0 3160.48046875 3128.5390625 3143.3863932291665 12
130 0.1 3126.17578125 0.0 3160.48046875 3126.17578125 3142.2442908653848 13
140 0.1 3125.58203125 0.0 3160.48046875 3125.58203125 3141.0965401785716 14
150 0.1 3124.015625 0.0 3160.48046875 3124.015625 3140.0622395833334 15
160 0.1 3123.578125 0.0 3160.48046875 3123.578125 3139.059326171875 16
170 0.1 3123.00390625 0.0 3160.48046875 3123.00390625 3138.1486672794117 17
180 0.1 3122.07421875 0.0 3160.48046875 3122.07421875 3137.3072916666665 18
190 0.1 3115.61328125 0.0 3160.48046875 3115.61328125 3136.505550986842 19
200 0.1 3103.73828125 0.0 3160.48046875 3103.73828125 3135.4609375 20
210 0.1 3091.6484375 0.0 3160.48046875 3091.6484375 3133.9503348214284 21
220 0.1 3086.71484375 0.0 3160.48046875 3086.71484375 3132.027521306818 22
230 0.1 3083.5625 0.0 3160.48046875 3083.5625 3130.0574048913045 23
240 0.1 3079.8203125 0.0 3160.48046875 3079.8203125 3128.1201171875 24
250 0.1 3072.13671875 0.0 3160.48046875 3072.13671875 3126.188125 25
260 0.1 3064.62890625 0.0 3160.48046875 3064.62890625 3124.1092247596152 26
270 0.1 3060.5859375 0.0 3160.48046875 3060.5859375 3121.90625 27
280 0.1 3053.921875 0.0 3160.48046875 3053.921875 3119.716238839286 28
290 0.1 3040.78515625 0.0 3160.48046875 3040.78515625 3117.447467672414 29
300 0.1 3032.5703125 0.0 3160.48046875 3032.5703125 3114.892057291667 30
310 0.1 3018.42578125 0.0 3160.48046875 3018.42578125 3112.2365171370966 31
320 0.1 3002.7890625 0.0 3160.48046875 3002.7890625 3109.304931640625 32
330 0.1 2992.375 0.0 3160.48046875 2992.375 3106.077178030303 33
340 0.1 2980.97265625 0.0 3160.48046875 2980.97265625 3102.7329963235293 34
350 0.1 2970.015625 0.0 3160.48046875 2970.015625 3099.2541294642856 35
360 0.1 2945.1171875 0.0 3160.48046875 2945.1171875 3095.6641710069443 36
370 0.1 2925.51953125 0.0 3160.48046875 2925.51953125 3091.595333614865 37
380 0.1 2897.5859375 0.0 3160.48046875 2897.5859375 3087.224917763158 38
390 0.1 2878.6640625 0.0 3160.48046875 2878.6640625 3082.3623798076924 39
400 0.1 2854.2421875 0.0 3160.48046875 2854.2421875 3077.269921875 40
410 0.1 2828.37890625 0.0 3160.48046875 2828.37890625 3071.8302210365855 41
420 0.1 2813.5546875 0.0 3160.48046875 2813.5546875 3066.033761160714 42
430 0.1 2792.28515625 0.0 3160.48046875 2792.28515625 3060.1621547965115 43
440 0.1 2749.7265625 0.0 3160.48046875 2749.7265625 3054.074041193182 44
450 0.1 2734.58984375 0.0 3160.48046875 2734.58984375 3047.3107638888887 45
460 0.1 2687.90625 0.0 3160.48046875 2687.90625 3040.5124830163045 46
470 0.1 2660.0625 0.0 3160.48046875 2660.0625 3033.010222739362 47
480 0.1 2634.66796875 0.0 3160.48046875 2634.66796875 3025.240478515625 48
490 0.1 2598.8515625 0.0 3160.48046875 2598.8515625 3017.269610969388 49
500 0.1 2568.859375 0.0 3160.48046875 2568.859375 3008.90125 50
510 0.1 2544.72265625 0.0 3160.48046875 2544.72265625 3000.2729779411766 51
520 0.1 2521.63671875 0.0 3160.48046875 2521.63671875 2991.512394831731 52
530 0.1 2528.38671875 0.0 3160.48046875 2521.63671875 2982.646816037736 53
540 0.1 2529.4296875 0.0 3160.48046875 2521.63671875 2974.2345920138887 54
560 0.1 2520.53515625 0.0 3160.48046875 2520.53515625 2966.1472301136364 55
570 0.1 2486.57421875 0.0 3160.48046875 2486.57421875 2958.189871651786 56
580 0.1 2457.3125 0.0 3160.48046875 2457.3125 2949.9159128289475 57
590 0.1 2448.390625 0.0 3160.48046875 2448.390625 2941.422750538793 58
600 0.1 2435.26953125 0.0 3160.48046875 2435.26953125 2933.066273834746 59
610 0.1 2419.40625 0.0 3160.48046875 2419.40625 2924.7696614583333 60
620 0.1 2414.0 0.0 3160.48046875 2414.0 2916.4850153688526 61
630 0.1 2383.046875 0.0 3160.48046875 2383.046875 2908.380418346774 62
640 0.1 2358.83203125 0.0 3160.48046875 2358.83203125 2900.0417906746034 63
650 0.1 2350.6875 0.0 3160.48046875 2350.6875 2891.5853881835938 64
660 0.1 2346.56640625 0.0 3160.48046875 2346.56640625 2883.2638822115387 65
670 0.1 2333.21875 0.0 3160.48046875 2333.21875 2875.1321022727275 66
680 0.1 2304.8046875 0.0 3160.48046875 2304.8046875 2867.043843283582 67
690 0.1 2308.6484375 0.0 3160.48046875 2304.8046875 2858.7756204044117 68
700 0.1 2314.1953125 0.0 3160.48046875 2304.8046875 2850.8027626811595 69
710 0.1 2301.5703125 0.0 3160.48046875 2301.5703125 2843.1369419642856 70
720 0.1 2305.37109375 0.0 3160.48046875 2301.5703125 2835.5092429577467 71
730 0.1 2318.9765625 0.0 3160.48046875 2301.5703125 2828.1462131076387 72
740 0.1 2332.01171875 0.0 3160.48046875 2301.5703125 2821.171286386986 73
750 0.1 2351.55078125 0.0 3160.48046875 2301.5703125 2814.5610219594596 74
760 0.1 2364.56640625 0.0 3160.48046875 2301.5703125 2808.3875520833335 75
770 0.1 2373.17578125 0.0 3160.48046875 2301.5703125 2802.5478001644738 76
780 0.1 2380.21875 0.0 3160.48046875 2301.5703125 2796.9715401785716 77
790 0.1 2393.25390625 0.0 3160.48046875 2301.5703125 2791.6285556891025 78
800 0.1 2394.515625 0.0 3160.48046875 2301.5703125 2786.5858386075947 79
810 0.1 2396.828125 0.0 3160.48046875 2301.5703125 2781.6849609374995 80
820 0.1 2399.41796875 0.0 3160.48046875 2301.5703125 2776.933641975308 81
830 0.1 2399.63671875 0.0 3160.48046875 2301.5703125 2772.3297923018285 82
840 0.1 2401.62109375 0.0 3160.48046875 2301.5703125 2767.839514307228 83
850 0.1 2412.78125 0.0 3160.48046875 2301.5703125 2763.479771205356 84
860 0.1 2413.703125 0.0 3160.48046875 2301.5703125 2759.353906249999 85
870 0.1 2423.796875 0.0 3160.48046875 2301.5703125 2755.334711119185 86
880 0.1 2444.84375 0.0 3160.48046875 2301.5703125 2751.5239313936772 87
890 0.1 2449.421875 0.0 3160.48046875 2301.5703125 2748.0389293323856 88
900 0.1 2542.80859375 0.0 3160.48046875 2301.5703125 2744.6836815308984 89
910 0.1 2684.59765625 0.0 3160.48046875 2301.5703125 2742.4406249999997 90
920 0.1 2832.19140625 0.0 3160.48046875 2301.5703125 2741.804987980769 91
930 0.1 2862.41796875 0.0 3160.48046875 2301.5703125 2742.7874490489125 92
940 0.1 2925.11328125 0.0 3160.48046875 2301.5703125 2744.0737987231178 93
