0 0.1 0.3984375 0 0.3984375 0.3984375 0 0
10 0.1 0.33984375 0.0 0.3984375 0.33984375 0.3984375 1
20 0.1 0.2890625 0.0 0.3984375 0.2890625 0.369140625 2
30 0.1 0.23828125 0.0 0.3984375 0.23828125 0.3424479166666667 3
40 0.1 0.2109375 0.0 0.3984375 0.2109375 0.31640625 4
50 0.1 0.1796875 0.0 0.3984375 0.1796875 0.2953125 5
60 0.1 0.1484375 0.0 0.3984375 0.1484375 0.2760416666666667 6
70 0.1 0.12890625 0.0 0.3984375 0.12890625 0.2578125 7
80 0.1 0.109375 0.0 0.3984375 0.109375 0.24169921875 8
90 0.1 0.08984375 0.0 0.3984375 0.08984375 0.2269965277777778 9
100 0.1 0.078125 0.0 0.3984375 0.078125 0.21328125 10
110 0.1 0.05859375 0.0 0.3984375 0.05859375 0.20099431818181818 11
120 0.1 0.05078125 0.0 0.3984375 0.05078125 0.18912760416666666 12
130 0.1 0.05078125 0.0 0.3984375 0.05078125 0.17848557692307693 13
140 0.1 0.0390625 0.0 0.3984375 0.0390625 0.16936383928571427 14
150 0.1 0.03125 0.0 0.3984375 0.03125 0.16067708333333333 15
160 0.1 0.03125 0.0 0.3984375 0.03125 0.152587890625 16
170 0.1 0.1796875 0.0 0.3984375 0.03125 0.14545036764705882 17
180 0.1 0.1484375 0.0 0.3984375 0.03125 0.14735243055555555 18
190 0.1 0.12890625 0.0 0.3984375 0.03125 0.1474095394736842 19
200 0.1 0.109375 0.0 0.3984375 0.03125 0.146484375 20
210 0.1 0.08984375 0.0 0.3984375 0.03125 0.14471726190476192 21
220 0.1 0.078125 0.0 0.3984375 0.03125 0.14222301136363638 22
230 0.1 0.140625 0.0 0.3984375 0.03125 0.13943614130434784 23
240 0.1 0.12109375 0.0 0.3984375 0.03125 0.13948567708333334 24
250 0.1 0.1015625 0.0 0.3984375 0.03125 0.13875 25
260 0.1 0.08984375 0.0 0.3984375 0.03125 0.13731971153846156 26
270 0.1 0.0703125 0.0 0.3984375 0.03125 0.13556134259259262 27
280 0.1 0.05859375 0.0 0.3984375 0.03125 0.1332310267857143 28
290 0.1 0.05078125 0.0 0.3984375 0.03125 0.1306573275862069 29
300 0.1 0.12109375 0.0 0.3984375 0.03125 0.1279947916666667 30
310 0.1 0.171875 0.0 0.3984375 0.03125 0.12777217741935487 31
320 0.1 0.1484375 0.0 0.3984375 0.03125 0.12915039062500003 32
330 0.1 0.28125 0.0 0.3984375 0.03125 0.1297348484848485 33
340 0.1 0.23828125 0.0 0.3984375 0.03125 0.13419117647058826 34
350 0.1 0.3515625 0.0 0.3984375 0.03125 0.1371651785714286 35
360 0.1 0.44921875 0.0 0.44921875 0.03125 0.14312065972222224 36
370 0.1 0.640625 0.0 0.640625 0.03125 0.1513935810810811 37
380 0.1 0.5390625 0.0 0.640625 0.03125 0.1642680921052632 38
390 0.1 0.4609375 0.0 0.640625 0.03125 0.17387820512820515 39
400 0.1 0.390625 0.0 0.640625 0.03125 0.18105468750000003 40
410 0.1 0.3984375 0.0 0.640625 0.03125 0.1861661585365854 41
420 0.1 0.48828125 0.0 0.640625 0.03125 0.19122023809523814 42
430 0.1 0.48828125 0.0 0.640625 0.03125 0.1981286337209303 43
440 0.1 0.421875 0.0 0.640625 0.03125 0.2047230113636364 44
450 0.1 0.51171875 0.0 0.640625 0.03125 0.20954861111111114 45
460 0.1 0.4296875 0.0 0.640625 0.03125 0.21611752717391308 46
470 0.1 0.44140625 0.0 0.640625 0.03125 0.2206615691489362 47
480 0.1 0.44921875 0.0 0.640625 0.03125 0.2252604166666667 48
490 0.1 0.44921875 0.0 0.640625 0.03125 0.22983099489795922 49
500 0.1 0.5390625 0.0 0.640625 0.03125 0.23421875000000003 50
510 0.1 0.44921875 0.0 0.640625 0.03125 0.24019607843137258 51
520 0.1 0.37890625 0.0 0.640625 0.03125 0.24421574519230774 52
530 0.1 0.41015625 0.0 0.640625 0.03125 0.24675707547169815 53
540 0.1 0.5 0.0 0.640625 0.03125 0.24978298611111113 54
560 0.1 0.5703125 0.0 0.640625 0.03125 0.2543323863636364 55
570 0.1 0.71875 0.0 0.71875 0.03125 0.2599748883928572 56
580 0.1 0.859375 0.0 0.859375 0.03125 0.2680235745614036 57
590 0.1 0.87890625 0.0 0.87890625 0.03125 0.27821928879310354 58
600 0.1 0.8984375 0.0 0.8984375 0.03125 0.28840042372881364 59
610 0.1 0.921875 0.0 0.921875 0.03125 0.2985677083333334 60
620 0.1 0.9296875 0.0 0.9296875 0.03125 0.30878586065573776 61
630 0.1 0.94140625 0.0 0.94140625 0.03125 0.3188004032258065 62
640 0.1 0.87890625 0.0 0.94140625 0.03125 0.32868303571428575 63
650 0.1 0.8984375 0.0 0.94140625 0.03125 0.33728027343750006 64
660 0.1 0.83984375 0.0 0.94140625 0.03125 0.3459134615384616 65
670 0.1 0.78125 0.0 0.94140625 0.03125 0.35339725378787884 66
680 0.1 0.8203125 0.0 0.94140625 0.03125 0.35978311567164184 67
690 0.1 0.83984375 0.0 0.94140625 0.03125 0.36655560661764713 68
700 0.1 0.87109375 0.0 0.94140625 0.03125 0.3734148550724638 69
710 0.1 0.890625 0.0 0.94140625 0.03125 0.3805245535714286 70
720 0.1 0.98828125 0.0 0.98828125 0.03125 0.3877090669014085 71
730 0.1 0.91015625 0.0 0.98828125 0.03125 0.39605034722222227 72
740 0.1 0.8515625 0.0 0.98828125 0.03125 0.4030928938356165 73
750 0.1 0.87890625 0.0 0.98828125 0.03125 0.40915329391891897 74
760 0.1 0.890625 0.0 0.98828125 0.03125 0.4154166666666667 75
770 0.1 0.91015625 0.0 0.98828125 0.03125 0.42166940789473684 76
780 0.1 0.83984375 0.0 0.98828125 0.03125 0.42801339285714285 77
790 0.1 0.7890625 0.0 0.98828125 0.03125 0.4332932692307692 78
800 0.1 0.671875 0.0 0.98828125 0.03125 0.4377966772151899 79
810 0.1 0.55859375 0.0 0.98828125 0.03125 0.44072265625 80
820 0.1 0.48046875 0.0 0.98828125 0.03125 0.4421778549382716 81
830 0.1 0.3984375 0.0 0.98828125 0.03125 0.4426448170731707 82
840 0.1 0.421875 0.0 0.98828125 0.03125 0.4421121987951807 83
850 0.1 0.4296875 0.0 0.98828125 0.03125 0.44187127976190477 84
860 0.1 0.359375 0.0 0.98828125 0.03125 0.4417279411764706 85
870 0.1 0.30859375 0.0 0.98828125 0.03125 0.4407703488372093 86
880 0.1 0.328125 0.0 0.98828125 0.03125 0.4392510775862069 87
890 0.1 0.28125 0.0 0.98828125 0.03125 0.43798828125 88
900 0.1 0.30859375 0.0 0.98828125 0.03125 0.43622717696629215 89
910 0.1 0.26171875 0.0 0.98828125 0.03125 0.4348090277777778 90
920 0.1 0.21875 0.0 0.98828125 0.03125 0.4329069368131868 91
930 0.1 0.19140625 0.0 0.98828125 0.03125 0.43057914402173914 92
940 0.1 0.16015625 0.0 0.98828125 0.03125 0.42800739247311825 93
