10 0.1 1
20 0.4 5
30 0.8 13
40 0.9 22
50 0.9 31
60 0.6 37
70 0.8 45
80 1.2 57
90 1.7 74
100 1.2 86
110 1.1 97
120 1.7 114
130 2 134
140 0.7 141
150 2.4 165
160 1.3 178
170 2.5 203
180 2 223
190 2 243
200 2.6 269
210 4.4 313
220 2.2 335
230 3.3 368
240 4.1 409
250 5 459
260 5.7 516
270 4.6 562
280 5.3 615
290 6.8 683
300 6.6 749
310 7.5 824
320 10 924
330 8.4 1008
340 9.5 1103
350 9.8 1201
360 13.4 1335
370 12.2 1457
380 12.9 1586
390 16.5 1751
400 16.8 1919
410 15.6 2075
420 20.5 2280
430 18.3 2463
440 20.7 2670
450 19.3 2863
460 19.6 3059
470 20 3259
480 22.8 3487
490 21.4 3701
500 24.4 3945
510 25.6 4201
520 28 4481
530 26.9 4750
540 32.5 5075
550 32.2 5397
560 34.3 5740
570 36.9 6109
580 42.3 6532
590 43.4 6966
600 47.2 7438
610 46 7898
620 49 8388
630 52.2 8910
640 53.4 9444
650 56.9 10013
660 57.7 10590
670 57.7 11167
680 64.3 11810
690 63 12440
700 62.9 13069
710 60.9 13678
720 67 14348
730 62 14968
740 52.1 15489
750 43.6 15925
760 35.2 16277
770 28.3 16560
780 23.1 16791
790 15.2 16943
800 12.4 17067
810 10.6 17173
820 7.9 17252
830 4.9 17301
840 4.6 17347
850 2.7 17374
860 1.4 17388
870 0.4 17392
880 0.1 17393
890 0.2 17395
900 0.1 17396
910 0 17396
920 0 17396
930 0 17396
940 0 17396
948 0 17396
