0 3.2 82.87029266357422 95.6873554546413 415.27001953125 9.494873046875 0 0
10 6.9 58.720313915307976 76.59017031221556 580.9658203125 7.92919921875 82.87029266357422 32
20 9.2 54.362556789232336 62.092029646879794 580.9658203125 7.92919921875 66.37179233060024 101
30 16.7 62.150769262256745 118.41727399386112 1415.5380859375 0.7158203125 60.647182642487046 193
40 21.2 52.56149810215212 74.18764932354915 1415.5380859375 0.615966796875 61.344679768880205 360
50 30.9 38.17139224944374 47.46800218413443 1415.5380859375 0.615966796875 58.08937467561735 572
60 32.3 40.228324394107965 94.21303432426784 1492.76416015625 0.615966796875 51.10338537971764 881
70 41.7 29.22846937293915 31.066780035703268 1492.76416015625 0.615966796875 48.185906394375515 1204
80 44.2 48.909555288461505 104.91810738281441 1492.76416015625 0.615966796875 43.30913203414173 1621
90 57.4 32.23332315371841 63.34987015790516 1492.76416015625 0.615966796875 44.50902882445164 2063
100 53 30.405537846403305 35.76520278038972 1492.76416015625 0.615966796875 41.83695637280171 2637
110 55.1 26.464726775181486 28.007846371313892 1492.76416015625 0.615966796875 39.923899278077634 3167
120 59.6 31.696588093802422 87.05206205284432 1492.76416015625 0.615966796875 37.929277425173986 3718
130 60 28.3606103515625 31.981204228883495 1492.76416015625 0.615966796875 37.06820119858672 4314
140 53.2 26.597682866835058 28.99236352094815 1492.76416015625 0.615966796875 36.00500329296716 4914
150 66.8 43.807221007204326 93.23250541615292 1492.76416015625 0.615966796875 35.086036259051944 5446
160 54.9 25.239738533839933 27.268518555159737 1492.76416015625 0.615966796875 36.038890595291036 6114
170 78.1 29.87328632662452 34.68426748522703 1492.76416015625 0.615966796875 35.14909103327143 6663
180 83.6 28.498421846964717 35.46265873045185 1492.76416015625 0.615966796875 34.59557095322156 7444
190 99.9 31.368032827749616 38.75419854808205 1492.76416015625 0.615966796875 33.97996507727582 8280
200 113.5 29.742557045016518 50.70854279402742 1492.76416015625 0.615966796875 33.69875801646359 9279
210 133.7 31.800783441239716 44.75957256656618 1492.76416015625 0.615966796875 33.267579977036625 10414
220 125 31.3214927734375 65.52255541419365 1492.76416015625 0.615966796875 33.100691459603176 11751
230 128.5 31.027608029851653 35.50234411279097 1492.76416015625 0.615966796875 32.92962782159786 13001
240 141.8 29.701122289315943 50.257310383582286 1492.76416015625 0.615966796875 32.75854456299546 14286
250 150.1 50.14668264776607 112.87605812771658 1601.79296875 0.615966796875 32.48247319365787 15704
260 153.7 33.00681290536559 36.589676723978336 1601.79296875 0.5830078125 34.02353558195292 17205
270 173.7 35.48720152157097 71.7025472762703 1601.79296875 0.5830078125 33.940155859729316 18742
280 172.5 36.92908528645822 63.03836135506196 1601.79296875 0.5830078125 34.071374098638394 20479
290 203.3 37.91970271285507 72.1467769483667 1755.62109375 0.5830078125 34.29338597933508 22204
300 211.2 32.79566238865699 47.159462862524855 1755.62109375 0.5830078125 34.597561492775114 24237
310 235.1 35.169513035510114 38.409421799428685 1755.62109375 0.55078125 34.453130550124634 26349
320 270.3 41.7701111178552 67.23967510095702 1755.62109375 0.55078125 34.51181400737694 28700
330 266.1 36.99328828888337 63.006559713623005 1755.62109375 0.55078125 35.13656887441584 31403
340 289.1 35.71545473492636 37.327599181787775 1755.62109375 0.55078125 35.28161145197274 34064
350 317.9 38.127200721532 71.48536664306454 1920.900146484375 0.55078125 35.31555113350485 36955
360 359.2 41.43325159969209 79.50751318139366 1920.900146484375 0.55078125 35.538260906772855 40134
370 367.1 39.327369301301616 65.47161276608652 2051.7919921875 0.55078125 36.02252213736715 43726
380 385.3 49.88834960684051 79.7978555774887 2051.7919921875 0.55078125 36.278489686764864 47397
390 437.9 66.18158476089717 179.90380365870124 2337.7548828125 0.55078125 37.30168559451221 51250
400 464.7 55.8484215601967 92.47841441179126 2337.7548828125 0.55078125 39.575051616723634 55629
410 463.8 48.92637207241813 90.92632148273313 2524.989013671875 0.55078125 40.82965295270013 60276
420 512.4 68.53579833412587 82.4935054409527 2524.989013671875 0.55078125 41.408150399741636 64914
430 547.5 138.72350746468334 124.12715713741491 2524.989013671875 0.55078125 43.39281683818626 70038
440 562.6 107.19306858468212 112.9508926250716 2524.989013671875 0.55078125 50.304680109147185 75513
450 550.5 303.10846469473864 207.600282782776 2524.989013671875 0.55078125 54.24919598392207 81139
460 557.2 390.68156701476096 284.4578049931456 2595.4990234375 0.55078125 70.06068061359112 86644
470 540 613.3713597276471 372.0516218574505 2643.3388671875 0.55078125 89.43366988906737 92216
480 546.1 749.8110957331667 290.818272754432 2840.697021484375 0.51904296875 118.41727426876261 97616
490 548.3 923.5373116604013 387.7771094755608 2840.697021484375 0.51904296875 151.86839972853647 103077
500 591.2 980.0186179939241 470.1198813333773 3067.5419921875 0.51904296875 190.842797703135 108560
510 622 948.517566074972 634.144346193021 3138.041015625 0.51904296875 231.60042794947597 114472
520 683.9 927.3216871698617 685.5199860007572 3713.014892578125 0.51904296875 268.54757108357427 120692
530 691.8 902.3830118568072 622.3115985403678 3713.014892578125 0.51904296875 303.8751085443808 127531
540 750.3 840.2177383929235 667.1099246861424 3713.014892578125 0.51904296875 334.67100643217 134449
550 802.9 783.6394546514474 639.3332730175757 3713.014892578125 0.51904296875 361.3921313892085 141952
560 825.6 768.3733582903253 589.9805203306873 3713.014892578125 0.51904296875 383.9964863306512 149981
570 874.5 720.6883862486148 580.5060679067217 3713.014892578125 0.51904296875 404.0513120344946 158237
580 894.6 680.0793236524175 637.9842584931246 3713.014892578125 0.51904296875 420.6338850902879 166982
590 906.4 698.4547546332868 582.8103101158924 3713.014892578125 0.51904296875 433.82677589434877 175928
600 959.6 657.9023945066216 575.7119253624894 3713.014892578125 0.51904296875 446.7926771186705 184992
610 967.7 659.7525303130966 578.9844475878568 3713.014892578125 0.514892578125 457.2034365080202 194588
620 966.6 655.7719433826131 552.8733048049305 3713.014892578125 0.514892578125 466.799145908807 204265
630 1032 614.5155664015182 551.2518544815399 3713.014892578125 0.514892578125 475.33746462083013 213931
640 1037.1 613.013300520419 563.3791202841959 3713.014892578125 0.514892578125 481.74242161266835 224251
650 1042.9 612.2327281451901 569.3248564675838 3713.014892578125 0.514892578125 487.5449903621986 234622
660 1045.7 575.7661625669807 556.4965236192542 3713.014892578125 0.514892578125 492.8515119325607 245051
670 1081.4 589.5005131378095 536.9045507573269 3713.014892578125 0.514892578125 496.2449027527469 255508
680 1153.2 546.9908100489374 538.797070409754 3713.014892578125 0.514892578125 500.03154512815735 266322
690 1120.4 572.5610070247288 565.670152302239 3713.014892578125 0.514892578125 501.98053360075966 277854
700 1174.4 546.8416461165 547.8083826509767 3713.014892578125 0.514892578125 504.71626007863654 289058
710 1141.5 558.8080449629376 548.0951331873017 3713.014892578125 0.514892578125 506.3609317684148 300802
720 1102 571.2798711150192 567.2819049716834 3713.014892578125 0.514892578125 508.2784564295174 312217
730 929.2 683.5551997171201 632.9331765496944 3713.014892578125 0.514892578125 510.42634045836996 323237
740 774.9 804.0045288101688 647.6512999197681 3713.014892578125 0.514892578125 515.2641541835858 332529
750 655.3 953.9523526021003 624.2825113259308 3713.014892578125 0.514892578125 521.8395106949718 340278
760 547.4 1123.470911942393 619.3163547737321 3713.014892578125 0.514892578125 530.0038196898926 346831
770 471.9 1278.656906732591 508.37119729941236 3713.014892578125 0.514892578125 539.2249174971623 352305
780 399.7 1441.7388888834591 426.68554009232497 3713.014892578125 0.514892578125 548.9984328832484 357024
790 336.7 1580.3347302837055 301.1801163504191 3713.014892578125 0.514892578125 558.8823000340037 361021
800 313.2 1664.9027511187444 315.95775314998383 3713.014892578125 0.514892578125 568.3206743291253 364388
810 281.1 1764.4176123098987 259.5476583282559 3713.014892578125 0.514892578125 577.6657305560111 367520
820 260.3 1729.0222623797965 275.8924484842744 3713.014892578125 0.514892578125 586.6737788684942 370331
830 246.1 1678.9759189647568 386.0058762272724 3713.014892578125 0.514892578125 594.6471283152594 372934
840 236.2 1636.4164848876746 321.09353171008263 3713.014892578125 0.514892578125 601.755728999308 375395
850 227.9 1392.5321737492811 299.5223712887141 3713.014892578125 0.514892578125 608.2251490376086 377757
860 228.3 1184.7627356283188 332.4036239969414 3713.014892578125 0.514892578125 612.9284816411459 380036
870 222.2 873.6775297891123 318.6399378893825 3713.014892578125 0.514892578125 616.3431631030998 382319
880 215.6 594.4166248441848 313.96670617437076 3713.014892578125 0.514892578125 617.8301227843206 384541
890 190 169.36774439761513 175.13510976884777 3713.014892578125 0.514892578125 617.6995825899075 386697
900 101.8 32.572621283690516 23.691020094078166 3713.014892578125 0.514892578125 615.5075160207746 388597
910 40.5 26.75721631462192 18.611857819000914 3713.014892578125 0.514892578125 613.9844028889846 389615
920 12.3 23.679554512830286 11.831090967194424 3713.014892578125 0.514892578125 613.3746213122382 390020
930 3.2 23.993972778320313 12.594318976108825 3713.014892578125 0.514892578125 613.188708728349 390143
940 1.9 28.58190275493421 22.342683540528977 3713.014892578125 0.514892578125 613.1403862280596 390175
948 0.3 21.721028645833332 1.1066426281443908 3713.014892578125 0.514892578125 613.1119218970191 390194
