10 0.1 285 0 285 285 0 0
20 0.1 406.0 0.0 406 285 285.0 1
30 0.1 626.0 0.0 626 285 345.5 2
40 0.1 1119.0 0.0 1119 285 439.0 3
50 0.1 1316.0 0.0 1316 285 609.0 4
60 0.1 1288.0 0.0 1316 285 750.4 5
70 0.1 1693.0 0.0 1693 285 840.0 6
80 0.1 1804.0 0.0 1804 285 961.8571428571429 7
90 0.1 2351.0 0.0 2351 285 1067.125 8
100 0.1 2545.0 0.0 2545 285 1209.7777777777778 9
110 0.1 2450.0 0.0 2545 285 1343.3 10
120 0.1 2369.0 0.0 2545 285 1443.909090909091 11
130 0.1 2693.0 0.0 2693 285 1521.0 12
140 0.1 2694.0 0.0 2694 285 1611.1538461538462 13
150 0.1 2327.0 0.0 2694 285 1688.5 14
160 0.1 3050.0 0.0 3050 285 1731.0666666666666 15
170 0.1 2529.0 0.0 3050 285 1813.5 16
180 0.1 3743.0 0.0 3743 285 1855.5882352941176 17
190 0.1 4111.0 0.0 4111 285 1960.4444444444443 18
200 0.1 4979.0 0.0 4979 285 2073.6315789473683 19
210 0.1 5530.0 0.0 5530 285 2218.9 20
220 0.1 5877.0 0.0 5877 285 2376.5714285714284 21
230 0.1 5824.0 0.0 5877 285 2535.681818181818 22
240 0.1 6413.0 0.0 6413 285 2678.6521739130435 23
250 0.1 7404.0 0.0 7404 285 2834.25 24
260 0.1 7753.0 0.0 7753 285 3017.04 25
270 0.1 8313.0 0.0 8313 285 3199.1923076923076 26
280 0.1 8925.0 0.0 8925 285 3388.5925925925926 27
290 0.1 10435.0 0.0 10435 285 3586.3214285714284 28
300 0.1 10517.0 0.0 10517 285 3822.4827586206898 29
310 0.1 11718.0 0.0 11718 285 4045.633333333333 30
320 0.1 1.34e4 0.0 13400 285 4293.129032258064 31
330 0.1 14814.0 0.0 14814 285 4577.71875 32
340 0.1 14056.0 0.0 14814 285 4887.909090909091 33
350 0.1 16283.0 0.0 16283 285 5157.558823529412 34
360 0.1 18363.0 0.0 18363 285 5475.428571428572 35
370 0.1 20217.0 0.0 20217 285 5833.416666666667 36
380 0.1 20885.0 0.0 20885 285 6222.1621621621625 37
390 0.1 23209.0 0.0 23209 285 6608.026315789473 38
400 0.1 25672.0 0.0 25672 285 7033.692307692308 39
410 0.1 27261.0 0.0 27261 285 7499.65 40
420 0.1 28858.0 0.0 28858 285 7981.634146341464 41
430 0.1 33310.0 0.0 33310 285 8478.690476190477 42
440 0.1 34356.0 0.0 34356 285 9056.162790697676 43
450 0.1 35051.0 0.0 35051 285 9631.159090909092 44
460 0.1 35397.0 0.0 35397 285 10196.044444444446 45
470 0.1 34269.0 0.0 35397 285 10743.891304347828 46
480 0.1 35352.0 0.0 35397 285 11244.425531914894 47
490 0.1 35076.0 0.0 35397 285 11746.666666666666 48
500 0.1 35908.0 0.0 35908 285 12222.775510204081 49
510 0.1 33998.0 0.0 35908 285 12696.48 50
520 0.1 34225.0 0.0 35908 285 13114.156862745098 51
530 0.1 35334.0 0.0 35908 285 13520.134615384615 52
540 0.1 35052.0 0.0 35908 285 13931.716981132075 53
560 0.1 36794.0 0.0 36794 285 14322.833333333334 54
570 0.1 38162.0 0.0 38162 285 14731.4 55
580 0.1 39191.0 0.0 39191 285 15149.80357142857 56
590 0.1 38415.0 0.0 39191 285 15571.578947368422 57
600 0.1 40372.0 0.0 40372 285 15965.431034482759 58
610 0.1 40666.0 0.0 40666 285 16379.101694915254 59
620 0.1 41514.0 0.0 41514 285 16783.883333333335 60
630 0.1 42874.0 0.0 42874 285 17189.295081967215 61
640 0.1 43990.0 0.0 43990 285 17603.564516129034 62
650 0.1 42224.0 0.0 43990 285 18022.396825396827 63
660 0.1 43785.0 0.0 43990 285 18400.546875 64
670 0.1 44460.0 0.0 44460 285 18791.076923076922 65
680 0.1 45378.0 0.0 45378 285 19180.0 66
690 0.1 44209.0 0.0 45378 285 19571.014925373136 67
700 0.1 44167.0 0.0 45378 285 19933.33823529412 68
710 0.1 44138.0 0.0 45378 285 20284.55072463768 69
720 0.1 44019.0 0.0 45378 285 20625.314285714285 70
730 0.1 37825.0 0.0 45378 285 20954.802816901407 71
740 0.1 31771.0 0.0 45378 285 21189.11111111111 72
750 0.1 26050.0 0.0 45378 285 21334.068493150684 73
760 0.1 22370.0 0.0 45378 285 21397.797297297297 74
770 0.1 19303.0 0.0 45378 285 21410.76 75
780 0.1 16068.0 0.0 45378 285 21383.02631578947 76
790 0.1 13529.0 0.0 45378 285 21313.999999999996 77
800 0.1 12082.0 0.0 45378 285 21214.192307692305 78
810 0.1 10633.0 0.0 45378 285 21098.594936708858 79
820 0.1 9225.0 0.0 45378 285 20967.774999999998 80
830 0.1 8822.0 0.0 45378 285 20822.8024691358 81
840 0.1 8423.0 0.0 45378 285 20676.451219512193 82
850 0.1 7318.0 0.0 45378 285 20528.819277108432 83
860 0.1 7433.0 0.0 45378 285 20371.547619047615 84
870 0.1 7111.0 0.0 45378 285 20219.329411764702 85
880 0.1 6793.0 0.0 45378 285 20066.906976744183 86
890 0.1 6115.0 0.0 45378 285 19914.333333333332 87
900 0.1 2933.0 0.0 45378 285 19757.522727272728 88
910 0.1 1088.0 0.0 45378 285 19568.483146067414 89
920 0.1 282.0 0.0 45378 282 19363.144444444442 90
930 0.1 65.0 0.0 45378 65 19153.461538461535 91
940 0.1 67.0 0.0 45378 65 18945.978260869564 92
