0 4.2 63.11627487909224 85.79556750628046 415.27001953125 9.494873046875 0 0
10 8.8 46.023454145951696 65.86591458998737 565.6298828125 7.92919921875 63.11627487909224 42
20 11.8 42.36777716167902 52.562316884999454 565.6298828125 7.92919921875 51.545750075120175 130
30 20.1 51.624848171253106 107.87888083572639 1415.5380859375 0.7158203125 47.1788113501764 248
40 24.9 44.741252117846386 65.46214491236375 1415.5380859375 0.615966796875 49.169130728876674 449
50 33.9 34.78756452802358 43.79905421059517 1415.5380859375 0.615966796875 47.58955798654638 698
60 34.8 37.33399419674928 90.30461024761556 1492.76416015625 0.615966796875 43.404528302419834 1037
70 46.1 26.430743500881242 25.935888321813014 1492.76416015625 0.615966796875 41.879224426049184 1385
80 49.7 43.49040335764587 98.40409779577948 1492.76416015625 0.615966796875 38.02128850703379 1846
90 62.4 29.633229182316708 59.36626453312159 1492.76416015625 0.615966796875 39.181403778375746 2343
100 57.4 28.070676584277 32.60519148362676 1492.76416015625 0.615966796875 37.17329425766768 2967
110 59.7 24.572263580271162 24.398594946197708 1492.76416015625 0.615966796875 35.6977499073355 3541
120 63.3 29.698350565881697 83.91103763595918 1492.76416015625 0.615966796875 34.09264711921143 4138
130 64.4 26.41896275111606 29.153460958299423 1492.76416015625 0.615966796875 33.509626847097046 4771
140 58.7 24.10053228479023 24.679657587220206 1492.76416015625 0.615966796875 32.666341957381114 5415
150 72.9 40.13713670267494 88.49027999688477 1492.76416015625 0.615966796875 31.828599491901134 6002
160 58.7 23.601981323866042 24.00887739606935 1492.76416015625 0.615966796875 32.72845443569167 6731
170 84.2 27.705164821017657 31.010263265894235 1492.76416015625 0.615966796875 31.99639106911041 7318
180 88 27.070916748046862 33.25527824353286 1492.76416015625 0.615966796875 31.553595419491035 8160
190 109.2 28.69248587919242 34.92618253754607 1492.76416015625 0.615966796875 31.117228469173458 9040
200 125.2 27.032406352960276 46.72218608157931 1492.76416015625 0.615966796875 30.855896164765714 10132
210 144.8 29.294571850181296 41.47288802581214 1492.76416015625 0.615966796875 30.43539289312302 11384
220 135.2 28.95344335793037 61.97967988106571 1492.76416015625 0.615966796875 30.306659346506777 12832
230 144.7 27.54850063574422 30.371132647238348 1492.76416015625 0.615966796875 30.177672599710718 14184
240 153.9 27.361490568144895 46.73234601444712 1492.76416015625 0.615966796875 29.934283703807733 15631
250 167.1 45.03860037145607 106.11392910259987 1601.79296875 0.615966796875 29.703676328398 17170
260 171.5 29.57553525874636 32.02706938030103 1601.79296875 0.5830078125 31.0637239944428 18841
270 190.9 32.284341723210694 67.3620531802265 1601.79296875 0.5830078125 30.939563472856914 20556
280 195.4 32.59518185852739 57.77871752755821 1601.79296875 0.5830078125 31.0538381970913 22465
290 224.9 34.26639585041259 67.45763712243621 1755.62109375 0.5830078125 31.17717598792819 24419
300 232.1 29.837254344672278 43.239663407875796 1755.62109375 0.5830078125 31.437700041877772 26668
310 262.9 31.485020222161452 33.72068958445412 1755.62109375 0.55078125 31.309560593700397 28989
320 300.3 37.55493009594571 62.39337116987521 1755.62109375 0.55078125 31.324149858145464 31618
330 294 33.4761810095131 58.54549559040825 1755.62109375 0.55078125 31.864603139509786 34621
340 321.7 32.08876966785342 32.52596252170532 1755.62109375 0.55078125 31.990745652696596 37561
350 349.4 34.6831926718123 66.77527985145899 1920.900146484375 0.55078125 31.998478823934995 40778
360 393 37.86231996958483 74.89365022802133 1920.900146484375 0.55078125 32.210359700888446 44272
370 405.8 35.56907603422239 60.53858607213719 2051.7919921875 0.55078125 32.67117468483054 48202
380 434.5 44.25469755780709 71.77680498062736 2051.7919921875 0.55078125 32.896197334578574 52260
390 488.5 59.32025122745022 164.28436442240542 2051.7919921875 0.55078125 33.76807585184609 56605
400 511.4 50.71791684744078 85.25162789955155 2157.781005859375 0.55078125 35.79803806862648 61490
410 509.8 44.50400849406322 85.03233396697085 2524.989013671875 0.55078125 36.943618815651526 66604
420 562 62.501115531514166 74.01406363502083 2524.989013671875 0.55078125 37.48116123539634 71702
430 599.2 126.89356471062956 107.68948900785476 2524.989013671875 0.55078125 39.29968821535266 77322
440 623.4 96.67408025482725 97.95132365105101 2524.989013671875 0.55078125 45.59949986717227 83314
450 603.7 277.3503028524628 170.89452690977672 2524.989013671875 0.55078125 49.155122931189794 89548
460 613 357.033326788399 238.93364051650414 2595.4990234375 0.55078125 63.5675757342941 95585
470 597.2 555.3977152574631 283.99345188336275 2643.3388671875 0.55078125 81.25370908691332 101715
480 599.4 683.4725378454636 180.44223052126642 2840.697021484375 0.51904296875 107.54832222360135 107687
490 606.5 839.610821528172 258.5457860319732 2840.697021484375 0.51904296875 137.91478406364007 113681
500 656.5 883.3682514176146 345.47258200740816 3067.5419921875 0.51904296875 173.45489786470554 119746
510 688.7 859.659411243557 526.4322801049276 3104.659912109375 0.51904296875 210.35256446599007 126311
520 752.5 838.7173170161967 565.5395069878358 3713.014892578125 0.51904296875 243.92496235302366 133198
530 765.2 816.2222475090765 514.5045678423455 3713.014892578125 0.51904296875 275.73079699867776 140723
540 820 768.2101332352797 573.3219181880359 3713.014892578125 0.51904296875 303.6050384767271 148375
550 888.2 711.0574184556018 541.9652175746266 3713.014892578125 0.51904296875 327.9369035702614 156575
560 920.1 688.11446796289 484.8246111095585 3713.014892578125 0.51904296875 348.50343392685915 165457
570 978.4 643.4654194667326 477.2923880320209 3713.014892578125 0.51904296875 366.3941753997119 174658
580 996.4 610.1652549520085 545.0963838703152 3713.014892578125 0.51904296875 381.0918313129623 184442
590 1012 626.6779379863495 490.62843183700755 3713.014892578125 0.51904296875 392.8326602644322 194406
600 1062.3 593.2722357572445 487.28763976525374 3713.014892578125 0.51904296875 404.4033857983291 204526
610 1075.1 593.8860653769126 491.46069693818447 3713.014892578125 0.514892578125 413.7288011761071 215149
620 1083.6 584.1723713471708 460.1691114814968 3713.014892578125 0.514892578125 422.30281953565935 225900
630 1153.7 549.9823275157116 463.64928801022387 3713.014892578125 0.514892578125 429.71199458055975 236736
640 1159.4 547.5262017387429 478.42406033287045 3713.014892578125 0.514892578125 435.30083763265503 248273
650 1166.1 547.7000912789863 491.5995630057548 3713.014892578125 0.514892578125 440.307786846853 259867
660 1171.7 512.7933304290093 477.7223938240847 3713.014892578125 0.514892578125 444.91984034403595 271528
670 1210.8 526.9930185217851 456.34787380522675 3713.014892578125 0.514892578125 447.7275639872623 283245
680 1282.7 491.7051120995082 465.78869137561816 3713.014892578125 0.514892578125 450.9770523063381 295353
690 1245.8 514.0791849089479 492.4120243905198 3713.014892578125 0.514892578125 452.6722266296784 308180
700 1304.9 492.4310047442875 477.91718157372856 3713.014892578125 0.514892578125 455.0581194004764 320638
710 1277.3 500.47146196215283 473.5198069926635 3713.014892578125 0.514892578125 456.5196051066963 333687
720 1224.8 513.7896286798099 493.5731153600142 3713.014892578125 0.514892578125 458.1399857209512 346460
730 1010.8 627.2743006631824 551.8183790654957 3713.014892578125 0.514892578125 460.04012964570364 358708
740 813.1 764.521886421853 585.270360190812 3713.014892578125 0.514892578125 464.62345303906153 368816
750 666.5 934.3363177220086 592.5881078432551 3713.014892578125 0.514892578125 471.0924637006014 376947
760 550.5 1115.793745387716 607.1938048283005 3713.014892578125 0.514892578125 479.1410135036646 383612
770 472.2 1277.5221790538274 507.1045016193618 3713.014892578125 0.514892578125 488.1480044318988 389117
780 399.7 1441.7388888834591 426.68554009232497 3713.014892578125 0.514892578125 497.61234100741507 393839
790 336.7 1580.3347302837055 301.1801163504191 3713.014892578125 0.514892578125 507.09784209796635 397836
800 313.2 1664.9027511187444 315.95775314998383 3713.014892578125 0.514892578125 516.1047254027308 401203
810 281.1 1764.4176123098987 259.5476583282559 3713.014892578125 0.514892578125 525.0033748309093 404335
820 260.3 1729.0222623797965 275.8924484842744 3713.014892578125 0.514892578125 533.5604856008872 407146
830 246.1 1678.9759189647568 386.0058762272724 3713.014892578125 0.514892578125 541.1548592417149 409749
840 236.2 1636.4164848876746 321.09353171008263 3713.014892578125 0.514892578125 547.9479443875833 412210
850 227.9 1392.5321737492811 299.5223712887141 3713.014892578125 0.514892578125 554.1494309632836 414572
860 228.3 1184.7627356283188 332.4036239969414 3713.014892578125 0.514892578125 558.7330214328022 416851
870 222.2 873.6775297891123 318.6399378893825 3713.014892578125 0.514892578125 562.142971084962 419134
880 215.6 594.4166248441848 313.96670617437076 3713.014892578125 0.514892578125 563.7858331527636 421356
890 190 169.36774439761513 175.13510976884777 3713.014892578125 0.514892578125 563.9417673102059 423512
900 101.8 32.572621283690516 23.691020094078166 3713.014892578125 0.514892578125 562.1794976903224 425412
910 40.5 26.75721631462192 18.611857819000914 3713.014892578125 0.514892578125 560.9151874865798 426430
920 12.3 23.679554512830286 11.831090967194424 3713.014892578125 0.514892578125 560.4083546862597 426835
930 3.2 23.993972778320313 12.594318976108825 3713.014892578125 0.514892578125 560.2537314155368 426958
940 1.9 28.58190275493421 22.342683540528977 3713.014892578125 0.514892578125 560.2135423893853 426990
948 0.3 21.721028645833332 1.1066426281443908 3713.014892578125 0.514892578125 560.1898871475684 427009
