10 0.1 191 0 191 191 0 0
20 0.1 278.0 0.0 278 191 191.0 1
30 0.1 423.0 0.0 423 191 234.5 2
40 0.1 678.0 0.0 678 191 297.3333333333333 3
50 0.1 877.0 0.0 877 191 392.5 4
60 0.1 942.0 0.0 942 191 489.4 5
70 0.1 1273.0 0.0 1273 191 564.8333333333334 6
80 0.1 1441.0 0.0 1441 191 666.0 7
90 0.1 1756.0 0.0 1756 191 762.875 8
100 0.1 1956.0 0.0 1956 191 873.2222222222222 9
110 0.1 1948.0 0.0 1956 191 981.5 10
120 0.1 1879.0 0.0 1956 191 1069.3636363636363 11
130 0.1 2062.0 0.0 2062 191 1136.8333333333333 12
140 0.1 2143.0 0.0 2143 191 1208.0 13
150 0.1 1915.0 0.0 2143 191 1274.7857142857142 14
160 0.1 2282.0 0.0 2282 191 1317.4666666666667 15
170 0.1 2118.0 0.0 2282 191 1377.75 16
180 0.1 2873.0 0.0 2873 191 1421.2941176470588 17
190 0.1 3407.0 0.0 3407 191 1501.9444444444443 18
200 0.1 3906.0 0.0 3906 191 1602.2105263157894 19
210 0.1 4372.0 0.0 4372 191 1717.4 20
220 0.1 4612.0 0.0 4612 191 1843.8095238095239 21
230 0.1 4485.0 0.0 4612 191 1969.6363636363637 22
240 0.1 5129.0 0.0 5129 191 2079.0 23
250 0.1 5694.0 0.0 5694 191 2206.0833333333335 24
260 0.1 5812.0 0.0 5812 191 2345.6 25
270 0.1 6271.0 0.0 6271 191 2478.923076923077 26
280 0.1 6887.0 0.0 6887 191 2619.3703703703704 27
290 0.1 7614.0 0.0 7614 191 2771.785714285714 28
300 0.1 8062.0 0.0 8062 191 2938.7586206896553 29
310 0.1 9010.0 0.0 9010 191 3109.5333333333333 30
320 0.1 9910.0 0.0 9910 191 3299.8709677419356 31
330 0.1 10805.0 0.0 10805 191 3506.4375 32
340 0.1 10717.0 0.0 10805 191 3727.6060606060605 33
350 0.1 12281.0 0.0 12281 191 3933.176470588235 34
360 0.1 13733.0 0.0 13733 191 4171.685714285714 35
370 0.1 14812.0 0.0 14812 191 4437.277777777777 36
380 0.1 15335.0 0.0 15335 191 4717.675675675676 37
390 0.1 17048.0 0.0 17048 191 4997.078947368421 38
400 0.1 18627.0 0.0 18627 191 5306.076923076923 39
410 0.1 19917.0 0.0 19917 191 5639.1 40
420 0.1 20478.0 0.0 20478 191 5987.341463414634 41
430 0.1 22214.0 0.0 22214 191 6332.357142857143 42
440 0.1 23293.0 0.0 23293 191 6701.697674418605 43
450 0.1 23858.0 0.0 23858 191 7078.772727272727 44
460 0.1 23962.0 0.0 23962 191 7451.644444444444 45
470 0.1 2.37e4 0.0 23962 191 7810.565217391304 46
480 0.1 24240.0 0.0 24240 191 8148.63829787234 47
490 0.1 23937.0 0.0 24240 191 8483.875 48
500 0.1 24681.0 0.0 24681 191 8799.244897959185 49
510 0.1 24032.0 0.0 24681 191 9116.880000000001 50
520 0.1 24510.0 0.0 24681 191 9409.333333333334 51
530 0.1 26784.0 0.0 26784 191 9699.73076923077 52
540 0.1 26996.0 0.0 26996 191 10022.075471698114 53
560 0.1 27661.0 0.0 27661 191 10336.407407407407 54
570 0.1 29113.0 0.0 29113 191 10651.4 55
580 0.1 29591.0 0.0 29591 191 10981.07142857143 56
590 0.1 29508.0 0.0 29591 191 11307.561403508771 57
600 0.1 30611.0 0.0 30611 191 11621.362068965518 58
610 0.1 31132.0 0.0 31132 191 11943.22033898305 59
620 0.1 31570.0 0.0 31570 191 12263.033333333333 60
630 0.1 32059.0 0.0 32059 191 12579.540983606557 61
640 0.1 33340.0 0.0 33340 191 12893.725806451614 62
650 0.1 32518.0 0.0 33340 191 13218.269841269841 63
660 0.1 33980.0 0.0 33980 191 13519.828125 64
670 0.1 34159.0 0.0 34159 191 13834.6 65
680 0.1 34820.0 0.0 34820 191 14142.545454545454 66
690 0.1 34741.0 0.0 34820 191 14451.164179104477 67
700 0.1 35107.0 0.0 35107 191 14749.544117647058 68
710 0.1 34914.0 0.0 35107 191 15044.579710144926 69
720 0.1 34857.0 0.0 35107 191 15328.42857142857 70
730 0.1 29822.0 0.0 35107 191 15603.478873239437 71
740 0.1 25383.0 0.0 35107 191 15800.958333333334 72
750 0.1 21612.0 0.0 35107 191 15932.219178082192 73
760 0.1 19117.0 0.0 35107 191 16008.972972972973 74
770 0.1 16399.0 0.0 35107 191 16050.413333333334 75
780 0.1 13889.0 0.0 35107 191 16055.0 76
790 0.1 11612.0 0.0 35107 191 16026.87012987013 77
800 0.1 10291.0 0.0 35107 191 15970.26923076923 78
810 0.1 8849.0 0.0 35107 191 15898.379746835442 79
820 0.1 7562.0 0.0 35107 191 15810.2625 80
830 0.1 7111.0 0.0 35107 191 15708.432098765432 81
840 0.1 6622.0 0.0 35107 191 15603.585365853658 82
850 0.1 5885.0 0.0 35107 191 15495.373493975903 83
860 0.1 5912.0 0.0 35107 191 15380.964285714286 84
870 0.1 5668.0 0.0 35107 191 15269.564705882352 85
880 0.1 5428.0 0.0 35107 191 15157.918604651162 86
890 0.1 5115.0 0.0 35107 191 15046.080459770115 87
900 0.1 3001.0 0.0 35107 191 14933.227272727272 88
910 0.1 1232.0 0.0 35107 191 14799.157303370786 89
920 0.1 387.0 0.0 35107 191 14648.41111111111 90
930 0.1 84.0 0.0 35107 84 14491.692307692309 91
940 0.1 64.0 0.0 35107 64 14335.08695652174 92
