30 0.2 27600.767944335938 4883.8699951171875 32484.637939453125 22716.89794921875 0 0
40 0.3 25748.57470703125 2443.7506319909203 32484.637939453125 22474.966064453125 27600.767944335938 2
50 0.3 27447.883382161457 5693.354178229687 35312.93408203125 22022.9921875 26489.452001953126 5
60 0.4 54685.801696777344 12932.692215668947 67425.16088867188 22022.9921875 26848.86376953125 8
70 0.5 41023.648828125 17497.407136414524 67425.16088867188 15642.968017578125 36127.84307861328 12
80 0.4 72262.841796875 12927.47205923585 87723.67407226563 15642.968017578125 37567.785946116725 17
90 0.9 49270.684109157984 25584.72831901625 94605.26098632813 15642.968017578125 44176.36801292783 21
100 1 50569.90144042969 26254.37691949084 94605.26098632813 15642.968017578125 45704.662841796875 30
110 1.4 63542.64632742746 21844.204880155976 100445.27807617188 15642.968017578125 46920.972491455075 40
120 1.1 68723.21994850853 24020.833922080426 119891.14306640625 15642.968017578125 51230.29533781829 54
130 2 63342.05299072266 23982.813141124716 119891.14306640625 15642.968017578125 54190.63642578125 65
140 1.1 77585.96446644176 29271.354780304842 123490.95703125 15642.968017578125 56343.910911649815 85
150 1.7 63782.655244715075 27356.039931248364 123490.95703125 15642.968017578125 58777.89621480306 96
160 1.5 63080.72457682292 28144.2820088843 123490.95703125 14533.9599609375 59530.82456443584 113
170 1.8 57591.57076009115 28230.751440354008 123490.95703125 10106.949951171875 59946.82847213745 128
180 1.8 52660.05463324653 27395.74028066668 123490.95703125 10106.949951171875 59656.45423366599 146
190 1.4 70874.94440569196 28467.888648173328 123490.95703125 10106.949951171875 58888.55671654678 164
200 2 61129.7017578125 30337.78493725524 140724.12890625 10106.949951171875 59831.30631007505 178
210 2.5 56735.91255859375 22230.870902441573 140724.12890625 10106.949951171875 59962.457365402064 198
220 2.7 47445.17975079571 21203.99598133378 140724.12890625 10106.949951171875 59600.73709558051 223
230 2.1 64912.47044735864 25760.928950075144 140724.12890625 10106.949951171875 58287.93690234375 250
240 3 64345.98799641927 29450.939278526017 140724.12890625 8285.97998046875 58801.27714014933 271
250 3.6 48957.7918226454 24420.8654682429 140724.12890625 8285.97998046875 59353.90612914634 301
260 3.9 64035.558424729556 22875.048205238043 140724.12890625 8285.97998046875 58243.34198957947 337
270 3.4 51994.89273609834 25964.6332095893 140724.12890625 8285.97998046875 58844.13039641685 376
280 2.8 57948.284955705916 27246.27537225308 140724.12890625 8285.97998046875 58276.144834341656 410
290 5 49119.421694335935 26798.306948401154 140724.12890625 8285.97998046875 58255.18575534211 438
300 4.7 66657.85455452128 29456.260916229036 140724.12890625 8285.97998046875 57319.14435564885 488
310 5.2 63265.71149151142 30784.744633406255 144935.47119140625 8285.97998046875 58139.554410503064 535
320 5.5 60155.085098544034 31118.895985510582 145065.03002929688 8285.97998046875 58593.66031887178 587
330 6 57743.49069824219 31099.468131332607 152527.19213867188 8285.97998046875 58727.42723924869 642
340 5.6 61801.05184064592 30395.33958082629 152527.19213867188 8285.97998046875 58643.33009899172 702
350 6 60648.35122070312 31779.425887098634 153399.42407226563 8285.97998046875 58876.61824877092 758
360 8.4 57899.123625255765 30664.95479883568 180849.291015625 8285.97998046875 59006.57421248233 818
370 9.2 62420.49790888247 28838.680107064567 180849.291015625 8285.97998046875 58903.44134183152 902
380 8.9 61808.61051615168 31540.049603617066 180849.291015625 8285.97998046875 59228.963680029396 994
390 6.9 63681.84966598729 35348.2494138057 180849.291015625 8285.97998046875 59440.956817993276 1083
400 8.6 60216.79065225291 32553.391996065377 180849.291015625 8285.97998046875 59694.968629201256 1152
410 10.9 67759.94082837585 28363.386642650807 180849.291015625 8285.97998046875 59731.21797813699 1238
420 10.4 65569.9264573317 30767.648291108882 180849.291015625 8285.97998046875 60380.90676111846 1347
430 12.2 64402.08372022285 33730.81303397727 186157.05004882813 8285.97998046875 60752.828227973165 1451
440 11.9 68281.1059857537 32637.893637685665 186157.05004882813 8285.97998046875 61035.86012247695 1573
450 10.1 62616.14424118195 30400.87293788779 186157.05004882813 8285.97998046875 61545.42528661994 1692
460 10.1 74455.38495900373 34897.39628584467 186157.05004882813 8285.97998046875 61605.73907045193 1793
470 10.2 81287.6717289943 35730.91880818478 203464.90283203125 8285.97998046875 62290.96305922898 1894
480 12.6 80525.25467936195 33046.753387695186 203464.90283203125 8285.97998046875 63261.73674876609 1996
490 11.6 85166.38458462413 34212.186095922145 203464.90283203125 8285.97998046875 64286.80897273173 2122
500 12.7 80342.33950156863 37055.43226662296 203464.90283203125 6737.659912109375 65369.03898657423 2238
510 12.8 82480.02498817444 37071.32304657673 203464.90283203125 6737.659912109375 66173.10205862678 2365
520 15.9 83999.27642860654 37868.74349986442 203464.90283203125 6737.659912109375 67010.36083719962 2493
530 14.5 86242.8045258621 40159.32698975402 203464.90283203125 6737.659912109375 68028.92704347176 2652
540 17.9 86880.28423288016 39874.99976960471 203464.90283203125 6286.7080078125 68973.15737416415 2797
550 22.5 84251.39606987851 42676.7814286526 203464.90283203125 6286.7080078125 70050.23254476568 2976
560 20.2 94682.88061644301 41811.771855384024 203464.90283203125 6286.7080078125 71048.43991532187 3201
570 20.2 87793.92582959472 43891.68242134534 203464.90283203125 6286.7080078125 72451.3658693702 3403
580 25.6 92901.63644218442 47210.41561704366 222201.11108398438 6286.7080078125 73311.05993648958 3605
590 28.4 87244.89560237403 45011.22788028145 222201.11108398438 6286.7080078125 74609.99482005805 3861
600 29.1 90741.24269507757 48181.19569647728 222201.11108398438 6286.7080078125 75475.69127896703 4145
610 33.2 89532.55742452233 47753.79964244662 222201.11108398438 6286.7080078125 76477.10594580387 4436
620 31.7 87339.38216402552 45414.03170302882 222201.11108398438 6286.7080078125 77386.16842292939 4768
630 31.9 86534.75071022725 44909.749679597284 222201.11108398438 5853.125 78006.65392065358 5085
640 34.8 84110.56700537675 44530.90424015887 222201.11108398438 5853.125 78510.07044098555 5404
650 37.2 89507.41298486861 47064.34812987378 222201.11108398438 5853.125 78848.90437777418 5752
660 34.9 86573.48123055269 45180.85208300201 241567.0029296875 5853.125 79496.35134084392 6124
670 36.1 80958.32687386383 42490.32589181326 241567.0029296875 5853.125 79877.9237696263 6473
680 41.2 83437.10953262472 42746.550091307705 241567.0029296875 5853.125 79934.99510714893 6834
690 41.9 83122.79560826559 42427.31251356256 241567.0029296875 5853.125 80134.12167950555 7246
700 40.6 82438.85632624883 42993.52225620445 241567.0029296875 5853.125 80297.49472270849 7665
710 41.3 83159.60278734099 43133.95801653711 241567.0029296875 5853.125 80405.21282592214 8071
720 43.4 80490.66929689748 41738.959222901336 241567.0029296875 5853.125 80539.29616562818 8484
730 44.2 83374.50705466986 41251.77438727556 241567.0029296875 5853.125 80536.92970890817 8918
740 35.7 83275.31755036004 38989.92356606911 241567.0029296875 5853.125 80670.92641690247 9360
750 34 84520.61759248617 39060.33538779613 241567.0029296875 5853.125 80766.61105564327 9717
760 30.2 93764.1569314919 39528.80696993459 241567.0029296875 5853.125 80893.52387482658 10057
770 27.2 100468.65241735122 39618.08360071183 241567.0029296875 5853.125 81268.74650086317 10359
780 25.2 111637.51849462115 39328.93045929491 241567.0029296875 5853.125 81759.986686103 10631
790 17.7 115314.85815015889 32704.228589293925 241567.0029296875 5853.125 82451.81228710884 10883
800 15.1 124092.53389674307 30782.8698279941 241567.0029296875 5853.125 82977.73987460973 11060
810 13.6 135510.80071841963 36881.91570753666 241567.0029296875 5853.125 83531.5115182938 11211
820 11.8 144435.00215174782 30757.929613311393 241567.0029296875 5853.125 84154.51172374169 11347
830 8.7 149654.78245947833 34062.14786517369 241567.0029296875 5853.125 84774.93020350659 11465
840 8.9 162616.54161363235 34224.06624868984 245171.00805664063 5853.125 85263.55097447868 11552
850 6.6 173318.32655658145 27600.576646944195 245171.00805664063 5853.125 85854.94485532094 11641
860 8 185167.3586730957 22780.693123041092 248082.93505859375 5853.125 86348.03302413304 11707
870 6.3 193804.80881851437 24403.979544274804 255965.07885742188 5853.125 87018.73346121771 11787
880 8.5 195350.28988108915 19949.70588000154 255965.07885742188 5853.125 87586.45689982612 11850
890 13.8 200740.83820553104 18674.603671264933 270758.5021972656 5853.125 88353.94125704501 11935
900 11.7 204781.97297759747 18934.901047807587 277268.7619628906 5853.125 89638.57571234948 12073
910 5.7 210488.75057394462 14134.305078713878 277268.7619628906 5853.125 90743.72562867713 12190
920 2.6 218975.7909405048 12338.112513488648 277268.7619628906 5853.125 91301.04304697388 12247
930 0.4 237771.70056152344 19968.26480007955 277268.7619628906 5853.125 91571.51835417112 12273
940 0.1 228725.421875 0.0 277268.7619628906 5853.125 91619.15220029227 12277
948 0.2 239304.91357421875 1315.16552734375 277268.7619628906 5853.125 91630.31902466716 12278
