0 21.13828125 21.13828125
10 48.40625 69.54453125
20 67.97109375 137.515625
30 111.81484375 249.33046875
40 139.53203125 388.8625
50 192.06953125 580.93203125
60 191.8734375 772.80546875
70 258.61640625 1031.421875
80 287.853125 1319.275
90 350.134375 1669.409375
100 320.42578125 1989.83515625
110 338.9125 2328.74765625
120 355.66484375 2684.4125
130 356.53359375 3040.94609375
140 333.43515625 3374.38125
150 408.446875 3782.828125
160 328.046875 4110.875
170 472.609375 4583.484375
180 480.96953125 5064.45390625
190 613.18984375 5677.64375
200 708.6453125 6386.2890625
210 813.625 7199.9140625
220 757.4265625 7957.340625
230 820.63125 8777.971875
240 863.70234375 9641.67421875
250 932.98984375 10574.6640625
260 961.23671875 11535.90078125
270 1067.24375 12603.14453125
280 1099.53671875 13702.68125
290 1254.80859375 14957.48984375
300 1294.22734375 16251.7171875
310 1473.91171875 17725.62890625
320 1673.65546875 19399.284375
330 1649.36640625 21048.65078125
340 1799.76328125 22848.4140625
350 1956.2234375 24804.6375
360 2183.7390625 26988.3765625
370 2240.971875 29229.3484375
380 2437.99921875 31667.34765625
390 2714.2484375 34381.59609375
400 2866.3875 37247.98359375
410 2837.67421875 40085.6578125
420 3129.79921875 43215.45703125
430 3337.0046875 46552.46171875
440 3496.4546875 50048.91640625
450 3396.0921875 53445.00859375
460 3434.89453125 56879.903125
470 3365.18671875 60245.08984375
480 3338.0921875 63583.18203125
490 3419.6328125 67002.81484375
500 3649.8375 70652.65234375
510 3819.43046875 74472.0828125
520 4139.8625 78611.9453125
530 4193.353125 82805.2984375
540 4437.03046875 87242.32890625
550 4804.03828125 92046.3671875
560 4991.8 97038.1671875
570 5287.990625 102326.1578125
580 5377.19921875 107703.35703125
590 5441.27578125 113144.6328125
600 5666.6140625 118811.246875
610 5702.3359375 124513.5828125
620 5761.68359375 130275.26640625
630 6132.46171875 136407.728125
640 6171.5265625 142579.2546875
650 6193.7609375 148773.015625
660 6216.8953125 154989.9109375
670 6413.0609375 161402.971875
680 6754.34140625 168157.31328125
690 6579.459375 174736.77265625
700 6841.0765625 181577.84921875
710 6740.796875 188318.64609375
720 6579.8734375 194898.51953125
730 5448.90859375 200347.428125
740 4350.35390625 204697.78203125
750 3535.5 208233.28203125
760 2947.80546875 211181.0875
770 2518.4203125 213699.5078125
780 2167.740625 215867.2484375
790 1825.07421875 217692.32265625
800 1735.88828125 219428.2109375
810 1580.4734375 221008.684375
820 1438.18828125 222446.87265625
830 1378.22578125 223825.0984375
840 1306.840625 225131.9390625
850 1257.434375 226389.3734375
860 1259.6703125 227649.04375
870 1220.78046875 228869.82421875
880 1170.9921875 230040.81640625
890 1054.8046875 231095.62109375
900 577.709375 231673.33046875
910 231.2625 231904.59296875
920 68.97109375 231973.5640625
930 18.18046875 231991.74453125
940 10.8609375 232002.60546875
948 1.721875 232004.32734375
