0 177.8859375 177.8859375
10 341.18359375 519.06953125
20 471.70234375 990.771875
30 918.534375 1909.30625
40 919.85078125 2829.15703125
50 1291.27890625 4120.4359375
60 1313.3875 5433.8234375
70 1587.51640625 7021.33984375
80 1780.709375 8802.04921875
90 2279.940625 11081.98984375
100 2050.8953125 13132.88515625
110 2062.075 15194.96015625
120 2341.39296875 17536.353125
130 2439.68125 19976.034375
140 1976.421875 21952.45625
150 2811.27890625 24763.73515625
160 1920.04765625 26683.7828125
170 3112.06015625 29795.84296875
180 3191.83046875 32987.6734375
190 3989.20625 36976.8796875
200 4390.59375 41367.4734375
210 5347.7171875 46715.190625
220 4866.38984375 51581.58046875
230 5325.51875 56907.09921875
240 5721.2546875 62628.35390625
250 6755.303125 69383.65703125
260 6744.01328125 76127.6703125
270 7682.96171875 83810.63203125
280 7900.81796875 91711.45
290 9260.25546875 100971.70546875
300 9261.55 110233.25546875
310 10576.23046875 120809.4859375
320 12532.253125 133341.7390625
330 11855.54765625 145197.28671875
340 12757.9765625 157955.26328125
350 14100.909375 172056.17265625
360 16206.02734375 188262.2
370 16515.3984375 204777.5984375
380 17792.4984375 222570.096875
390 20258.9328125 242829.0296875
400 20944.8984375 263773.928125
410 21116.0828125 284890.0109375
420 24177.67578125 309067.68671875
430 25872.62578125 334940.3125
440 26350.73125 361291.04375
450 26306.7109375 387597.7546875
460 25948.478125 413546.2328125
470 25875.40546875 439421.63828125
480 25545.9359375 464967.57421875
490 25688.690625 490656.26484375
500 25598.571875 516254.83671875
510 23853.125 540107.96171875
520 23280.453125 563388.41484375
530 23656.6515625 587045.06640625
540 22530.5515625 609575.61796875
550 23501.0578125 633076.67578125
560 24237.37109375 657314.046875
570 24471.596875 681785.64375
580 22190.7953125 703976.4390625
590 24323.50625 728299.9453125
600 24171.16796875 752471.11328125
610 24651.6703125 777122.78359375
620 25531.84921875 802654.6328125
630 25654.7484375 828309.38125
640 25208.92734375 853518.30859375
650 24848.2234375 878366.53203125
660 24303.2671875 902669.79921875
670 26279.8421875 928949.64140625
680 25659.7203125 954609.36171875
690 24556.11640625 979165.478125
700 24983.775 1004149.253125
710 24821.5984375 1028970.8515625
720 23758.515625 1052729.3671875
730 21342.04765625 1074071.41484375
740 17996.84375 1092068.25859375
750 15538.821875 1107607.08046875
760 13112.07890625 1120719.159375
770 11130.2328125 1131849.3921875
780 9430.6671875 1141280.059375
790 7667.7578125 1148947.8171875
800 7155.01328125 1156102.83046875
810 6181.71640625 1162284.546875
820 5449.98828125 1167734.53515625
830 5131.71015625 1172866.2453125
840 5140.92578125 1178007.17109375
850 4060.15 1182067.32109375
860 4211.46796875 1186278.7890625
870 4007.5234375 1190286.3125
880 3796.08828125 1194082.40078125
890 3418.2375 1197500.63828125
900 2068.38515625 1199569.0234375
910 796.3265625 1200365.35
920 162.12421875 1200527.47421875
930 43.4875 1200570.96171875
940 53.159375 1200624.12109375
948 1.36953125 1200625.490625
