0 9 9
10 19 19
20 27 27
30 35 35
40 45 45
50 50 50
60 65 66
70 79 80
80 84 85
90 88 91
100 97 97
110 95 101
120 97 101
130 101 103
140 108 108
150 109 110
160 114 114
170 119 125
180 146 146
190 177 177
200 190 190
210 199 200
220 219 219
230 233 233
240 250 252
250 276 276
260 292 293
270 319 321
280 355 355
290 369 371
300 423 423
310 466 467
320 500 502
330 544 544
340 597 599
350 636 637
360 682 682
370 759 759
380 822 823
390 921 922
400 1000 1001
410 1042 1044
420 1117 1119
430 1204 1205
440 1292 1292
450 1399 1403
460 1511 1511
470 1593 1593
480 1696 1696
490 1829 1829
500 1956 1958
510 2033 2036
520 2119 2128
530 2215 2218
540 2361 2361
550 2450 2451
560 2573 2575
570 2729 2731
580 2816 2821
590 2867 2870
600 2974 2976
610 3039 3042
620 3138 3140
630 3248 3254
640 3294 3298
650 3337 3340
660 3425 3431
670 3500 3501
680 3572 3574
690 3577 3578
700 3657 3663
710 3682 3691
720 3362 3708
730 2920 3708
740 2563 3708
750 2223 3708
760 1921 3708
770 1649 3708
780 1397 3708
790 1220 3708
800 1069 3708
810 933 3708
820 815 3708
830 728 3708
840 639 3708
850 573 3708
860 493 3708
870 430 3708
880 345 3708
890 207 3708
900 90 3708
910 33 3708
920 7 3708
930 3 3708
940 2 3708
948 0 3708
