0 0.9 9
10 1 19
20 0.8 27
30 1 37
40 1.3 50
50 0.8 58
60 1.9 77
70 1.9 96
80 0.9 105
90 1.3 118
100 1.9 137
110 1.2 149
120 1.3 162
130 2.4 186
140 1.8 204
150 1.8 222
160 2 242
170 2.3 265
180 4.5 310
190 4.5 355
200 3.3 388
210 3.4 422
220 4.7 469
230 3.5 504
240 4.7 551
250 6.2 613
260 5.5 668
270 6.1 729
280 6.4 793
290 6.4 857
300 10.1 958
310 9.5 1053
320 8.9 1142
330 10.4 1246
340 10.9 1355
350 9.9 1454
360 13 1584
370 16.9 1753
380 15.2 1905
390 16.8 2073
400 16.5 2238
410 15.1 2389
420 17.9 2568
430 20.9 2777
440 20.7 2984
450 20.8 3192
460 21.3 3405
470 18.4 3589
480 22.9 3818
490 24.9 4067
500 25.4 4321
510 20.5 4526
520 24.5 4771
530 24.1 5012
540 32.5 5337
550 31.4 5651
560 32.5 5976
570 35.8 6334
580 34.3 6677
590 33.5 7012
600 39.8 7410
610 39.7 7807
620 41.6 8223
630 42.9 8652
640 39.4 9046
650 41.5 9461
660 43.7 9898
670 43.6 10334
680 48.4 10818
690 42.4 11242
700 48.6 11728
710 43.8 12166
720 11.4 12280
730 0 12280
740 0 12280
750 0 12280
760 0 12280
770 0 12280
780 0 12280
790 0 12280
800 0 12280
810 0 12280
820 0 12280
830 0 12280
840 0 12280
850 0 12280
860 0 12280
870 0 12280
880 0 12280
890 0 12280
900 0 12280
910 0 12280
920 0 12280
930 0 12280
940 0 12280
948 0 12280
