0 3.2 32
10 8.9 121
20 14.9 270
30 19.2 462
40 22.1 683
50 30.9 992
60 33.3 1325
70 35.5 1680
80 44.5 2125
90 43.8 2563
100 54.1 3104
110 53.9 3643
120 43.5 4078
130 55.8 4636
140 53.6 5172
150 53.2 5704
160 53.8 6242
170 65.4 6896
180 70.9 7605
190 74.1 8346
200 91.6 9262
210 104.6 10308
220 112.4 11432
230 133.2 12764
240 132.4 14088
250 145.3 15541
260 160.7 17148
270 158 18728
280 180.5 20533
290 175.7 22290
300 180.6 24096
310 176.4 25860
320 193.6 27796
330 189.6 29692
340 173.5 31427
350 173.4 33161
360 170 34861
370 160.8 36469
380 163.4 38103
390 167.4 39777
400 170.1 41478
410 164.1 43119
420 159 44709
430 161.1 46320
440 165.5 47975
450 176.1 49736
460 151.6 51252
470 148.2 52734
480 143.3 54167
490 138.6 55553
500 177 57323
510 162.2 58945
520 167.6 60621
530 159.4 62215
540 137.6 63591
550 133.1 64922
560 125.9 66181
570 128.9 67470
580 123.9 68709
590 123.8 69947
600 121 71157
610 118.3 72340
620 122 73560
630 113.5 74695
640 102.5 75720
650 91.4 76634
660 85.9 77493
670 79.4 78287
680 68.1 78968
690 41.6 79384
700 27.8 79662
710 14.8 79810
720 5.3 79863
730 2.5 79888
740 0.5 79893
742 0.1 79894
