0 0.4 4
10 0.7 11
20 1.1 22
30 2.2 44
40 3.5 79
50 4.8 127
60 4.4 171
70 5 221
80 5.9 280
90 5.4 334
100 7.8 412
110 6.9 481
120 6.9 550
130 8.8 638
140 7.5 713
150 7 783
160 7.1 854
170 9.5 949
180 10.7 1056
190 9.9 1155
200 12.6 1281
210 14.2 1423
220 15.5 1578
230 17.2 1750
240 16.4 1914
250 19.3 2107
260 21.1 2318
270 19.7 2515
280 20.8 2723
290 18.7 2910
300 19.6 3106
310 18 3286
320 20 3486
330 19.9 3685
340 16.8 3853
350 19 4043
360 15.9 4202
370 15.8 4360
380 15 4510
390 14 4650
400 15.7 4807
410 12.9 4936
420 11.8 5054
430 11.6 5170
440 11.3 5283
450 10.9 5392
460 9.1 5483
470 9.2 5575
480 8.6 5661
490 8.2 5743
500 9.6 5839
510 9.9 5938
520 8.5 6023
530 7.4 6097
540 6.9 6166
550 7.1 6237
560 8.6 6323
570 8.6 6409
580 10.2 6511
590 11.9 6630
600 13.5 6765
610 14.7 6912
620 21.7 7129
630 20.4 7333
640 20.7 7540
650 20.5 7745
660 20.7 7952
670 19.2 8144
680 16.2 8306
690 8.2 8388
700 5.8 8446
710 2.3 8469
720 0.9 8478
730 0.5 8483
740 0 8483
742 0 8483
