0 1 10
10 2.1 31
20 1.8 49
30 2.1 70
40 1.7 87
50 1.6 103
60 2.7 130
70 3.7 167
80 3.1 198
90 3.1 229
100 3.7 266
110 2 286
120 1.9 305
130 3.1 336
140 2.9 365
150 4.7 412
160 4.5 457
170 4.7 504
180 3.5 539
190 4.5 584
200 7.4 658
210 6.6 724
220 7.9 803
230 7.9 882
240 8.5 967
250 12.2 1089
260 8.9 1178
270 8.7 1265
280 12.8 1393
290 11.2 1505
300 16.8 1673
310 15.8 1831
320 14.5 1976
330 15.3 2129
340 15.3 2282
350 14.1 2423
360 13.9 2562
370 16.9 2731
380 15 2881
390 16.7 3048
400 16.5 3213
410 15.9 3372
420 17 3542
430 19.5 3737
440 20.7 3944
450 20 4144
460 16.3 4307
470 18 4487
480 17.9 4666
490 17.9 4845
500 22.5 5070
510 23.3 5303
520 22.1 5524
530 21.7 5741
540 19.6 5937
550 8.9 6026
560 6.1 6087
570 5.1 6138
580 5 6188
590 3 6218
600 1.9 6237
610 0.5 6242
620 0.2 6244
630 0 6244
640 0 6244
650 0 6244
660 0 6244
670 0 6244
680 0 6244
690 0 6244
700 0 6244
710 0 6244
720 0 6244
730 0 6244
740 0 6244
742 0 6244
