20 0.1 1
30 0.1 2
40 0.1 3
50 0.4 7
60 0.2 9
70 0.3 12
80 0.2 14
90 0.4 18
100 0.4 22
110 0.5 27
120 0.4 31
130 0.3 34
140 0.5 39
150 0.1 40
160 0.4 44
170 0.7 51
180 0.7 58
190 0.4 62
200 0.9 71
210 0.5 76
220 1.2 88
230 0.7 95
240 0.8 103
250 1.1 114
260 1.3 127
270 1 137
280 1.3 150
290 1.2 162
300 1.7 179
310 0.5 184
320 1.4 198
330 1.1 209
340 1 219
350 1.4 233
360 2.3 256
370 1.7 273
380 2.4 297
390 2.9 326
400 3.4 360
410 2.3 383
420 3.5 418
430 3.5 453
440 3.8 491
450 4.5 536
460 3.6 572
470 5.3 625
480 4.7 672
490 5.5 727
500 5.4 781
510 5.3 834
520 5.5 889
530 5.8 947
540 7 1017
550 6.2 1079
560 4.7 1126
570 3.7 1163
580 2.7 1190
590 2.3 1213
600 1.7 1230
610 1.9 1249
620 1.7 1266
630 0.2 1268
640 0 1268
650 0 1268
660 0 1268
670 0 1268
680 0 1268
690 0 1268
700 0 1268
710 0 1268
720 0 1268
730 0 1268
740 0 1268
742 0 1268
