320 0.1 1
330 0 1
340 0.7 8
350 1.4 22
360 2.1 43
370 3.5 78
380 5.5 133
390 7 203
400 10.4 307
410 13 437
420 11.3 550
430 15.8 708
440 17.8 886
450 21.3 1099
460 17.9 1278
470 17.1 1449
480 20 1649
490 21.9 1868
500 31.7 2185
510 30.4 2489
520 30.1 2790
530 28.1 3071
540 25.6 3327
550 24.8 3575
560 23.8 3813
570 24.3 4056
580 26.5 4321
590 17.9 4500
600 14.5 4645
610 9 4735
620 5.5 4790
630 2.5 4815
640 1.3 4828
650 0.3 4831
660 0.4 4835
670 0 4835
680 0 4835
690 0 4835
700 0 4835
710 0 4835
720 0 4835
730 0 4835
740 0 4835
742 0 4835
