330 3.8 38
340 39.3 431
350 62.4 1055
360 78.5 1840
370 107.5 2915
380 131.9 4234
390 163.1 5865
400 144 7305
410 162 8925
420 199 10915
430 214.3 13058
440 245.4 15512
450 230.3 17815
460 277.6 20591
470 310.6 23697
480 336.6 27063
490 327.8 30341
500 300.9 33350
510 337.7 36727
520 368.2 40409
530 388 44289
540 354.4 47833
550 251.5 50348
560 167.7 52025
570 96.9 52994
580 48.5 53479
590 18.2 53661
600 0.3 53664
610 0 53664
620 0 53664
630 0 53664
640 0 53664
650 0 53664
660 0 53664
670 0 53664
680 0 53664
690 0 53664
700 0 53664
710 0 53664
720 0 53664
730 0 53664
740 0 53664
742 0 53664
