0 1 37.7908447265625 61.232165917640344 171.2958984375 1.273193359375 0 0
10 1.3 81.3114483173077 274.96571089410105 1033.819091796875 1.273193359375 37.7908447265625 10
20 1.2 10.774820963541666 30.566436536704202 1033.819091796875 1.04296875 62.38944675611413 23
30 1.1 2.9999556107954546 2.8879787147665192 1033.819091796875 1.04296875 44.693003627232144 35
40 0.6 1.6892496744791667 0.39012061085693983 1033.819091796875 1.04296875 34.72292692764945 46
50 0.8 1.983673095703125 1.2733349930718907 1033.819091796875 1.04296875 30.91134878305288 52
60 2 3.86558837890625 6.0854190896864795 1033.819091796875 1.04296875 27.054325358072912 60
70 1.6 2.375946044921875 1.0981551759678014 1033.819091796875 1.04296875 21.257141113281246 80
80 1.2 1.7100423177083333 0.4865874688818306 1033.819091796875 1.04296875 18.110275268554684 96
90 2 1.63551025390625 0.4768764117046274 1033.819091796875 1.02294921875 16.288027162905088 108
100 1.7 5.099566291360294 9.824156281106015 1033.819091796875 1.02294921875 13.99857139587402 128
110 0.5 1.553955078125 0.3521265887413164 1033.819091796875 1.02294921875 12.955239762931031 145
120 1.3 3.9278094951923075 5.806544754988336 1033.819091796875 1.02294921875 12.575196940104163 150
130 1.6 2.255889892578125 1.300159477217389 1033.819091796875 1.02294921875 11.885528002779905 163
140 2.1 2.3285435267857144 1.7515631544387447 1033.819091796875 1.02294921875 11.024778227566339 179
150 2.5 1.807509765625 0.9081171600150401 1033.819091796875 0.906005859375 10.111673583984373 200
160 2.4 2.6068318684895835 4.970824857527301 1033.819091796875 0.906005859375 9.188988715277778 225
170 2.1 1.9655994233630953 1.5458221465464104 1033.819091796875 0.906005859375 8.554563958960843 249
180 2.9 2.531872979525862 3.9970452311131264 1033.819091796875 0.906005859375 8.042088939525463 270
190 3.6 2.2015923394097223 1.3509093755512784 1033.819091796875 0.906005859375 7.507653277853261 299
200 4.6 2.004850968070652 1.06962332588745 1033.819091796875 0.906005859375 6.93744971431903 335
210 3.7 1.982461465371622 0.915914342322599 1033.819091796875 0.906005859375 6.341912857816601 381
220 4.5 1.7905381944444445 0.8509022430108575 1033.819091796875 0.906005859375 5.956028404418361 418
230 4.3 1.7056969930959303 0.6710921603543463 1033.819091796875 0.906005859375 5.551175144269709 463
240 4.9 2.451062260841837 3.3680297583757057 1033.819091796875 0.906005859375 5.2243854990118574 506
250 6.9 2.4023932857789854 3.428989516964816 1033.819091796875 0.906005859375 4.979533537443694 555
260 4.8 1.9553324381510417 1.388504984895009 1033.819091796875 0.906005859375 4.694561298076923 624
270 5.3 1.9047805498231132 0.9257527187353183 1033.819091796875 0.906005859375 4.498902093796503 672
280 7.6 1.9659327456825657 1.5828147605938863 1033.819091796875 0.906005859375 4.309262863685345 725
290 5.7 1.668028714364035 0.9053344813184001 1033.819091796875 0.89404296875 4.086924425522784 801
300 10.6 2.073246793926887 2.973915800048167 1033.819091796875 0.89404296875 3.9262285565996504 858
310 11.2 1.8370295933314733 1.2470494968388843 1033.819091796875 0.89404296875 3.722477449915716 964
320 10 1.9994116210937498 1.7548257809261505 1033.819091796875 0.89404296875 3.526222654434828 1076
330 11.5 1.770703125 1.0141568661135887 1033.819091796875 0.89404296875 3.396391784252763 1176
340 11.7 1.6759857438568375 0.7016350866649548 1033.819091796875 0.8779296875 3.251578309571069 1291
350 6.2 1.6480279737903225 0.678453938872281 1033.819091796875 0.8779296875 3.1206519386985083 1408
360 13.6 2.0427533318014723 1.8063271997659616 1033.819091796875 0.8779296875 3.0585412680697277 1470
370 16.5 2.146728515625 2.627244050286022 1033.819091796875 0.8779296875 2.9725218662437736 1606
380 16.3 1.7762159101802146 1.3302843179254464 1033.819091796875 0.8779296875 2.8955845975525834 1771
390 14.7 1.8505045572916667 1.187165105648673 1033.819091796875 0.865966796875 2.8012427691959667 1934
400 15.2 1.6743324681332241 1.053409058748915 1033.819091796875 0.847900390625 2.7340834625405455 2081
410 14.6 1.7139307309503422 1.0316092272266475 1033.819091796875 0.847900390625 2.6619463594729624 2233
420 18.2 1.961797357915522 1.3463426858590952 1033.819091796875 0.847900390625 2.6037663335106664 2379
430 20.3 2.1130599599753697 2.9732077602249447 1033.819091796875 0.847900390625 2.5581441728084737 2561
440 20.7 1.7978291534571256 1.0137131777298676 1033.819091796875 0.847900390625 2.525455281634407 2764
450 18.2 1.7643600296188187 0.8824183405765025 1033.819091796875 0.847900390625 2.474759014878198 2971
460 19.1 1.8271139254744764 1.4347466580837955 1033.819091796875 0.837158203125 2.4337527937182846 3153
470 20.4 1.9059244791666667 2.9802097508358694 1033.819091796875 0.820068359375 2.399103265059622 3344
480 22.9 2.2698937295305677 5.0636764424318095 1033.819091796875 0.820068359375 2.3707468748899028 3548
490 21.8 3.6945532002580275 10.885844530581684 1033.819091796875 0.820068359375 2.364632135602826 3777
500 28.5 2.280744586074562 3.6215039963103015 1033.819091796875 0.820068359375 2.437203547891896 3995
510 24.2 1.8931481227401858 1.3835556789260708 1033.819091796875 0.820068359375 2.426785135714807 4280
520 24.6 1.8942196233485773 1.5802452212122478 1033.819091796875 0.820068359375 2.39822694085858 4522
530 27.3 1.8922123612065018 1.423370688547914 1033.819091796875 0.820068359375 2.372223207614566 4768
540 3.9 2.1316293569711546 1.971954151448589 1033.819091796875 0.820068359375 2.346227777924147 5041
550 0 0 0 1033.819091796875 0.820068359375 2.3445802703617127 5080
560 0 0 0 1033.819091796875 0.820068359375 2.3445802703617127 5080
570 0 0 0 1033.819091796875 0.820068359375 2.3445802703617127 5080
580 0 0 0 1033.819091796875 0.820068359375 2.3445802703617127 5080
590 0 0 0 1033.819091796875 0.820068359375 2.3445802703617127 5080
600 0 0 0 1033.819091796875 0.820068359375 2.3445802703617127 5080
610 0 0 0 1033.819091796875 0.820068359375 2.3445802703617127 5080
620 0 0 0 1033.819091796875 0.820068359375 2.3445802703617127 5080
630 0 0 0 1033.819091796875 0.820068359375 2.3445802703617127 5080
640 0 0 0 1033.819091796875 0.820068359375 2.3445802703617127 5080
650 0 0 0 1033.819091796875 0.820068359375 2.3445802703617127 5080
660 0 0 0 1033.819091796875 0.820068359375 2.3445802703617127 5080
670 0 0 0 1033.819091796875 0.820068359375 2.3445802703617127 5080
680 0 0 0 1033.819091796875 0.820068359375 2.3445802703617127 5080
690 0 0 0 1033.819091796875 0.820068359375 2.3445802703617127 5080
700 0 0 0 1033.819091796875 0.820068359375 2.3445802703617127 5080
710 0 0 0 1033.819091796875 0.820068359375 2.3445802703617127 5080
720 0 0 0 1033.819091796875 0.820068359375 2.3445802703617127 5080
730 0 0 0 1033.819091796875 0.820068359375 2.3445802703617127 5080
740 0 0 0 1033.819091796875 0.820068359375 2.3445802703617127 5080
742 0 0 0 1033.819091796875 0.820068359375 2.3445802703617127 5080
