0 10 10
10 23 13
20 34 11
30 44 10
40 49 5
50 52 3
60 68 16
70 77 9
80 84 7
90 92 8
100 97 5
110 90 -7
120 92 2
130 96 4
140 93 -3
150 108 15
160 117 9
170 121 4
180 129 8
190 151 22
200 180 29
210 200 20
220 224 24
230 245 21
240 267 22
250 305 38
260 318 13
270 339 21
280 373 34
290 383 10
300 446 63
310 530 84
320 588 58
330 668 80
340 750 82
350 757 7
360 832 75
370 946 114
380 1034 88
390 1110 76
400 1173 63
410 1238 65
420 1310 72
430 1386 76
440 1450 64
450 1474 24
460 1551 77
470 1590 39
480 1647 57
490 1662 15
500 1734 72
510 1758 24
520 1803 45
530 1858 55
540 1668 -190
550 1444 -224
560 1267 -177
570 1107 -160
580 971 -136
590 828 -143
600 702 -126
610 581 -121
620 463 -118
630 380 -83
640 300 -80
650 247 -53
660 192 -55
670 143 -49
680 101 -42
690 64 -37
700 37 -27
710 15 -22
720 9 -6
730 4 -5
740 1 -3
742 0 -1
