0 0.1 4.078488850335761 0 4.078488850335761 4.078488850335761 0 0
10 0.1 2.4582104228121926 0.0 4.078488850335761 2.4582104228121926 4.078488850335761 1
20 0.1 1.8700787401574805 0.0 4.078488850335761 1.8700787401574805 3.268349636573977 2
30 0.1 1.9762845849802373 0.0 4.078488850335761 1.8700787401574805 2.802259337768478 3
40 0.1 2.8515240904621435 0.0 4.078488850335761 1.8700787401574805 2.595765649571418 4
50 0.1 3.1341821743388834 0.0 4.078488850335761 1.8700787401574805 2.646917337749563 5
60 0.1 3.1714568880079286 0.0 4.078488850335761 1.8700787401574805 2.7281281438477833 6
70 0.1 4.39453125 0.0 4.39453125 1.8700787401574805 2.791460821584947 7
80 0.1 3.857566765578635 0.0 4.39453125 1.8700787401574805 2.9918446251368285 8
90 0.1 4.3264503441494595 0.0 4.39453125 1.8700787401574805 3.088035974074807 9
100 0.1 4.911591355599214 0.0 4.911591355599214 1.8700787401574805 3.211877411082272 10
110 0.1 4.935834155972359 0.0 4.935834155972359 1.8700787401574805 3.366396860583812 11
120 0.1 5.31496062992126 0.0 5.31496062992126 1.8700787401574805 3.497183301866191 12
130 0.1 4.083665338645418 0.0 5.31496062992126 1.8700787401574805 3.6370123271011963 13
140 0.1 5.294117647058823 0.0 5.31496062992126 1.8700787401574805 3.668916113640069 14
150 0.1 5.128205128205128 0.0 5.31496062992126 1.8700787401574805 3.777262882534653 15
160 0.1 5.642023346303502 0.0 5.642023346303502 1.8700787401574805 3.861696772889058 16
170 0.1 5.2114060963618485 0.0 5.642023346303502 1.8700787401574805 3.966421865442849 17
180 0.1 7.017543859649122 0.0 7.017543859649122 1.8700787401574805 4.03558765604946 18
190 0.1 6.660137120470128 0.0 7.017543859649122 1.8700787401574805 4.1925327193968105 19
200 0.1 7.302823758519961 0.0 7.302823758519961 1.8700787401574805 4.315912939450476 20
210 0.1 9.426627793974733 0.0 9.426627793974733 1.8700787401574805 4.4581467879775944 21
220 0.1 9.903846153846153 0.0 9.903846153846153 1.8700787401574805 4.683986833704737 22
230 0.1 11.04594330400782 0.0 11.04594330400782 1.8700787401574805 4.910937238928277 23
240 0.1 12.047012732615084 0.0 12.047012732615084 1.8700787401574805 5.166562491639924 24
250 0.1 12.109375 0.0 12.109375 1.8700787401574805 5.44178050127893 25
260 0.1 13.470993117010815 0.0 13.470993117010815 1.8700787401574805 5.698226443537433 26
270 0.1 14.8895292987512 0.0 14.8895292987512 1.8700787401574805 5.986106690703114 27
280 0.1 15.139826422372227 0.0 15.139826422372227 1.8700787401574805 6.304086069561974 28
290 0.1 17.307692307692307 0.0 17.307692307692307 1.8700787401574805 6.608766771383017 29
300 0.1 16.47509578544061 0.0 17.307692307692307 1.8700787401574805 6.9653976225933265 30
310 0.1 18.72015281757402 0.0 18.72015281757402 1.8700787401574805 7.272162079459368 31
320 0.1 17.18146718146718 0.0 18.72015281757402 1.8700787401574805 7.62991179002545 32
330 0.1 17.22113502935421 0.0 18.72015281757402 1.8700787401574805 7.9193528624933816 33
340 0.1 18.89838556505223 0.0 18.89838556505223 1.8700787401574805 8.192934690930466 34
350 0.1 19.689621726479146 0.0 19.689621726479146 1.8700787401574805 8.498804715905374 35
360 0.1 18.792599805258035 0.0 19.689621726479146 1.8700787401574805 8.809660743976869 36
370 0.1 21.20343839541547 0.0 21.20343839541547 1.8700787401574805 9.079469907795277 37
380 0.1 22.66536964980545 0.0 22.66536964980545 1.8700787401574805 9.39852171010107 38
390 0.1 24.497607655502392 0.0 24.497607655502392 1.8700787401574805 9.738697298298618 39
400 0.1 25.04725897920605 0.0 25.04725897920605 1.8700787401574805 10.107670057228713 40
410 0.1 24.9031007751938 0.0 25.04725897920605 1.8700787401574805 10.472050274837917 41
420 0.1 25.48076923076923 0.0 25.48076923076923 1.8700787401574805 10.81564671532258 42
430 0.1 28.90995260663507 0.0 28.90995260663507 1.8700787401574805 11.156696076146922 43
440 0.1 30.922930542340627 0.0 30.922930542340627 1.8700787401574805 11.560179179112561 44
450 0.1 31.077216396568158 0.0 31.077216396568158 1.8700787401574805 11.990462542739852 45
460 0.1 31.693472090823082 0.0 31.693472090823082 1.8700787401574805 12.405391974344814 46
470 0.1 33.524904214559385 0.0 33.524904214559385 1.8700787401574805 12.815776657674139 47
480 0.1 32.21153846153847 0.0 33.524904214559385 1.8700787401574805 13.247216815109248 48
490 0.1 33.74407582938389 0.0 33.74407582938389 1.8700787401574805 13.634243787485353 49
500 0.1 36.77172874880611 0.0 36.77172874880611 1.8700787401574805 14.036440428323324 50
510 0.1 36.54024051803885 0.0 36.77172874880611 1.8700787401574805 14.482230395391614 51
520 0.1 36.97318007662835 0.0 36.97318007662835 1.8700787401574805 14.906422897750216 52
530 0.1 38.18181818181819 0.0 38.18181818181819 1.8700787401574805 15.322776806785651 53
540 0.1 33.460803059273424 0.0 38.18181818181819 1.8700787401574805 15.746092387804774 54
550 0.1 28.61271676300578 0.0 38.18181818181819 1.8700787401574805 16.06817803637693 55
560 0.1 23.13649564375605 0.0 38.18181818181819 1.8700787401574805 16.292187656495305 56
570 0.1 20.287081339712916 0.0 38.18181818181819 1.8700787401574805 16.41226323521918 57
580 0.1 17.874396135265698 0.0 38.18181818181819 1.8700787401574805 16.479070443917347 58
590 0.1 15.18375241779497 0.0 38.18181818181819 1.8700787401574805 16.502720031906303 59
600 0.1 14.437984496124031 0.0 38.18181818181819 1.8700787401574805 16.48073723833778 60
620 0.1 12.78048780487805 0.0 38.18181818181819 1.8700787401574805 16.447249488465424 61
630 0.1 12.438785504407443 0.0 38.18181818181819 1.8700787401574805 16.388108170988207 62
640 0.1 12.319538017324351 0.0 38.18181818181819 1.8700787401574805 16.32542050961391 63
650 0.1 10.842207163601161 0.0 38.18181818181819 1.8700787401574805 16.262828595671884 64
660 0.1 8.878048780487804 0.0 38.18181818181819 1.8700787401574805 16.179434419793875 65
670 0.1 8.780487804878048 0.0 38.18181818181819 1.8700787401574805 16.068807364652873 66
680 0.1 8.21917808219178 0.0 38.18181818181819 1.8700787401574805 15.96002647570101 67
690 0.1 6.41025641025641 0.0 38.18181818181819 1.8700787401574805 15.84619046991411 68
700 0.1 4.621435594886923 0.0 38.18181818181819 1.8700787401574805 15.709437802382839 69
710 0.1 2.9702970297029703 0.0 38.18181818181819 1.8700787401574805 15.55103777084718 70
720 0.1 1.6815034619188922 0.0 38.18181818181819 1.6815034619188922 15.373844239281771 71
730 0.1 1.4792899408284024 0.0 38.18181818181819 1.4792899408284024 15.183672839596177 72
740 0.1 1.7733990147783252 0.0 38.18181818181819 1.4792899408284024 14.995941567010318 73
742 0.1 1.7664376840039255 0.0 38.18181818181819 1.4792899408284024 14.817258559547723 74
