0 0 0
10 0 0
20 0.1 1
30 0.1 2
40 0.1 3
50 0.4 7
60 0.4 11
70 0.8 19
80 0.5 24
90 1.1 35
100 1.2 47
110 1.2 59
120 1.2 71
130 1.1 82
140 2.1 103
150 1.3 116
160 1.5 131
170 1.7 148
180 2.2 170
190 1.3 183
200 1.6 199
210 1.7 216
220 2 236
230 2.6 262
240 2.7 289
250 3.1 320
260 3.2 352
270 3 382
280 4.6 428
290 4.8 476
300 4.1 517
310 3 547
320 3.9 586
330 3.8 624
340 3.1 655
350 5.6 711
360 6.1 772
370 5.1 823
380 7.4 897
390 6.6 963
400 9.1 1054
410 8.2 1136
420 10.8 1244
430 13 1374
440 14 1514
450 15.8 1672
460 12.2 1794
470 15.9 1953
480 18.3 2136
490 20 2336
500 21.4 2550
510 20.9 2759
520 20.5 2964
530 22.6 3190
540 21.1 3401
550 23.2 3633
560 17.9 3812
570 15.6 3968
580 14.2 4110
590 13.6 4246
600 12.9 4375
610 12.5 4500
620 11.5 4615
630 8.7 4702
640 8 4782
650 5.2 4834
660 5.4 4888
670 4.9 4937
680 4.3 4980
690 3.9 5019
700 2.4 5043
710 2.3 5066
720 0.6 5072
730 0.4 5076
740 0.3 5079
742 0.1 5080
