0 0.1 3159.33984375 0 3159.33984375 3159.33984375 0 0
10 0.1 3158.140625 0.0 3159.33984375 3158.140625 3159.33984375 1
20 0.1 3154.52734375 0.0 3159.33984375 3154.52734375 3158.740234375 2
30 0.1 3151.88671875 0.0 3159.33984375 3151.88671875 3157.3359375 3
40 0.1 3150.4453125 0.0 3159.33984375 3150.4453125 3155.9736328125 4
50 0.1 3147.9453125 0.0 3159.33984375 3147.9453125 3154.86796875 5
60 0.1 3145.546875 0.0 3159.33984375 3145.546875 3153.7141927083335 6
70 0.1 3142.4296875 0.0 3159.33984375 3142.4296875 3152.547433035714 7
80 0.1 3140.16015625 0.0 3159.33984375 3140.16015625 3151.28271484375 8
90 0.1 3135.3359375 0.0 3159.33984375 3135.3359375 3150.046875 9
100 0.1 3133.78125 0.0 3159.33984375 3133.78125 3148.57578125 10
110 0.1 3131.8984375 0.0 3159.33984375 3131.8984375 3147.2308238636365 11
120 0.1 3130.8515625 0.0 3159.33984375 3130.8515625 3145.953125 12
130 0.1 3130.2734375 0.0 3159.33984375 3130.2734375 3144.791466346154 13
140 0.1 3129.20703125 0.0 3159.33984375 3129.20703125 3143.754464285714 14
150 0.1 3128.77734375 0.0 3159.33984375 3128.77734375 3142.784635416667 15
160 0.1 3127.23828125 0.0 3159.33984375 3127.23828125 3141.9091796875 16
170 0.1 3126.54296875 0.0 3159.33984375 3126.54296875 3141.046185661765 17
180 0.1 3125.6171875 0.0 3159.33984375 3125.6171875 3140.2404513888887 18
190 0.1 3124.9375 0.0 3159.33984375 3124.9375 3139.4708059210525 19
200 0.1 3119.29296875 0.0 3159.33984375 3119.29296875 3138.744140625 20
210 0.1 3113.34765625 0.0 3159.33984375 3113.34765625 3137.817894345238 21
220 0.1 3103.91796875 0.0 3159.33984375 3103.91796875 3136.7056107954545 22
230 0.1 3097.1171875 0.0 3159.33984375 3097.1171875 3135.2800611413045 23
240 0.1 3090.234375 0.0 3159.33984375 3090.234375 3133.68994140625 24
250 0.1 3085.51171875 0.0 3159.33984375 3085.51171875 3131.95171875 25
260 0.1 3078.625 0.0 3159.33984375 3078.625 3130.165564903846 26
270 0.1 3070.6640625 0.0 3159.33984375 3070.6640625 3128.2566550925926 27
280 0.1 3056.7890625 0.0 3159.33984375 3056.7890625 3126.199776785714 28
290 0.1 3053.78125 0.0 3159.33984375 3053.78125 3123.8063038793102 29
300 0.1 3050.64453125 0.0 3159.33984375 3050.64453125 3121.472135416667 30
310 0.1 3043.2421875 0.0 3159.33984375 3043.2421875 3119.1873739919356 31
320 0.1 3023.9375 0.0 3159.33984375 3023.9375 3116.8140869140625 32
330 0.1 3004.79296875 0.0 3159.33984375 3004.79296875 3113.9996448863635 33
340 0.1 2990.26953125 0.0 3159.33984375 2990.26953125 3110.7876838235293 34
350 0.1 2977.9453125 0.0 3159.33984375 2977.9453125 3107.344308035714 35
360 0.1 2973.45703125 0.0 3159.33984375 2973.45703125 3103.7498914930557 36
370 0.1 2965.16015625 0.0 3159.33984375 2965.16015625 3100.228462837838 37
380 0.1 2952.59375 0.0 3159.33984375 2952.59375 3096.6740337171054 38
390 0.1 2943.0546875 0.0 3159.33984375 2943.0546875 3092.9796674679487 39
400 0.1 2928.6171875 0.0 3159.33984375 2928.6171875 3089.23154296875 40
410 0.1 2923.5234375 0.0 3159.33984375 2923.5234375 3085.3141196646343 41
420 0.1 2915.05078125 0.0 3159.33984375 2915.05078125 3081.461960565476 42
430 0.1 2906.26171875 0.0 3159.33984375 2906.26171875 3077.591933139535 43
440 0.1 2900.609375 0.0 3159.33984375 2900.609375 3073.698064630682 44
450 0.1 2891.5390625 0.0 3159.33984375 2891.5390625 3069.8516493055554 45
460 0.1 2881.97265625 0.0 3159.33984375 2881.97265625 3065.975288722826 46
470 0.1 2879.09375 0.0 3159.33984375 2879.09375 3062.060339095745 47
480 0.1 2876.88671875 0.0 3159.33984375 2876.88671875 3058.24853515625 48
490 0.1 2876.78125 0.0 3159.33984375 2876.78125 3054.547273596939 49
500 0.1 2874.984375 0.0 3159.33984375 2874.984375 3050.991953125 50
510 0.1 2865.265625 0.0 3159.33984375 2865.265625 3047.540824142157 51
520 0.1 2856.66796875 0.0 3159.33984375 2856.66796875 3044.0355318509614 52
530 0.1 2851.6953125 0.0 3159.33984375 2851.6953125 3040.5002948113206 53
540 0.1 2853.57421875 0.0 3159.33984375 2851.6953125 3037.00390625 54
550 0.1 2852.69140625 0.0 3159.33984375 2851.6953125 3033.668821022727 55
560 0.1 2853.55859375 0.0 3159.33984375 2851.6953125 3030.437081473214 56
570 0.1 2852.12890625 0.0 3159.33984375 2851.6953125 3027.3339501096493 57
580 0.1 2852.24609375 0.0 3159.33984375 2851.6953125 3024.3131734913795 58
590 0.1 2852.19921875 0.0 3159.33984375 2851.6953125 3021.396782309322 59
600 0.1 2851.98046875 0.0 3159.33984375 2851.6953125 3018.5768229166665 60
620 0.1 2852.546875 0.0 3159.33984375 2851.6953125 3015.8457351434427 61
630 0.1 2853.72265625 0.0 3159.33984375 2851.6953125 3013.211882560484 62
640 0.1 2853.45703125 0.0 3159.33984375 2851.6953125 3010.6803075396824 63
650 0.1 2853.828125 0.0 3159.33984375 2851.6953125 3008.2236938476563 64
660 0.1 2864.15625 0.0 3159.33984375 2851.6953125 3005.8483774038464 65
670 0.1 2864.40625 0.0 3159.33984375 2851.6953125 3003.7015269886365 66
680 0.1 2874.53125 0.0 3159.33984375 2851.6953125 3001.6224930037315 67
690 0.1 2894.43359375 0.0 3159.33984375 2851.6953125 2999.7535041360293 68
700 0.1 2915.24609375 0.0 3159.33984375 2851.6953125 2998.2271286231885 69
710 0.1 2935.7421875 0.0 3159.33984375 2851.6953125 2997.0416852678572 70
720 0.1 2976.53515625 0.0 3159.33984375 2851.6953125 2996.1783120598593 71
730 0.1 3010.1796875 0.0 3159.33984375 2851.6953125 2995.9054904513887 72
740 0.1 3025.12890625 0.0 3159.33984375 2851.6953125 2996.10102739726 73
742 0.1 3025.7421875 0.0 3159.33984375 2851.6953125 2996.4932960304054 74
