0 0.1 0.0 0 0.0 0.0 0 0
10 0.1 0.0 0.0 0.0 0.0 0.0 1
20 0.1 0.0 0.0 0.0 0.0 0.0 2
30 0.1 0.0 0.0 0.0 0.0 0.0 3
40 0.1 0.0 0.0 0.0 0.0 0.0 4
50 0.1 0.0 0.0 0.0 0.0 0.0 5
60 0.1 0.0 0.0 0.0 0.0 0.0 6
70 0.1 0.0 0.0 0.0 0.0 0.0 7
80 0.1 0.0 0.0 0.0 0.0 0.0 8
90 0.1 0.0 0.0 0.0 0.0 0.0 9
100 0.1 0.0 0.0 0.0 0.0 0.0 10
110 0.1 0.0 0.0 0.0 0.0 0.0 11
120 0.1 0.0 0.0 0.0 0.0 0.0 12
130 0.1 0.0 0.0 0.0 0.0 0.0 13
140 0.1 0.0 0.0 0.0 0.0 0.0 14
150 0.1 0.0 0.0 0.0 0.0 0.0 15
160 0.1 0.0 0.0 0.0 0.0 0.0 16
170 0.1 0.0 0.0 0.0 0.0 0.0 17
180 0.1 0.078125 0.0 0.078125 0.0 0.0 18
190 0.1 0.1484375 0.0 0.1484375 0.0 0.004111842105263158 19
200 0.1 0.12890625 0.0 0.1484375 0.0 0.011328125 20
210 0.1 0.109375 0.0 0.1484375 0.0 0.016927083333333332 21
220 0.1 0.08984375 0.0 0.1484375 0.0 0.021129261363636364 22
230 0.1 0.16015625 0.0 0.16015625 0.0 0.024116847826086956 23
240 0.1 0.12890625 0.0 0.16015625 0.0 0.02978515625 24
250 0.1 0.109375 0.0 0.16015625 0.0 0.03375 25
260 0.1 0.08984375 0.0 0.16015625 0.0 0.03665865384615385 26
270 0.1 0.078125 0.0 0.16015625 0.0 0.038628472222222224 27
280 0.1 0.0703125 0.0 0.16015625 0.0 0.0400390625 28
290 0.1 0.05859375 0.0 0.16015625 0.0 0.041082974137931036 29
300 0.1 0.05078125 0.0 0.16015625 0.0 0.041666666666666664 30
310 0.1 0.0390625 0.0 0.16015625 0.0 0.04196068548387097 31
320 0.1 0.12109375 0.0 0.16015625 0.0 0.0418701171875 32
330 0.1 0.1015625 0.0 0.16015625 0.0 0.044270833333333336 33
340 0.1 0.078125 0.0 0.16015625 0.0 0.04595588235294118 34
350 0.1 0.0703125 0.0 0.16015625 0.0 0.046875 35
360 0.1 0.140625 0.0 0.16015625 0.0 0.047526041666666664 36
370 0.1 0.12109375 0.0 0.16015625 0.0 0.05004222972972973 37
380 0.1 0.1015625 0.0 0.16015625 0.0 0.051912006578947366 38
390 0.1 0.16015625 0.0 0.16015625 0.0 0.05318509615384615 39
400 0.1 0.140625 0.0 0.16015625 0.0 0.055859375 40
410 0.1 0.12109375 0.0 0.16015625 0.0 0.057926829268292686 41
420 0.1 0.171875 0.0 0.171875 0.0 0.05943080357142857 42
430 0.1 0.30078125 0.0 0.30078125 0.0 0.06204578488372093 43
440 0.1 0.25 0.0 0.30078125 0.0 0.06747159090909091 44
450 0.1 0.21875 0.0 0.30078125 0.0 0.07152777777777777 45
460 0.1 0.1796875 0.0 0.30078125 0.0 0.07472826086956522 46
470 0.1 0.1484375 0.0 0.30078125 0.0 0.07696143617021277 47
480 0.1 0.19921875 0.0 0.30078125 0.0 0.07845052083333333 48
490 0.1 0.171875 0.0 0.30078125 0.0 0.08091517857142858 49
500 0.1 0.37109375 0.0 0.37109375 0.0 0.082734375 50
510 0.1 0.46875 0.0 0.46875 0.0 0.08838848039215687 51
520 0.1 0.390625 0.0 0.46875 0.0 0.095703125 52
530 0.1 0.328125 0.0 0.46875 0.0 0.10126768867924528 53
540 0.1 0.44140625 0.0 0.46875 0.0 0.10546875 54
550 0.1 0.37109375 0.0 0.46875 0.0 0.11157670454545454 55
560 0.1 0.390625 0.0 0.46875 0.0 0.1162109375 56
570 0.1 0.3984375 0.0 0.46875 0.0 0.12102521929824561 57
580 0.1 0.33984375 0.0 0.46875 0.0 0.1258081896551724 58
590 0.1 0.37109375 0.0 0.46875 0.0 0.12943591101694915 59
600 0.1 0.30859375 0.0 0.46875 0.0 0.13346354166666666 60
620 0.1 0.26171875 0.0 0.46875 0.0 0.13633452868852458 61
630 0.1 0.21875 0.0 0.46875 0.0 0.1383568548387097 62
640 0.1 0.26171875 0.0 0.46875 0.0 0.1396329365079365 63
650 0.1 0.21875 0.0 0.46875 0.0 0.14154052734375 64
660 0.1 0.19140625 0.0 0.46875 0.0 0.1427283653846154 65
670 0.1 0.16015625 0.0 0.46875 0.0 0.1434659090909091 66
680 0.1 0.12890625 0.0 0.46875 0.0 0.14371501865671643 67
690 0.1 0.19140625 0.0 0.46875 0.0 0.14349724264705882 68
700 0.1 0.23828125 0.0 0.46875 0.0 0.1441915760869565 69
710 0.1 0.2109375 0.0 0.46875 0.0 0.1455357142857143 70
720 0.1 0.1796875 0.0 0.46875 0.0 0.1464568661971831 71
730 0.1 0.1484375 0.0 0.46875 0.0 0.1469184027777778 72
740 0.1 0.12890625 0.0 0.46875 0.0 0.1469392123287671 73
742 0.1 0.109375 0.0 0.46875 0.0 0.14669552364864863 74
