10 0.1 1
20 0.4 5
30 0.8 13
40 0.5 18
50 0.9 27
60 0.9 36
70 0.8 44
80 1.3 57
90 1.4 71
100 1.1 82
110 2.1 103
120 0.9 112
130 1.6 128
140 1.2 140
150 1.9 159
160 1.6 175
170 1.9 194
180 1.9 213
190 1.2 225
200 2.8 253
210 3.3 286
220 3.3 319
230 3.8 357
240 3.9 396
250 3.7 433
260 4.5 478
270 5.2 530
280 5.5 585
290 7.1 656
300 6.1 717
310 5.2 769
320 7.1 840
330 6.5 905
340 6.1 966
350 9.1 1057
360 10.7 1164
370 10.5 1269
380 11.4 1383
390 12.6 1509
400 13.4 1643
410 13.8 1781
420 17.8 1959
430 19.1 2150
440 23 2380
450 19.1 2571
460 22.3 2794
470 26.6 3060
480 26.2 3322
490 26.8 3590
500 27.5 3865
510 30.2 4167
520 31.8 4485
530 34.2 4827
540 35.2 5179
550 31.8 5497
560 23.9 5736
570 22.3 5959
580 17.2 6131
590 14.4 6275
600 12.5 6400
610 12.3 6523
620 9.5 6618
630 6.2 6680
640 5.9 6739
650 3.9 6778
660 3.1 6809
670 1 6819
680 0.7 6826
690 0.5 6831
700 0.1 6832
710 0 6832
720 0 6832
730 0 6832
740 0 6832
742 0.1 6833
