0 4.5 60.87682834201386 85.08158282520483 402.02197265625 7.06591796875 0 0
10 9.6 62.5121129353841 122.2812495777528 1042.81494140625 7.06591796875 60.87682834201386 45
20 14.4 49.10872904459636 66.52163290016868 1042.81494140625 0.916015625 61.99021359707446 141
30 20.2 41.378217338335396 53.18310353943246 1042.81494140625 0.916015625 55.481674033717105 285
40 25.1 28.776840878672807 30.79135949141772 1042.81494140625 0.916015625 49.63178029148486 487
50 34.8 36.156151080953656 98.89997966178981 1676.64697265625 0.840087890625 42.53884019308943 738
60 36.7 30.33919115612229 30.876450916197694 1676.64697265625 0.840087890625 40.493558599145366 1086
70 40.3 39.05973388066066 71.63156085183893 1676.64697265625 0.840087890625 37.928759664809874 1453
80 48.3 29.45621643698241 34.36925150165564 1676.64697265625 0.840087890625 38.1743321912042 1856
90 48.9 32.55993926939545 74.09452871242596 1676.64697265625 0.65185546875 36.37405433344912 2339
100 59.9 30.86715896937606 70.53508262629855 1676.64697265625 0.610107421875 35.714541509431356 2828
110 59.2 31.21325188714104 63.48409063409588 1676.64697265625 0.610107421875 34.86727505437063 3427
120 50.5 22.81466342435024 71.30312170586176 1676.64697265625 0.610107421875 34.329036259894416 4019
130 63.3 36.30916958246939 101.61799311626189 1750.010009765625 0.610107421875 33.043722758137164 4524
140 60.6 27.01326457108602 36.469679907598774 1750.010009765625 0.610107421875 33.44454258357876 5157
150 58.3 34.30597059927101 65.90369880794353 1750.010009765625 0.610107421875 32.76827076758525 5763
160 61.6 28.425857742111404 36.293239013771995 1750.010009765625 0.610107421875 32.90953755010539 6346
170 75.5 28.906354123551324 34.382497875136586 1750.010009765625 0.610107421875 32.51282011808524 6962
180 81.8 28.941969444815875 40.54572710078373 1750.010009765625 0.610107421875 32.15997810358827 7717
190 79.8 43.607156012590124 78.97773585988746 1750.010009765625 0.610107421875 31.85156204232573 8535
200 103.8 43.43483538618434 82.84913300145318 2087.717041015625 0.610107421875 32.85670122461128 9333
210 112.1 35.20674268057261 61.12637684470497 2087.717041015625 0.610107421875 33.9154326159634 10371
220 125.4 42.223294831539 63.49237552385297 2087.717041015625 0.610107421875 34.04139490124245 11492
230 144.1 40.768636011233546 77.6872338031071 2087.717041015625 0.610107421875 34.84636136229626 12746
240 143.6 35.67193008465357 39.475209905325876 2087.717041015625 0.610107421875 35.44789782307857 14187
250 161.9 54.30952462095623 91.42324409940805 2087.717041015625 0.610107421875 35.468489919834745 15623
260 175.1 48.273073589645186 65.35770429979767 2087.717041015625 0.610107421875 37.23763707104201 17242
270 171.4 66.46207003331942 79.25068201070268 2087.717041015625 0.610107421875 38.255014491358665 18993
280 194.9 64.54298678809634 64.86924737293687 2087.717041015625 0.610107421875 40.589823647630496 20707
290 183.2 120.91425546704419 120.8441552907852 2087.717041015625 0.593994140625 42.6504131144723 22656
300 201 173.9579768394356 163.2632592546997 2087.717041015625 0.593994140625 48.50549965440662 24488
310 188.7 479.01523233079075 482.09630215053545 2882.633056640625 0.593994140625 58.0216698990254 26498
320 203.1 675.4230444948998 544.6262418090563 2882.633056640625 0.593994140625 86.00880579152994 28385
330 204 1011.3869539148667 818.0366697106289 3709.426025390625 0.593994140625 125.36639123361779 30416
340 217.8 1196.269317486834 994.328702807615 4329.843994140625 0.593994140625 181.0566163959837 32456
350 238 1093.024143251051 1101.9454023557807 5096.2900390625 0.583984375 244.89946628268092 34634
360 253.3 1144.7960442664632 1025.127904721726 5096.2900390625 0.583984375 299.4338784290234 37014
370 272.6 1165.7653419007634 1145.3747749765948 5293.9580078125 0.5830078125 353.5796383113466 39547
380 294.6 1119.2273256673532 1114.2775460532157 5293.9580078125 0.5830078125 405.9539251607481 42273
390 324.1 1137.4095881202268 1149.2118812504225 5293.9580078125 0.5830078125 452.4234056422373 45219
400 317.9 1215.069050172396 1139.2344175845724 5293.9580078125 0.55908203125 498.23521367796087 48460
410 329.6 1215.9940472945407 1196.9914389693924 5293.9580078125 0.55908203125 542.3649366821982 51639
420 356.1 1199.3037990365451 1306.4207920622584 5293.9580078125 0.55908203125 582.7814570895574 54935
430 376.7 1112.8036534507073 1227.9698170159493 5293.9580078125 0.55908203125 620.3128448711701 58496
440 406.3 1051.705678111253 1217.8356001869872 5293.9580078125 0.55908203125 650.1092388116984 62263
450 405.4 1022.0396954950944 1131.9975388738092 5293.9580078125 0.55908203125 674.710244946157 66326
460 418.8 948.4078042687067 1200.4401267478347 5293.9580078125 0.55908203125 694.7169740243808 70380
470 452 943.788828351856 1283.7729136501912 5834.72705078125 0.55908203125 708.9651394178906 74568
480 472.9 888.3683181152857 1231.0206857184064 5834.72705078125 0.54296875 722.385671913105 79088
490 458.8 938.6998983314995 1308.8663589687492 5843.4169921875 0.54296875 731.7505016480051 83817
500 482.5 881.003713771049 1045.724517196678 5843.4169921875 0.54296875 742.4906615030345 88405
510 497.3 851.5617789186609 1122.2350882982562 5843.4169921875 0.54296875 749.659228243281 93230
520 523.2 797.603513758482 1066.3381097149297 5843.4169921875 0.54296875 754.8195734924959 98203
530 530 780.3469893775784 1104.5379203286245 5843.4169921875 0.54296875 756.9836917839025 103435
540 482.2 878.6846660549144 1267.9420385781048 5843.4169921875 0.531005859375 758.1224739354313 108735
550 387.2 1101.3653475548629 1447.6475285034853 6441.51806640625 0.531005859375 763.2419372040995 113557
560 318.4 1304.4653895392514 1424.6996557176085 6549.653076171875 0.531005859375 774.3909195242943 117429
570 258.7 1609.1652441330739 1354.0453497791082 6549.653076171875 0.531005859375 788.3840803985586 120613
580 216.4 1889.447997257141 1138.637170580611 6549.653076171875 0.531005859375 805.6191524000293 123200
590 180.3 2171.250696944979 872.6006000856047 6549.653076171875 0.531005859375 824.3279174384039 125364
600 157.3 2267.883737068147 524.8198074159826 6549.653076171875 0.531005859375 843.4248668942403 127167
610 147.8 1881.7362295106886 673.4867060100271 6549.653076171875 0.531005859375 860.8295103833156 128740
620 156.5 1145.7689567005293 728.7692339764275 6549.653076171875 0.531005859375 872.4170031329375 130218
630 142.4 754.1339083896597 505.7290757215125 6549.653076171875 0.531005859375 875.6632170401431 131783
640 130.5 684.6959831851658 405.5877988228943 6549.653076171875 0.531005859375 874.3640530658903 133207
650 118 709.9773195428363 409.3060015177663 6549.653076171875 0.531005859375 872.5239434013671 134512
660 114.7 548.3137200645704 387.046730431562 6549.653076171875 0.531005859375 871.1104111654721 135692
670 105.1 319.16287385339854 266.3840034858437 6549.653076171875 0.531005859375 868.4046927321838 136839
680 89.8 59.6584793464644 71.21296383378957 6549.653076171875 0.531005859375 864.2183619493743 137890
690 51.5 30.84936665655337 34.98158414654109 6549.653076171875 0.531005859375 859.0126181200993 138788
700 34.5 22.382051064311593 18.24920589702873 6549.653076171875 0.531005859375 855.9509175500921 139303
710 17.8 17.829009666871496 11.93275897513377 6549.653076171875 0.531005859375 853.8915879575623 139648
720 6.3 18.654052734375 13.287870688114475 6549.653076171875 0.531005859375 852.8272713144792 139826
730 3.2 25.44812774658203 40.0314774847837 6549.653076171875 0.531005859375 852.4515955088722 139889
740 0.5 14.974169921875 4.7287492782426845 6549.653076171875 0.531005859375 852.2624594180181 139921
742 0.1 14.38818359375 0.0 6549.653076171875 0.531005859375 852.2325404505104 139926
