10 0.1 245 0 245 245 0 0
20 0.1 576.0 0.0 576 245 245.0 1
30 0.1 957.0 0.0 957 245 410.5 2
40 0.1 1045.0 0.0 1045 245 592.6666666666666 3
50 0.1 1210.0 0.0 1210 245 705.75 4
60 0.1 1531.0 0.0 1531 245 806.6 5
70 0.1 1928.0 0.0 1928 245 927.3333333333334 6
80 0.1 1892.0 0.0 1928 245 1070.2857142857142 7
90 0.1 2161.0 0.0 2161 245 1173.0 8
100 0.1 2376.0 0.0 2376 245 1282.7777777777778 9
110 0.1 2666.0 0.0 2666 245 1392.1 10
120 0.1 2654.0 0.0 2666 245 1507.909090909091 11
130 0.1 2127.0 0.0 2666 245 1603.4166666666667 12
140 0.1 2628.0 0.0 2666 245 1643.6923076923076 13
150 0.1 2618.0 0.0 2666 245 1714.0 14
160 0.1 2916.0 0.0 2916 245 1774.2666666666667 15
170 0.1 2608.0 0.0 2916 245 1845.625 16
180 0.1 3627.0 0.0 3627 245 1890.4705882352941 17
190 0.1 3440.0 0.0 3627 245 1986.9444444444443 18
200 0.1 4244.0 0.0 4244 245 2063.4210526315787 19
210 0.1 5170.0 0.0 5170 245 2172.45 20
220 0.1 5585.0 0.0 5585 245 2315.190476190476 21
230 0.1 6743.0 0.0 6743 245 2463.818181818182 22
240 0.1 7259.0 0.0 7259 245 2649.8695652173915 23
250 0.1 7355.0 0.0 7355 245 2841.9166666666665 24
260 0.1 8555.0 0.0 8555 245 3022.44 25
270 0.1 8987.0 0.0 8987 245 3235.230769230769 26
280 0.1 9547.0 0.0 9547 245 3448.259259259259 27
290 0.1 10714.0 0.0 10714 245 3666.0714285714284 28
300 0.1 10773.0 0.0 10773 245 3909.103448275862 29
310 0.1 11498.0 0.0 11498 245 4137.9 30
320 0.1 11448.0 0.0 11498 245 4375.322580645161 31
330 0.1 12279.0 0.0 12279 245 4596.34375 32
340 0.1 11725.0 0.0 12279 245 4829.151515151515 33
350 0.1 12066.0 0.0 12279 245 5031.970588235294 34
360 0.1 11985.0 0.0 12279 245 5232.942857142857 35
370 0.1 12088.0 0.0 12279 245 5420.5 36
380 0.1 12610.0 0.0 12610 245 5600.7027027027025 37
390 0.1 13344.0 0.0 13344 245 5785.1578947368425 38
400 0.1 13585.0 0.0 13585 245 5978.974358974359 39
410 0.1 13514.0 0.0 13585 245 6169.125 40
420 0.1 13648.0 0.0 13648 245 6348.268292682927 41
430 0.1 14372.0 0.0 14372 245 6522.071428571428 42
440 0.1 15023.0 0.0 15023 245 6704.627906976744 43
450 0.1 15621.0 0.0 15621 245 6893.681818181818 44
460 0.1 15568.0 0.0 15621 245 7087.622222222222 45
470 0.1 15156.0 0.0 15621 245 7271.978260869565 46
480 0.1 15342.0 0.0 15621 245 7439.723404255319 47
490 0.1 14544.0 0.0 15621 245 7604.354166666667 48
500 0.1 17254.0 0.0 17254 245 7745.9795918367345 49
510 0.1 17011.0 0.0 17254 245 7936.14 50
520 0.1 17556.0 0.0 17556 245 8114.078431372549 51
530 0.1 17680.0 0.0 17680 245 8295.653846153846 52
540 0.1 15043.0 0.0 17680 245 8472.716981132075 53
550 0.1 13157.0 0.0 17680 245 8594.388888888889 54
560 0.1 11367.0 0.0 17680 245 8677.345454545455 55
570 0.1 10355.0 0.0 17680 245 8725.375000000002 56
580 0.1 9256.0 0.0 17680 245 8753.964912280704 57
590 0.1 8545.0 0.0 17680 245 8762.620689655174 58
600 0.1 7723.0 0.0 17680 245 8758.932203389833 59
620 0.1 7171.0 0.0 17680 245 8741.66666666667 60
630 0.1 6801.0 0.0 17680 245 8715.918032786889 61
640 0.1 6275.0 0.0 17680 245 8685.03225806452 62
650 0.1 5574.0 0.0 17680 245 8646.777777777781 63
660 0.1 4959.0 0.0 17680 245 8598.765625000004 64
670 0.1 4640.0 0.0 17680 245 8542.769230769234 65
680 0.1 4171.0 0.0 17680 245 8483.636363636368 66
690 0.1 3367.0 0.0 17680 245 8419.268656716422 67
700 0.1 1873.0 0.0 17680 245 8344.970588235297 68
710 0.1 1154.0 0.0 17680 245 8251.173913043482 69
720 0.1 422.0 0.0 17680 245 8149.785714285717 70
730 0.1 188.0 0.0 17680 188 8040.943661971834 71
740 0.1 161.0 0.0 17680 161 7931.875000000004 72
742 0.1 75.0 0.0 17680 75 7825.4246575342495 73
