0 4.6 59.551136846127726 84.19345382025072 402.02197265625 7.06591796875 0 0
10 11.7 51.278620793269226 110.69664601647246 1042.81494140625 7.06591796875 59.551136846127726 46
20 17.9 39.492964931040476 57.84158781991881 1042.81494140625 0.916015625 53.61319587567101 163
30 23.6 35.80391162936976 45.871363688918144 1042.81494140625 0.916015625 46.22278260348135 342
40 27.4 26.015535006557936 26.732330533586097 1042.81494140625 0.916015625 41.96871071785793 578
50 37.7 33.36985361923907 94.36132191321498 1676.64697265625 0.840087890625 36.8382293271347 852
60 40.6 27.418406519396548 26.904144035099886 1676.64697265625 0.840087890625 35.77429308476151 1229
70 44.5 35.36681333391853 64.08764364064045 1676.64697265625 0.840087890625 33.69937568687884 1635
80 53.7 26.486984622323092 29.194978111078306 1676.64697265625 0.840087890625 34.056111145019536 2080
90 52.7 30.208276506166982 70.46651401660372 1676.64697265625 0.65185546875 32.50295067780976 2617
100 66 28.00930138790247 66.05982863158872 1676.64697265625 0.610107421875 32.1183154079447 3144
110 63.3 29.187300984893366 60.581444693401636 1676.64697265625 0.610107421875 31.405394994372706 3804
120 52.7 21.859242506226273 69.17163230988706 1676.64697265625 0.610107421875 31.088952914588976 4437
130 67.9 33.84547480497513 96.6250397356194 1750.010009765625 0.610107421875 30.109086398632662 4964
140 64.6 25.33700892209268 33.450198806047865 1750.010009765625 0.610107421875 30.55867132294713 5643
150 65 30.763387545072117 61.188759421400235 1750.010009765625 0.610107421875 30.022307209264195 6289
160 65.8 26.606835640672493 33.15312906475648 1750.010009765625 0.610107421875 30.09172675361859 6939
170 80.3 27.17492386947385 31.251029822012296 1750.010009765625 0.610107421875 29.789889403043556 7597
180 85.8 27.589400711593086 38.52398923462827 1750.010009765625 0.610107421875 29.53991115025112 8400
190 88.9 39.26908800706554 70.11944202420814 1750.010009765625 0.610107421875 29.359144466694346 9258
200 112.5 39.96800238715282 78.18920567824568 2087.717041015625 0.610107421875 30.227375451950085 10147
210 125.9 31.34109354057036 55.54321664803383 2087.717041015625 0.610107421875 31.19953702949649 11272
220 137 38.64319025861091 59.36069726653448 2087.717041015625 0.610107421875 31.213759329986633 12531
230 159 36.94237605640715 72.5998148488192 2087.717041015625 0.610107421875 31.945959917873495 13901
240 158.1 32.460036912950635 34.699483653922776 2087.717041015625 0.610107421875 32.45879328307061 15491
250 177.9 49.41381163487211 84.33828560656877 2087.717041015625 0.610107421875 32.458908452871476 17072
260 192 43.96929181416831 60.129015596472165 2087.717041015625 0.610107421875 34.05897066499705 18851
270 187.4 60.77778356790288 73.19831885536473 2087.717041015625 0.610107421875 34.97504676178627 20771
280 215.4 58.46011304368327 56.69911660639449 2087.717041015625 0.610107421875 37.11036708745032 22645
290 206.8 108.24543298835678 108.3164243902565 2087.717041015625 0.593994140625 38.96477060330684 24799
300 218.7 158.80550721861422 142.0513883276767 2087.717041015625 0.593994140625 44.29742440954807 26867
310 210.7 433.80495133872944 415.71793737591344 2337.907958984375 0.593994140625 52.91686328555233 29054
320 229.6 603.4990651200457 443.98877950329677 2337.907958984375 0.593994140625 78.67121011421779 31161
330 229.8 905.918491453166 638.9357001860049 2337.907958984375 0.593994140625 114.68773147277896 33457
340 246.7 1056.9118545464185 781.6998472769819 2853.862060546875 0.593994140625 165.54071109618627 35755
350 272.2 961.9775411254076 894.3143737621418 3514.247802734375 0.583984375 223.0733522685928 38222
360 284 1024.098854086432 835.6958735256361 3514.247802734375 0.583984375 272.19647658639883 40944
370 306.5 1032.3890993003163 945.1558620560845 3522.387939453125 0.5830078125 320.96778007854425 43784
380 334.1 985.8063641125411 920.9704912897618 4637.97998046875 0.5830078125 367.51106474662106 46849
390 372.1 1001.1539998514556 953.0764747182394 4637.97998046875 0.5830078125 408.66915590385435 50190
400 361.7 1065.2312600977143 918.378374571743 4637.97998046875 0.55908203125 449.5631497887577 53911
410 371.6 1082.6939697265652 978.2969407499279 4637.97998046875 0.55908203125 488.27250097405 57528
420 403 1054.0948211291275 1080.624221799184 4637.97998046875 0.55908203125 524.3392206181678 61244
430 426.7 986.7569884181111 1038.0389394536414 4637.97998046875 0.55908203125 557.0461953716557 65274
440 465.5 919.0264281833212 1001.6461605238385 4637.97998046875 0.55908203125 583.4130286632279 69541
450 464.5 889.0405168317747 920.1901456684702 4637.97998046875 0.55908203125 604.4691553380626 74196
460 477.6 833.1434653839668 1009.5461134344704 4637.97998046875 0.55908203125 621.2349748246024 78841
470 509.6 836.7105819247025 1085.5081690819034 4683.06201171875 0.55908203125 633.3386732461139 83617
480 532.4 783.9185182498322 1062.4439117930742 4683.06201171875 0.54296875 645.021101375318 88713
490 521.4 830.3379443321916 1134.473369296125 4782.239990234375 0.54296875 652.8849193133627 94037
500 549.6 769.1535346462917 874.1611518506818 4782.239990234375 0.54296875 662.2071434969797 99251
510 571.4 745.0050837563841 940.4426175569433 4782.239990234375 0.54296875 667.8185439739062 104747
520 603.9 696.7449341325657 899.8609051281304 4782.239990234375 0.54296875 671.8113005877073 110461
530 611.9 670.5355529236554 916.6168939118843 4782.239990234375 0.54296875 673.1037831025347 116500
540 553.6 772.0677275023702 1076.8169364948308 4782.239990234375 0.531005859375 672.9756218839261 122619
550 433.6 973.834211173533 1213.3875162308086 4782.239990234375 0.531005859375 677.2561719733001 128155
560 340.5 1213.0187905108558 1263.7060805456451 4782.239990234375 0.531005859375 686.9622076887238 132491
570 270.1 1533.7505121439433 1220.0133660015824 4782.239990234375 0.531005859375 700.143042036382 135896
580 220.1 1842.419831916779 1078.6659319908156 4782.239990234375 0.531005859375 716.3885147144381 138597
590 180.9 2162.7862703355995 855.8827366740171 4782.239990234375 0.531005859375 733.991001462562 140798
600 157.4 2264.8239556861454 516.858050153652 4782.239990234375 0.531005859375 752.1155720754444 142607
610 147.8 1881.7362295106886 673.4867060100271 4782.239990234375 0.531005859375 768.629557939069 144181
620 156.5 1145.7689567005293 728.7692339764275 4782.239990234375 0.531005859375 779.9242370222897 145659
630 142.4 754.1339083896597 505.7290757215125 4782.239990234375 0.531005859375 783.813188458852 147224
640 130.5 684.6959831851658 405.5877988228943 4782.239990234375 0.531005859375 783.5288705075944 148648
650 118 709.9773195428363 409.3060015177663 4782.239990234375 0.531005859375 782.6687548849942 149953
660 114.7 548.3137200645704 387.046730431562 4782.239990234375 0.531005859375 782.101202505939 151133
670 105.1 319.16287385339854 266.3840034858437 4782.239990234375 0.531005859375 780.3402736750994 152280
680 89.8 59.6584793464644 71.21296383378957 4782.239990234375 0.531005859375 777.1791552632153 153331
690 51.5 30.84936665655337 34.98158414654109 4782.239990234375 0.531005859375 773.001383463014 154229
700 34.5 22.382051064311593 18.24920589702873 4782.239990234375 0.531005859375 770.5314441525701 154744
710 17.8 17.829009666871496 11.93275897513377 4782.239990234375 0.531005859375 768.8671640255757 155089
720 6.3 18.654052734375 13.287870688114475 4782.239990234375 0.531005859375 768.0061646408008 155267
730 3.2 25.44812774658203 40.0314774847837 4782.239990234375 0.531005859375 767.7022363394417 155330
740 0.5 14.974169921875 4.7287492782426845 4782.239990234375 0.531005859375 767.5493538361593 155362
742 0.1 14.38818359375 0.0 4782.239990234375 0.531005859375 767.5251345623136 155367
