10 0.1 230 0 230 230 0 0
20 0.1 476.0 0.0 476 230 230.0 1
30 0.1 786.0 0.0 786 230 353.0 2
40 0.1 903.0 0.0 903 230 497.3333333333333 3
50 0.1 1014.0 0.0 1014 230 598.75 4
60 0.1 1286.0 0.0 1286 230 681.8 5
70 0.1 1585.0 0.0 1585 230 782.5 6
80 0.1 1652.0 0.0 1652 230 897.1428571428571 7
90 0.1 1839.0 0.0 1839 230 991.5 8
100 0.1 2069.0 0.0 2069 230 1085.6666666666667 9
110 0.1 2344.0 0.0 2344 230 1184.0 10
120 0.1 2149.0 0.0 2344 230 1289.4545454545455 11
130 0.1 1989.0 0.0 2344 230 1361.0833333333333 12
140 0.1 2259.0 0.0 2344 230 1409.3846153846155 13
150 0.1 2348.0 0.0 2348 230 1470.0714285714287 14
160 0.1 2404.0 0.0 2404 230 1528.6 15
170 0.1 2285.0 0.0 2404 230 1583.3125 16
180 0.1 3039.0 0.0 3039 230 1624.5882352941176 17
190 0.1 2977.0 0.0 3039 230 1703.1666666666667 18
200 0.1 3445.0 0.0 3445 230 1770.2105263157894 19
210 0.1 4327.0 0.0 4327 230 1853.95 20
220 0.1 4692.0 0.0 4692 230 1971.7142857142858 21
230 0.1 5499.0 0.0 5499 230 2095.3636363636365 22
240 0.1 5892.0 0.0 5892 230 2243.3478260869565 23
250 0.1 6174.0 0.0 6174 230 2395.375 24
260 0.1 7076.0 0.0 7076 230 2546.52 25
270 0.1 7246.0 0.0 7246 230 2720.730769230769 26
280 0.1 7371.0 0.0 7371 230 2888.3333333333335 27
290 0.1 8447.0 0.0 8447 230 3048.4285714285716 28
300 0.1 8118.0 0.0 8447 230 3234.5862068965516 29
310 0.1 9049.0 0.0 9049 230 3397.366666666667 30
320 0.1 8870.0 0.0 9049 230 3579.6774193548385 31
330 0.1 9275.0 0.0 9275 230 3745.0 32
340 0.1 8955.0 0.0 9275 230 3912.5757575757575 33
350 0.1 9573.0 0.0 9573 230 4060.8823529411766 34
360 0.1 9549.0 0.0 9573 230 4218.371428571429 35
370 0.1 10131.0 0.0 10131 230 4366.444444444444 36
380 0.1 10821.0 0.0 10821 230 4522.243243243243 37
390 0.1 11481.0 0.0 11481 230 4688.0 38
400 0.1 11630.0 0.0 11630 230 4862.179487179487 39
410 0.1 11677.0 0.0 11677 230 5031.375 40
420 0.1 12010.0 0.0 12010 230 5193.463414634146 41
430 0.1 13173.0 0.0 13173 230 5355.761904761904 42
440 0.1 13947.0 0.0 13947 230 5537.558139534883 43
450 0.1 14261.0 0.0 14261 230 5728.681818181817 44
460 0.1 14460.0 0.0 14460 230 5918.288888888887 45
470 0.1 14609.0 0.0 14609 230 6103.978260869564 46
480 0.1 14979.0 0.0 14979 230 6284.936170212764 47
490 0.1 14567.0 0.0 14979 230 6466.062499999999 48
500 0.1 16437.0 0.0 16437 230 6631.38775510204 49
510 0.1 16480.0 0.0 16480 230 6827.499999999999 50
520 0.1 17047.0 0.0 17047 230 7016.764705882352 51
530 0.1 17264.0 0.0 17264 230 7209.653846153845 52
540 0.1 14821.0 0.0 17264 230 7399.358490566036 53
550 0.1 12416.0 0.0 17264 230 7536.796296296296 54
560 0.1 10160.0 0.0 17264 230 7625.5090909090895 55
570 0.1 8832.0 0.0 17264 230 7670.767857142856 56
580 0.1 7667.0 0.0 17264 230 7691.140350877192 57
590 0.1 6892.0 0.0 17264 230 7690.7241379310335 58
600 0.1 6098.0 0.0 17264 230 7677.186440677965 59
620 0.1 5729.0 0.0 17264 230 7650.866666666666 60
630 0.1 5503.0 0.0 17264 230 7619.360655737704 61
640 0.1 4952.0 0.0 17264 230 7585.225806451612 62
650 0.1 4380.0 0.0 17264 230 7543.428571428571 63
660 0.1 3741.0 0.0 17264 230 7493.999999999999 64
670 0.1 3491.0 0.0 17264 230 7436.261538461537 65
680 0.1 3086.0 0.0 17264 230 7376.484848484848 66
690 0.1 2662.0 0.0 17264 230 7312.44776119403 67
700 0.1 1614.0 0.0 17264 230 7244.058823529412 68
710 0.1 1028.0 0.0 17264 230 7162.463768115942 69
720 0.1 446.0 0.0 17264 230 7074.828571428571 70
730 0.1 186.0 0.0 17264 186 6981.4647887323945 71
740 0.1 185.0 0.0 17264 185 6887.083333333333 72
742 0.1 142.0 0.0 17264 142 6795.273972602739 73
