20 0.1 24908.651123046875 0 24908.651123046875 24908.651123046875 0 0
30 0.1 19428.7001953125 0.0 24908.651123046875 19428.7001953125 24908.651123046875 1
40 0.1 37458.931884765625 0.0 37458.931884765625 19428.7001953125 22168.675659179688 2
50 0.4 42948.469970703125 6802.6779620406505 50925.150146484375 19428.7001953125 27265.427734375 3
60 0.4 49277.4892578125 9469.331728313307 59876.595947265625 19428.7001953125 36227.16615513393 7
70 0.8 44792.30923461914 20295.533769840633 72588.65502929688 15374.907958984375 40972.73819247159 11
80 0.5 57361.0322265625 16389.425827791452 80445.79907226563 15374.907958984375 42580.97863127056 19
90 1.1 58237.563587535515 23359.458789474866 92463.88208007813 15374.907958984375 45660.15646362305 24
100 1.2 64749.220458984375 22752.164329053765 92463.88208007813 15374.907958984375 49613.0558454241 35
110 1.2 56005.36238606771 27257.370796396954 97285.97900390625 12987.988037109375 53477.60851271609 47
120 1.2 61468.68931070963 26520.01976490771 97285.97900390625 12987.988037109375 53991.727944584214 59
130 1.1 70164.02208362926 27643.544610766156 126127.046875 12987.988037109375 55255.43972477443 71
140 2.1 65639.57503255208 20908.131223015967 126127.046875 12987.988037109375 57255.37150462081 82
150 1.3 67492.26047926683 32230.874089766512 133807.78784179688 12987.988037109375 58964.77222390777 103
160 1.5 63021.79775390625 22497.158838932555 133807.78784179688 12987.988037109375 59920.439011146285 116
170 1.7 56523.69536994485 25538.906118436113 133807.78784179688 12987.988037109375 60275.55642443941 131
180 2.2 62014.14791592685 32348.617573846997 133807.78784179688 12987.988037109375 59844.59941142314 148
190 1.3 68362.78799203727 30299.648045549122 133807.78784179688 12987.988037109375 60125.364512005974 170
200 1.6 50844.8885345459 25796.082916472882 133807.78784179688 12987.988037109375 60710.53667178962 183
210 1.7 58077.5495892693 24511.59409295258 133807.78784179688 12987.988037109375 59917.31873110671 199
220 2 49188.073669433594 27690.693657326166 133807.78784179688 12987.988037109375 59772.522085684315 216
230 2.6 57772.58779672476 25229.948285562776 133807.78784179688 12987.988037109375 58875.53493176476 236
240 2.7 65517.47413917824 26200.248471959174 133807.78784179688 12987.988037109375 58766.08216263866 262
250 3.1 65814.70592867942 28471.697157857372 133807.78784179688 12987.988037109375 59396.83504626 289
260 3.2 57966.174659729004 24870.591350606694 133807.78784179688 12987.988037109375 60018.566287994385 320
270 3 68737.21735839844 22692.905747394885 133807.78784179688 12987.988037109375 59831.98523087935 352
280 4.6 60929.34062393852 27295.114135235413 159661.06518554688 12987.988037109375 60531.34901052745 382
290 4.8 65696.33650207521 26315.873071045735 159661.06518554688 12987.988037109375 60574.12381009966 428
300 4.1 58444.66487828697 25735.186936688027 159661.06518554688 12987.988037109375 61090.64945971064 476
310 3 71589.44202473959 29342.066972981058 160048.85498046875 12987.988037109375 60880.81315828246 517
320 3.9 71587.3642202524 27350.762855682962 160048.85498046875 12987.988037109375 61468.12369940442 547
330 3.8 70063.39518657484 27301.80840787262 160048.85498046875 12987.988037109375 62141.58851222536 586
340 3.1 70192.93025453629 31932.966859787288 160048.85498046875 11644.043212890625 62624.00622636844 624
350 5.6 68926.77091761997 27721.361698922065 160048.85498046875 11644.043212890625 62982.23011167104 655
360 6.1 75810.40533347207 30330.948622215004 160048.85498046875 11644.043212890625 63450.43585728727 711
370 5.1 68634.31800991886 35441.29770528451 184573.82690429688 11479.74609375 64427.06556978374 772
380 7.4 79839.26371806377 31762.453754161957 184573.82690429688 11479.74609375 64687.78230665724 823
390 6.6 71177.63610839844 31323.40425663205 184573.82690429688 11479.74609375 65937.73729488922 897
400 9.1 76942.06074808982 42133.46546698823 245432.2080078125 9948.05810546875 66296.85808584624 963
410 8.2 83561.99952362807 39844.64381717011 245432.2080078125 9948.05810546875 67215.94104814621 1054
420 10.8 79942.59251347295 36714.39660728588 245432.2080078125 9362.5458984375 68395.85019866515 1136
430 13 86200.29584021933 39877.381737693104 245432.2080078125 9362.5458984375 69398.3004960922 1244
440 14 84075.29794921873 37427.57602150342 245432.2080078125 9362.5458984375 70988.00893476506 1374
450 15.8 80776.75221426273 38823.30992901388 245432.2080078125 9362.5458984375 72198.19418048733 1514
460 12.2 79777.51977539063 42013.14972737364 245432.2080078125 9362.5458984375 73008.847391813 1672
470 15.9 81505.48533160129 40474.132226685935 245432.2080078125 9362.5458984375 73469.14729749666 1794
480 18.3 79076.62168075482 41019.70179429197 265895.9318847656 8416.39697265625 74123.41137707816 1953
490 20 83732.37081665041 42385.69781146224 265895.9318847656 8416.39697265625 74547.77349579202 2136
500 21.4 80653.16180705129 41895.781397515995 265895.9318847656 8416.39697265625 75334.12600613949 2336
510 20.9 79423.29123640285 39871.052256497656 265895.9318847656 8416.39697265625 75780.50783413758 2550
520 20.5 79650.92371379575 42122.07191140968 265895.9318847656 8416.39697265625 76056.45626874194 2759
530 22.6 73799.32209170173 38163.54090648486 265895.9318847656 5967.725830078125 76305.06147327501 2964
540 21.1 79432.17520734592 39186.561585316726 265895.9318847656 5967.725830078125 76127.53887132028 3190
550 23.2 74094.98576828526 38305.93183202879 265895.9318847656 5967.725830078125 76332.56041407284 3401
560 17.9 84323.86198143986 40375.51585323094 265895.9318847656 5967.725830078125 76189.6709789441 3633
570 15.6 85688.88763897237 37479.31441663856 265895.9318847656 5967.725830078125 76571.62800660588 3812
580 14.2 94707.0876120984 39777.19480663288 265895.9318847656 5967.725830078125 76930.06865747513 3968
590 13.6 97425.92809520048 37441.79270506402 265895.9318847656 5967.725830078125 77544.26249970299 4110
600 12.9 105079.87115052689 36178.38007476294 265895.9318847656 5967.725830078125 78181.07515184328 4246
610 12.5 107574.41573828126 33658.59783834974 265895.9318847656 5967.725830078125 78974.20536529018 4375
620 11.5 115967.66311778194 33495.854159470706 265895.9318847656 5967.725830078125 79768.65565342882 4500
630 8.7 127334.63369926365 35572.0507702877 265895.9318847656 5967.725830078125 80670.6894255633 4615
640 8 136941.53172302246 31009.186150504713 265895.9318847656 5967.725830078125 81534.10141021067 4702
650 5.2 145430.27976168122 34469.025462221376 270201.6669921875 5967.725830078125 82461.03458148314 4782
660 5.4 157131.76496943715 30659.38839255751 270201.6669921875 5967.725830078125 83138.40337531232 4834
670 4.9 171539.89176598375 30055.57914567107 270201.6669921875 5967.725830078125 83955.84231272696 4888
680 4.3 172813.702449355 23241.44964888277 270201.6669921875 5967.725830078125 84825.11888214352 4937
690 3.9 179410.01863606772 25668.48234040673 270201.6669921875 5967.725830078125 85584.85966394877 4980
700 2.4 186153.9023030599 12325.113215873336 270201.6669921875 5967.725830078125 86313.92545392936 5019
710 2.3 192375.7210109545 17756.56375333416 270201.6669921875 5967.725830078125 86789.07109033213 5043
720 0.6 198696.02897135416 21091.260696474725 270201.6669921875 5967.725830078125 87268.44198416836 5066
730 0.4 205039.12744140625 8818.333284365177 270201.6669921875 5967.725830078125 87400.25695300178 5072
740 0.3 208593.33032226563 4454.800703851617 270201.6669921875 5967.725830078125 87492.95897860336 5076
742 0.1 211175.48901367188 0.0 270201.6669921875 5967.725830078125 87564.48902665042 5079
