0 22.60546875 22.60546875
10 64.31640625 86.921875
20 100.85234375 187.77421875
30 135.65078125 323.425
40 156.89140625 480.31640625
50 212.99765625 693.3140625
60 226.70546875 920.01953125
70 254.2453125 1174.26484375
80 308.34296875 1482.6078125
90 293.20546875 1775.81328125
100 375.521875 2151.33515625
110 359.60078125 2510.9359375
120 296.61796875 2807.55390625
130 386.51640625 3194.0703125
140 360.69375 3554.7640625
150 369.10859375 3923.87265625
160 370.71796875 4294.590625
170 450.7375 4745.328125
180 478.95234375 5224.28046875
190 502.70390625 5726.984375
200 627.60234375 6354.58671875
210 717.4609375 7072.04765625
220 769.7546875 7841.80234375
230 907.13671875 8748.9390625
240 896.86171875 9645.80078125
250 996.50859375 10642.309375
260 1090.37265625 11732.68203125
270 1052.9484375 12785.63046875
280 1215.140625 14000.77109375
290 1200.690625 15201.46171875
300 1194.18671875 16395.6484375
310 1244.57421875 17640.22265625
320 1320.4828125 18960.70546875
330 1297.06640625 20257.771875
340 1376.909375 21634.68125
350 1537.296875 23171.978125
360 1562.46484375 24734.44296875
370 1667.740625 26402.18359375
380 1803.50546875 28205.6890625
390 2000.89375 30206.5828125
400 1952.74765625 32159.33046875
410 1978.80234375 34138.1328125
420 2098.55078125 36236.68359375
430 2221.91875 38458.60234375
440 2409.23671875 40867.8390625
450 2411.521875 43279.3609375
460 2463.3921875 45742.753125
470 2588.6578125 48331.4109375
480 2697.8390625 51029.25
490 2623.93359375 53653.18359375
500 2746.2890625 56399.47265625
510 2867.49921875 59266.971875
520 3060.84765625 62327.81953125
530 3095.3609375 65423.18046875
540 2873.81015625 68296.990625
550 2252.53984375 70549.53046875
560 1770.11640625 72319.646875
570 1369.6359375 73689.2828125
580 1115.7953125 74805.078125
590 921.9546875 75727.0328125
600 789.603125 76516.6359375
610 741.17109375 77257.80703125
620 794.625 78052.43203125
630 782.84609375 78835.278125
640 735.94296875 79571.22109375
650 658.99375 80230.21484375
660 646.02890625 80876.24375
670 578.3328125 81454.5765625
680 508.35625 81962.9328125
690 296.44140625 82259.37421875
700 198.053125 82457.42734375
710 102.53671875 82559.9640625
720 36.28046875 82596.24453125
730 18.390625 82614.63515625
740 2.8921875 82617.52734375
742 0.52578125 82618.053125
