0 151.25078125 151.25078125
10 411.02109375 562.271875
20 681.04765625 1243.31953125
30 866.234375 2109.55390625
40 965.71953125 3075.2734375
50 1405.9609375 4481.234375
60 1484.234375 5965.46875
70 1553.4578125 7518.9265625
80 1896.653125 9415.5796875
90 1938.76953125 11354.34921875
100 2354.41640625 13708.765625
110 2475.13046875 16183.89609375
120 1623.43203125 17807.328125
130 2476.12265625 20283.45078125
140 2303.27734375 22586.728125
150 2383.64453125 24970.37265625
160 2320.0984375 27290.47109375
170 2958.85859375 30249.3296875
180 3047.128125 33296.4578125
190 3118.0515625 36414.509375
200 4220.11484375 40634.62421875
210 4604.146875 45238.77109375
220 5242.64765625 50481.41875
230 6100.99921875 56582.41796875
240 5833.25234375 62415.6703125
250 6737.2328125 69152.903125
260 7321.76484375 76474.66796875
270 7520.5515625 83995.21953125
280 8199.2953125 92194.51484375
290 8277.3421875 100471.85703125
300 8423.32734375 108895.184375
310 8327.85546875 117223.03984375
320 9180.59296875 126403.6328125
330 9097.809375 135501.4421875
340 8496.1875 143997.6296875
350 8633.659375 152631.2890625
360 8265.49765625 160896.78671875
370 8219.928125 169116.71484375
380 8318.840625 177435.55546875
390 8860.275 186295.83046875
400 8900.01484375 195195.8453125
410 8817.22578125 204013.07109375
420 8897.74296875 212910.8140625
430 8827.0546875 221737.86875
440 9428.73984375 231166.60859375
450 9730.5015625 240897.11015625
460 8941.553125 249838.66328125
470 8785.9890625 258624.65234375
480 8916.54765625 267541.2
490 8372.046875 275913.246875
500 10074.028125 285987.275
510 9535.18046875 295522.45546875
520 9968.24296875 305490.6984375
530 9936.4796875 315427.178125
540 8745.58515625 324172.76328125
550 7959.4796875 332132.24296875
560 7388.20703125 339520.45
570 7053.01875 346573.46875
580 6366.98203125 352940.45078125
590 6275.921875 359216.37265625
600 5823.5625 365039.93515625
610 5415.196875 370455.13203125
620 4971.1234375 375426.25546875
630 4505.934375 379932.18984375
640 3899.75234375 383831.9421875
650 3570.5015625 387402.44375
660 3104.25703125 390506.70078125
670 2859.18203125 393365.8828125
680 2446.73203125 395812.61484375
690 1592.01953125 397404.634375
700 1123.27734375 398527.91171875
710 382.91640625 398910.828125
720 175.66640625 399086.49453125
730 85.91796875 399172.4125
740 0.70625 399173.11875
742 4.32265625 399177.44140625
