0 11 11
10 23 23
20 35 35
30 44 44
40 50 50
50 53 53
60 69 69
70 77 77
80 85 86
90 96 96
100 99 101
110 91 101
120 92 101
130 97 101
140 97 102
150 110 110
160 118 119
170 122 127
180 129 129
190 152 152
200 182 182
210 202 202
220 229 229
230 248 248
240 270 271
250 305 307
260 325 326
270 346 346
280 377 377
290 386 388
300 449 450
310 533 533
320 592 592
330 669 669
340 754 754
350 759 772
360 842 842
370 948 949
380 1042 1042
390 1120 1120
400 1182 1182
410 1244 1244
420 1317 1318
430 1391 1395
440 1458 1458
450 1481 1493
460 1557 1557
470 1601 1604
480 1652 1659
490 1671 1672
500 1735 1743
510 1769 1769
520 1812 1815
530 1855 1872
540 1679 1872
550 1447 1872
560 1268 1872
570 1112 1872
580 970 1872
590 834 1872
600 705 1872
610 580 1872
620 465 1872
630 378 1872
640 298 1872
650 246 1872
660 192 1872
670 143 1872
680 100 1872
690 61 1872
700 37 1872
710 14 1872
720 8 1872
730 4 1872
740 1 1872
742 0 1872
