0 1.1 11
10 1.2 23
20 1.3 36
30 1 46
40 0.7 53
50 0.7 60
60 2 80
70 1.6 96
80 1.3 109
90 2.2 131
100 1.5 146
110 0.4 150
120 1.3 163
130 1.6 179
140 2.1 200
150 2.6 226
160 2.3 249
170 2.1 270
180 2.9 299
190 3.6 335
200 4.6 381
210 3.7 418
220 4.7 465
230 4.5 510
240 4.9 559
250 6.6 625
260 5.2 677
270 5.1 728
280 7.7 805
290 5.7 862
300 10.4 966
310 11.4 1080
320 9.8 1178
330 11.5 1293
340 11.6 1409
350 6.1 1470
360 14.4 1614
370 15.7 1771
380 16.8 1939
390 14.4 2083
400 15.3 2236
410 14.4 2380
420 18.1 2561
430 20.4 2765
440 20.7 2972
450 18.1 3153
460 19.8 3351
470 20.3 3554
480 23.4 3788
490 21.9 4007
500 27.8 4285
510 24.3 4528
520 24.8 4776
530 26.9 5045
540 3.5 5080
550 0 5080
560 0 5080
570 0 5080
580 0 5080
590 0 5080
600 0 5080
610 0 5080
620 0 5080
630 0 5080
640 0 5080
650 0 5080
660 0 5080
670 0 5080
680 0 5080
690 0 5080
700 0 5080
710 0 5080
720 0 5080
730 0 5080
740 0 5080
742 0 5080
