0 2.3 23
10 10.7 130
20 15.7 287
30 20.8 495
40 27.2 767
50 23.3 1000
60 24.1 1241
70 36.9 1610
80 32.1 1931
90 37.8 2309
100 32.8 2637
110 30.8 2945
120 25.1 3196
130 26.8 3464
140 32.8 3792
150 28.9 4081
160 32.2 4403
170 33.4 4737
180 26.9 5006
190 23.2 5238
200 23.2 5470
210 31.3 5783
220 30.5 6088
230 27.7 6365
240 35.4 6719
250 31.6 7035
260 34.8 7383
270 34.9 7732
280 36 8092
290 37.9 8471
300 35 8821
310 30.1 9122
320 33.6 9458
330 36.7 9825
340 36.3 10188
350 41.9 10607
360 33.1 10938
370 23.8 11176
380 27.8 11454
390 30 11754
400 30.9 12063
410 27 12333
420 46.6 12799
430 58.7 13386
440 60.6 13992
450 34.9 14341
457 0.8 14349
