0 0.5 5
10 1 15
20 1.1 26
30 1.2 38
40 1.2 50
50 0.9 59
60 2.3 82
70 1.3 95
80 2 115
90 1 125
100 1.9 144
110 0.6 150
120 1.7 167
130 1.9 186
140 1.4 200
150 2.4 224
160 1.9 243
170 1.7 260
180 2.3 283
190 3.3 316
200 3.3 349
210 2.1 370
220 1.6 386
230 1.9 405
240 1.5 420
250 2.2 442
260 1.9 461
270 1.6 477
280 1.7 494
290 1.9 513
300 2 533
310 2.8 561
320 2 581
330 2 601
340 2.1 622
350 1.5 637
360 2.2 659
370 3.3 692
380 2.9 721
390 2.2 743
400 2.3 766
410 2.8 794
420 1.3 807
430 0 807
440 0 807
450 0 807
457 0 807
