0 0.5 22.712109375 43.49079604129278 109.693115234375 0.818115234375 0 0
10 1.1 1.6596013849431819 1.5766802580491366 109.693115234375 0.56396484375 22.712109375 5
20 1 2.886279296875 2.5196226917795066 109.693115234375 0.56396484375 8.238510131835938 16
30 1.2 4.223714192708333 4.204661624163668 109.693115234375 0.56396484375 6.179959810697115 26
40 1.2 2.9619344075520835 2.9751719257125036 109.693115234375 0.56396484375 5.562198036595395 38
50 1 2.090625 2.7655453014204965 109.693115234375 0.56396484375 4.938134765625 50
60 2.3 2.6864066745923916 2.811117183240244 109.693115234375 0.56396484375 4.4635498046875 60
70 1.2 3.0770467122395835 3.8386265127116532 109.693115234375 0.533203125 3.971088455384036 83
80 2.3 4.927596382472826 3.0964558267831372 109.693115234375 0.533203125 3.8581568667763158 95
90 1.1 2.90966796875 2.689797316757216 109.693115234375 0.533203125 4.066606941869703 118
100 1.5 3.1216471354166666 3.0269893676287674 109.693115234375 0.533203125 3.967953230983527 129
110 0.6 5.604654947916667 3.182766106384502 109.693115234375 0.533203125 3.879796346028646 144
120 1.8 3.1900092230902777 2.798232210172244 109.693115234375 0.533203125 3.9487906901041665 150
130 1.9 1.0294639185855263 1.5759110379952852 109.693115234375 0.533203125 3.86749267578125 168
140 1.7 3.949405445772059 3.418381416635664 109.693115234375 0.533203125 3.5791368127506686 187
150 2.6 2.7771089993990383 2.749424394375974 109.693115234375 0.533203125 3.6099925321691178 204
160 1.6 3.142562866210937 3.4677638201404286 109.693115234375 0.533203125 3.515840480638587 230
170 2.1 3.9269903273809526 3.339662218146261 109.693115234375 0.533203125 3.4915622618140243 246
180 3.7 3.026492557010135 3.009084487140764 109.693115234375 0.533203125 3.5258094130383895 267
190 4.9 3.326969068877551 2.9546902133191604 109.693115234375 0.529052734375 3.4650372956928455 304
200 3.9 2.3565329527243595 2.5469768291308643 109.693115234375 0.529052734375 3.445872017749646 353
210 3.7 3.5906619510135136 2.976842410561526 109.693115234375 0.529052734375 3.337493896484375 392
220 4.9 2.1440130739795915 2.3970632780115793 109.693115234375 0.529052734375 3.3593289035183567 429
230 3 2.6483642578124997 2.7943811967687595 109.693115234375 0.52294921875 3.2347463184819563 478
240 4.6 3.0139531674592392 3.0120116338498426 109.693115234375 0.501953125 3.2001174566313977 508
250 4.5 3.011724175347222 3.198663025734392 109.693115234375 0.501953125 3.1846597719708933 554
260 5.9 2.6477961136122885 2.714748041562878 109.693115234375 0.501953125 3.1716679491861437 599
270 5.8 3.280542834051724 4.244531164593717 109.693115234375 0.501953125 3.1246946387015577 658
280 6.4 2.8633995056152344 3.341499523005389 109.693115234375 0.501953125 3.1373192131852305 716
290 5.8 2.413389008620689 2.673009797727873 109.693115234375 0.501953125 3.11484375 780
300 9.5 2.626274671052632 3.0727101764071665 109.693115234375 0.4931640625 3.066294376491647 838
310 10.7 2.9649418625876174 3.265512650321852 109.693115234375 0.4931640625 3.0214906551446945 933
320 9.2 3.0052835215692935 3.336279775405464 109.693115234375 0.483154296875 3.015672654371995 1040
330 10.3 3.0964521389563107 3.291520428186944 109.693115234375 0.483154296875 3.014828307889797 1132
340 9.8 2.3937888632015305 3.174138082016311 109.693115234375 0.483154296875 3.021635801492915 1235
350 8.8 3.276802756569602 3.5466535703925355 109.693115234375 0.483154296875 2.975477511956114 1333
360 16.2 3.4051800009645063 3.4668726738853466 109.693115234375 0.483154296875 2.99413804786462 1421
370 16.5 2.888753255208334 2.8075863056104486 109.693115234375 0.483154296875 3.0362029855792008 1583
380 14.4 2.8786790635850688 3.265649986152841 109.693115234375 0.483154296875 3.0222846757901887 1748
390 15.2 3.0543277138157894 3.67663445526853 109.693115234375 0.483154296875 3.0113548617534356 1892
400 14.6 3.038853475492294 3.1291208964530854 109.693115234375 0.483154296875 3.014550494587818 2044
410 13.2 3.469169847892992 3.0232611726140095 109.693115234375 0.483154296875 3.016170693314783 2190
420 1.5 1.6502604166666666 2.0738353231019357 109.693115234375 0.483154296875 3.041922583239126 2322
430 0 0 0 109.693115234375 0.483154296875 3.0329902201674157 2337
440 0 0 0 109.693115234375 0.483154296875 3.0329902201674157 2337
450 0 0 0 109.693115234375 0.483154296875 3.0329902201674157 2337
457 0 0 0 109.693115234375 0.483154296875 3.0329902201674157 2337
