0 0.1 3.79447927328986 0 3.79447927328986 3.79447927328986 0 0
10 0.1 2.0689655172413794 0.0 3.79447927328986 2.0689655172413794 3.79447927328986 1
20 0.1 2.843137254901961 0.0 3.79447927328986 2.0689655172413794 2.93172239526562 2
30 0.1 2.955665024630542 0.0 3.79447927328986 2.0689655172413794 2.9021940151444006 3
40 0.1 3.823529411764706 0.0 3.823529411764706 2.0689655172413794 2.9155617675159355 4
50 0.1 3.956478733926805 0.0 3.956478733926805 2.0689655172413794 3.0971552963656896 5
60 0.1 3.740157480314961 0.0 3.956478733926805 2.0689655172413794 3.240375869292542 6
70 0.1 4.416094210009813 0.0 4.416094210009813 2.0689655172413794 3.3117732422957453 7
80 0.1 5.599214145383105 0.0 5.599214145383105 2.0689655172413794 3.4498133632600037 8
90 0.1 5.7673509286412505 0.0 5.7673509286412505 2.0689655172413794 3.688635672384793 9
100 0.1 5.320197044334975 0.0 5.7673509286412505 2.0689655172413794 3.8965071980104384 10
110 0.1 5.365853658536586 0.0 5.7673509286412505 2.0689655172413794 4.025933547676305 11
120 0.1 4.031465093411996 0.0 5.7673509286412505 2.0689655172413794 4.137593556914662 12
130 0.1 3.373015873015873 0.0 5.7673509286412505 2.0689655172413794 4.129429828952918 13
140 0.1 4.518664047151278 0.0 5.7673509286412505 2.0689655172413794 4.0754002606717 14
150 0.1 5.16569200779727 0.0 5.7673509286412505 2.0689655172413794 4.104951179770339 15
160 0.1 4.9853372434017595 0.0 5.7673509286412505 2.0689655172413794 4.171247481522022 16
170 0.1 4.523107177974435 0.0 5.7673509286412505 2.0689655172413794 4.219135114573771 17
180 0.1 4.906771344455349 0.0 5.7673509286412505 2.0689655172413794 4.236022451429364 18
190 0.1 4.970760233918129 0.0 5.7673509286412505 2.0689655172413794 4.271325024746521 19
200 0.1 5.577299412915851 0.0 5.7673509286412505 2.0689655172413794 4.3062967852051015 20
210 0.1 7.3643410852713185 0.0 7.3643410852713185 2.0689655172413794 4.366820719857994 21
220 0.1 9.855072463768117 0.0 9.855072463768117 2.0689655172413794 4.5030716455586 22
230 0.1 12.392755004766444 0.0 12.392755004766444 2.0689655172413794 4.73576733330684 23
240 0.1 11.368015414258188 0.0 12.392755004766444 2.0689655172413794 5.054808486284323 24
250 0.1 9.767891682785299 0.0 12.392755004766444 2.0689655172413794 5.307336763403279 25
260 0.1 9.883720930232558 0.0 12.392755004766444 2.0689655172413794 5.478896567994894 26
270 0.1 10.766246362754607 0.0 12.392755004766444 2.0689655172413794 5.642038211040734 27
280 0.1 12.655800575263662 0.0 12.655800575263662 2.0689655172413794 5.825045645030515 28
290 0.1 13.44137273593899 0.0 13.44137273593899 2.0689655172413794 6.060588918486831 29
300 0.1 14.477468839884947 0.0 14.477468839884947 2.0689655172413794 6.306615045735236 30
310 0.1 16.144349477682812 0.0 16.144349477682812 2.0689655172413794 6.570190974578774 31
320 0.1 19.12464319695528 0.0 19.12464319695528 2.0689655172413794 6.869383427800776 32
330 0.1 21.19771863117871 0.0 21.19771863117871 2.0689655172413794 7.240754935956973 33
340 0.1 20.30505243088656 0.0 21.19771863117871 2.0689655172413794 7.651253868169378 34
350 0.1 18.4688995215311 0.0 21.19771863117871 2.0689655172413794 8.012790969961298 35
360 0.1 21.072436500470367 0.0 21.19771863117871 2.0689655172413794 8.303238429727125 36
370 0.1 24.763705103969755 0.0 24.763705103969755 2.0689655172413794 8.648351891098566 37
380 0.1 27.943925233644862 0.0 27.943925233644862 2.0689655172413794 9.072440133542544 38
390 0.1 29.029217719132895 0.0 29.029217719132895 2.0689655172413794 9.556324366878501 39
400 0.1 28.285714285714285 0.0 29.029217719132895 2.0689655172413794 10.043146700684861 40
410 0.1 27.586206896551722 0.0 29.029217719132895 2.0689655172413794 10.488087373490456 41
420 0.1 24.6485473289597 0.0 29.029217719132895 2.0689655172413794 10.895185457372868 42
430 0.1 15.950334288443171 0.0 29.029217719132895 2.0689655172413794 11.21503108229349 43
440 0.1 8.780487804878048 0.0 29.029217719132895 2.0689655172413794 11.322651609705984 44
450 0.1 6.341463414634147 0.0 29.029217719132895 2.0689655172413794 11.266159080709807 45
457 0.1 1.6765285996055226 0.0 29.029217719132895 1.6765285996055226 11.159100479273379 46
