0 0 0
10 0.1 1
20 0.3 4
30 1.1 15
40 0.9 24
50 1.2 36
60 1 46
70 1.3 59
80 1.2 71
90 2 91
100 1.9 110
110 1.6 126
120 1.7 143
130 0.5 148
140 1.3 161
150 1 171
160 1.4 185
170 0.7 192
180 0.7 199
190 1 209
200 1.4 223
210 1.9 242
220 1.9 261
230 4.9 310
240 6 370
250 5.2 422
260 3.7 459
270 3.8 497
280 5.5 552
290 6 612
300 7.6 688
310 6.1 749
320 6.9 818
330 10.4 922
340 11.4 1036
350 9.1 1127
360 9.8 1225
370 11.7 1342
380 12.9 1471
390 14.8 1619
400 17 1789
410 15.9 1948
420 10.8 2056
430 9.7 2153
440 9.1 2244
450 8.6 2330
457 0.7 2337
