0 0.1 3161.7578125 0 3161.7578125 3161.7578125 0 0
10 0.1 3159.5390625 0.0 3161.7578125 3159.5390625 3161.7578125 1
20 0.1 3156.8828125 0.0 3161.7578125 3156.8828125 3160.6484375 2
30 0.1 3155.4375 0.0 3161.7578125 3155.4375 3159.3932291666665 3
40 0.1 3154.83984375 0.0 3161.7578125 3154.83984375 3158.404296875 4
50 0.1 3152.4609375 0.0 3161.7578125 3152.4609375 3157.69140625 5
60 0.1 3152.07421875 0.0 3161.7578125 3152.07421875 3156.8196614583335 6
70 0.1 3152.42578125 0.0 3161.7578125 3152.07421875 3156.1417410714284 7
80 0.1 3151.7265625 0.0 3161.7578125 3151.7265625 3155.67724609375 8
90 0.1 3150.52734375 0.0 3161.7578125 3150.52734375 3155.23828125 9
100 0.1 3150.05078125 0.0 3161.7578125 3150.05078125 3154.7671875 10
110 0.1 3152.25390625 0.0 3161.7578125 3150.05078125 3154.3384232954545 11
120 0.1 3152.40234375 0.0 3161.7578125 3150.05078125 3154.1647135416665 12
130 0.1 3152.4140625 0.0 3161.7578125 3150.05078125 3154.0291466346152 13
140 0.1 3152.26953125 0.0 3161.7578125 3150.05078125 3153.9137834821427 14
150 0.1 3152.04296875 0.0 3161.7578125 3150.05078125 3153.804166666667 15
160 0.1 3149.75 0.0 3161.7578125 3149.75 3153.694091796875 16
170 0.1 3148.91015625 0.0 3161.7578125 3148.91015625 3153.462086397059 17
180 0.1 3146.7421875 0.0 3161.7578125 3146.7421875 3153.2092013888887 18
190 0.1 3143.9453125 0.0 3161.7578125 3143.9453125 3152.868832236842 19
200 0.1 3141.27734375 0.0 3161.7578125 3141.27734375 3152.42265625 20
210 0.1 3138.80859375 0.0 3161.7578125 3138.80859375 3151.8919270833335 21
220 0.1 3135.609375 0.0 3161.7578125 3135.609375 3151.2972301136365 22
230 0.1 3133.046875 0.0 3161.7578125 3133.046875 3150.6151494565215 23
240 0.1 3132.57421875 0.0 3161.7578125 3132.57421875 3149.8831380208335 24
250 0.1 3132.33203125 0.0 3161.7578125 3132.33203125 3149.19078125 25
260 0.1 3132.09375 0.0 3161.7578125 3132.09375 3148.5423677884614 26
270 0.1 3132.1171875 0.0 3161.7578125 3132.09375 3147.933159722222 27
280 0.1 3131.234375 0.0 3161.7578125 3131.234375 3147.3683035714284 28
290 0.1 3129.85546875 0.0 3161.7578125 3129.85546875 3146.8119612068967 29
300 0.1 3128.51171875 0.0 3161.7578125 3128.51171875 3146.2467447916665 30
310 0.1 3128.0625 0.0 3161.7578125 3128.0625 3145.6746471774195 31
320 0.1 3124.0703125 0.0 3161.7578125 3124.0703125 3145.124267578125 32
330 0.1 3122.125 0.0 3161.7578125 3122.125 3144.486268939394 33
340 0.1 3121.484375 0.0 3161.7578125 3121.484375 3143.8285845588234 34
350 0.1 3121.33984375 0.0 3161.7578125 3121.33984375 3143.1901785714285 35
360 0.1 3121.07421875 0.0 3161.7578125 3121.07421875 3142.5832248263887 36
370 0.1 3117.98046875 0.0 3161.7578125 3117.98046875 3142.001900337838 37
380 0.1 3113.8046875 0.0 3161.7578125 3113.8046875 3141.369757401316 38
390 0.1 3111.546875 0.0 3161.7578125 3111.546875 3140.6629607371797 39
400 0.1 3110.05859375 0.0 3161.7578125 3110.05859375 3139.93505859375 40
410 0.1 3109.66015625 0.0 3161.7578125 3109.66015625 3139.206364329268 41
420 0.1 3109.16796875 0.0 3161.7578125 3109.16796875 3138.502883184524 42
430 0.1 3108.96484375 0.0 3161.7578125 3108.96484375 3137.820675872093 43
440 0.1 3109.0078125 0.0 3161.7578125 3108.96484375 3137.164861505682 44
450 0.1 3109.328125 0.0 3161.7578125 3108.96484375 3136.5391493055554 45
457 0.1 3110.1171875 0.0 3161.7578125 3108.96484375 3135.947605298913 46
