0 0.1 0.0 0 0.0 0.0 0 0
10 0.1 0.0 0.0 0.0 0.0 0.0 1
20 0.1 0.0 0.0 0.0 0.0 0.0 2
30 0.1 0.0 0.0 0.0 0.0 0.0 3
40 0.1 0.078125 0.0 0.078125 0.0 0.0 4
50 0.1 0.140625 0.0 0.140625 0.0 0.015625 5
60 0.1 0.12109375 0.0 0.140625 0.0 0.036458333333333336 6
70 0.1 0.1015625 0.0 0.140625 0.0 0.048549107142857144 7
80 0.1 0.08984375 0.0 0.140625 0.0 0.05517578125 8
90 0.1 0.0703125 0.0 0.140625 0.0 0.059027777777777776 9
100 0.1 0.05859375 0.0 0.140625 0.0 0.06015625 10
110 0.1 0.05078125 0.0 0.140625 0.0 0.060014204545454544 11
120 0.1 0.0390625 0.0 0.140625 0.0 0.059244791666666664 12
130 0.1 0.0390625 0.0 0.140625 0.0 0.057692307692307696 13
140 0.1 0.03125 0.0 0.140625 0.0 0.056361607142857144 14
150 0.1 0.109375 0.0 0.140625 0.0 0.0546875 15
160 0.1 0.08984375 0.0 0.140625 0.0 0.05810546875 16
170 0.1 0.078125 0.0 0.140625 0.0 0.05997242647058824 17
180 0.1 0.05859375 0.0 0.140625 0.0 0.060980902777777776 18
190 0.1 0.05078125 0.0 0.140625 0.0 0.06085526315789474 19
200 0.1 0.05078125 0.0 0.140625 0.0 0.0603515625 20
210 0.1 0.0390625 0.0 0.140625 0.0 0.059895833333333336 21
220 0.1 0.03125 0.0 0.140625 0.0 0.05894886363636364 22
230 0.1 0.109375 0.0 0.140625 0.0 0.057744565217391304 23
240 0.1 0.08984375 0.0 0.140625 0.0 0.059895833333333336 24
250 0.1 0.1484375 0.0 0.1484375 0.0 0.06109375 25
260 0.1 0.12890625 0.0 0.1484375 0.0 0.064453125 26
270 0.1 0.109375 0.0 0.1484375 0.0 0.06684027777777778 27
280 0.1 0.08984375 0.0 0.1484375 0.0 0.068359375 28
290 0.1 0.078125 0.0 0.1484375 0.0 0.06910021551724138 29
300 0.1 0.05859375 0.0 0.1484375 0.0 0.06940104166666666 30
310 0.1 0.05078125 0.0 0.1484375 0.0 0.0690524193548387 31
320 0.1 0.12890625 0.0 0.1484375 0.0 0.0684814453125 32
330 0.1 0.109375 0.0 0.1484375 0.0 0.0703125 33
340 0.1 0.08984375 0.0 0.1484375 0.0 0.07146139705882353 34
350 0.1 0.078125 0.0 0.1484375 0.0 0.07198660714285714 35
360 0.1 0.140625 0.0 0.1484375 0.0 0.07215711805555555 36
370 0.1 0.19140625 0.0 0.19140625 0.0 0.07400760135135136 37
380 0.1 0.16015625 0.0 0.19140625 0.0 0.07709703947368421 38
390 0.1 0.21875 0.0 0.21875 0.0 0.07922676282051282 39
400 0.1 0.26171875 0.0 0.26171875 0.0 0.08271484375 40
410 0.1 0.21875 0.0 0.26171875 0.0 0.08708079268292683 41
420 0.1 0.26171875 0.0 0.26171875 0.0 0.09021577380952381 42
430 0.1 0.21875 0.0 0.26171875 0.0 0.09420421511627906 43
440 0.1 0.19140625 0.0 0.26171875 0.0 0.09703480113636363 44
450 0.1 0.16015625 0.0 0.26171875 0.0 0.09913194444444444 45
457 0.1 0.140625 0.0 0.26171875 0.0 0.10045855978260869 46
