0 2.8 65.76512799944196 84.08321947007866 339.443115234375 6.64794921875 0 0
10 11.7 76.47743264222755 125.69096326596548 646.18408203125 5.2431640625 65.76512799944196 28
20 16.8 92.09700520833334 159.65072954281803 1156.703125 5.2431640625 74.40884967672413 145
30 22 155.64469438032663 202.0731036798207 1392.931884765625 5.2431640625 83.90281175119809 313
40 28.4 72.7562023753851 90.6406820415739 1392.931884765625 5.06396484375 113.51484585702975 533
50 24.2 50.71154179848916 80.56159548119389 1392.931884765625 4.666015625 99.34660259046049 817
60 26.3 266.29617785319624 278.91550803934524 1392.931884765625 4.666015625 88.23264157850859 1059
70 38.3 189.72481654393766 195.2136913851641 1411.801025390625 4.666015625 123.65677927914614 1322
80 34.1 390.7532031822763 268.29187389335056 1702.8388671875 4.666015625 138.4978691749908 1705
90 38.8 179.14810023356958 164.540668038887 1702.8388671875 4.666015625 180.54042484287172 2046
100 34.7 167.28958877431555 195.51574786750305 1702.8388671875 4.666015625 180.31847663070687 2434
110 31.4 88.27334031026076 120.41552208423755 1702.8388671875 4.666015625 178.69279375182597 2781
120 26.8 90.02152901265158 114.23721690068484 1702.8388671875 4.666015625 169.5193823202746 3095
130 28.7 135.49677343069467 156.90627587232052 1702.8388671875 4.666015625 163.18413858359813 3363
140 34.2 183.46212679322 194.21604588970803 1702.8388671875 4.666015625 161.0070772688356 3650
150 31.3 691.0441106729238 368.818337402392 1897.132080078125 4.666015625 162.9308315116561 3992
160 34.1 781.0196558261549 268.87258564731053 2472.2109375 4.666015625 201.32791777820123 4305
170 35.1 897.7942437065972 268.17640110365863 2472.2109375 4.666015625 243.87524508649915 4646
180 29.2 1848.71945901113 539.6306228879852 3327.836181640625 4.666015625 289.8079183936143 4997
190 33.2 2433.86549028144 1273.4495252526049 4168.487060546875 0.56103515625 375.8737474464248 5289
200 57.8 1922.7876145517957 2105.8746600408867 5692.195068359375 0.56103515625 497.42743159892876 5621
210 84.2 1288.6048618778757 1598.5953806907703 5692.195068359375 0.55908203125 630.3292199110367 6199
220 107.7 957.2699254566357 1476.7584118004868 5692.195068359375 0.55908203125 709.0493009415833 7041
230 108.9 955.1209188834365 1564.8519979072828 5692.195068359375 0.55908203125 741.9802707127968 8118
240 95.3 1140.2616301113262 1439.3313668365993 5692.195068359375 0.55908203125 767.190454905023 9207
250 93.3 1150.9361157514431 1545.1615692091048 5692.195068359375 0.535888671875 802.1842373825434 10160
260 97.7 1062.5290165006063 1377.297528659731 5692.195068359375 0.535888671875 831.5167445959378 11093
270 114.3 943.7165292387768 1378.8195517479526 5692.195068359375 0.535888671875 850.215915238097 12070
280 129 828.0048462860341 1288.1354872326651 5692.195068359375 0.535888671875 858.3042526181603 13213
290 146.8 744.5325924408208 1216.5635587552933 5692.195068359375 0.535888671875 855.6092078571837 14503
300 148.2 688.7535906134019 1199.7415947722584 5692.195068359375 0.535888671875 845.3994231579651 15971
310 186.3 577.6374189343046 1236.2273375353118 5692.195068359375 0.535888671875 832.0980352114206 17453
320 226.4 507.02528020097174 1143.3290584192723 5692.195068359375 0.535888671875 807.5556802660765 19316
330 228.9 467.9252028425691 1030.0721580606073 5692.195068359375 0.535888671875 776.0264483037319 21580
340 215.9 505.6491380331968 1063.6321390589294 5692.195068359375 0.535888671875 746.480017751107 23869
350 201.9 543.8883149145613 1035.7983948469716 5692.195068359375 0.535888671875 726.5033053909192 26028
360 249.9 420.8079799302536 1018.1214858497742 5692.195068359375 0.535888671875 713.3575263139496 28047
370 310.2 349.845608994701 1111.587736303314 6090.361083984375 0.535888671875 689.4237439394044 30546
380 333.2 339.49092979476904 1036.5244236390527 6090.361083984375 0.535888671875 658.1181277185749 33648
390 344 310.2075305317715 923.0904293671239 6090.361083984375 0.535888671875 629.4089383329037 36980
400 338.7 323.08285406229265 946.2039064751194 6090.361083984375 0.535888671875 602.2428610732329 40420
410 314.7 355.1074859551264 1067.497998069826 6090.361083984375 0.535888671875 580.6592113426863 43807
420 227.6 519.1121257654604 1018.1884114707254 6090.361083984375 0.535888671875 565.542048166074 46954
430 119.6 895.0330081799353 912.0380057889791 6090.361083984375 0.535888671875 563.3955012762955 49230
440 63.1 1477.8064610984563 369.41678560775625 6090.361083984375 0.535888671875 571.2612542262966 50426
450 34.9 406.5756619079064 388.3201967502204 6090.361083984375 0.535888671875 582.4650073950361 51057
457 0.8 10.53509521484375 7.240631125317478 6090.361083984375 0.535888671875 581.2708786634676 51406
