10 0.1 203 0 203 203 0 0
20 0.1 854.0 0.0 854 203 203.0 1
30 0.1 1139.0 0.0 1139 203 528.5 2
40 0.1 1541.0 0.0 1541 203 732.0 3
50 0.1 1989.0 0.0 1989 203 934.25 4
60 0.1 1586.0 0.0 1989 203 1145.2 5
70 0.1 2026.0 0.0 2026 203 1218.6666666666667 6
80 0.1 2590.0 0.0 2590 203 1334.0 7
90 0.1 2502.0 0.0 2590 203 1491.0 8
100 0.1 2697.0 0.0 2697 203 1603.3333333333333 9
110 0.1 2366.0 0.0 2697 203 1712.7 10
120 0.1 2025.0 0.0 2697 203 1772.090909090909 11
130 0.1 1853.0 0.0 2697 203 1793.1666666666667 12
140 0.1 2146.0 0.0 2697 203 1797.7692307692307 13
150 0.1 2338.0 0.0 2697 203 1822.642857142857 14
160 0.1 2220.0 0.0 2697 203 1857.0 15
170 0.1 2469.0 0.0 2697 203 1879.6875 16
180 0.1 2422.0 0.0 2697 203 1914.3529411764705 17
190 0.1 1967.0 0.0 2697 203 1942.5555555555557 18
200 0.1 2219.0 0.0 2697 203 1943.842105263158 19
210 0.1 2559.0 0.0 2697 203 1957.6 20
220 0.1 3305.0 0.0 3305 203 1986.2380952380952 21
230 0.1 3327.0 0.0 3327 203 2046.1818181818182 22
240 0.1 3459.0 0.0 3459 203 2101.8695652173915 23
250 0.1 3376.0 0.0 3459 203 2158.416666666667 24
260 0.1 3554.0 0.0 3554 203 2207.1200000000003 25
270 0.1 3617.0 0.0 3617 203 2258.923076923077 26
280 0.1 3944.0 0.0 3944 203 2309.2222222222226 27
290 0.1 4222.0 0.0 4222 203 2367.6071428571436 28
300 0.1 4557.0 0.0 4557 203 2431.5517241379316 29
310 0.1 4322.0 0.0 4557 203 2502.4000000000005 30
320 0.1 5152.0 0.0 5152 203 2561.0967741935488 31
330 0.1 5553.0 0.0 5553 203 2642.0625000000005 32
340 0.1 5571.0 0.0 5571 203 2730.272727272728 33
350 0.1 5554.0 0.0 5571 203 2813.823529411766 34
360 0.1 5763.0 0.0 5763 203 2892.1142857142863 35
370 0.1 6143.0 0.0 6143 203 2971.8611111111113 36
380 0.1 6571.0 0.0 6571 203 3057.5675675675675 37
390 0.1 7628.0 0.0 7628 203 3150.0263157894738 38
400 0.1 7507.0 0.0 7628 203 3264.846153846154 39
410 0.1 6929.0 0.0 7628 203 3370.9 40
420 0.1 6038.0 0.0 7628 203 3457.682926829268 41
430 0.1 5755.0 0.0 7628 203 3519.1190476190477 42
440 0.1 4624.0 0.0 7628 203 3571.1162790697676 43
450 0.1 3788.0 0.0 7628 203 3595.0454545454545 44
457 0.1 364.0 0.0 7628 203 3599.3333333333335 45
