10 0.1 170 0 170 170 0 0
20 0.1 725.0 0.0 725 170 170.0 1
30 0.1 962.0 0.0 962 170 447.5 2
40 0.1 1217.0 0.0 1217 170 619.0 3
50 0.1 1585.0 0.0 1585 170 768.5 4
60 0.1 1326.0 0.0 1585 170 931.8 5
70 0.1 1760.0 0.0 1760 170 997.5 6
80 0.1 2187.0 0.0 2187 170 1106.4285714285713 7
90 0.1 2116.0 0.0 2187 170 1241.5 8
100 0.1 2282.0 0.0 2282 170 1338.6666666666667 9
110 0.1 2049.0 0.0 2282 170 1433.0 10
120 0.1 1779.0 0.0 2282 170 1489.0 11
130 0.1 1593.0 0.0 2282 170 1513.1666666666667 12
140 0.1 1814.0 0.0 2282 170 1519.3076923076924 13
150 0.1 1974.0 0.0 2282 170 1540.357142857143 14
160 0.1 1.9e3 0.0 2282 170 1569.2666666666667 15
170 0.1 2151.0 0.0 2282 170 1589.9375 16
180 0.1 2069.0 0.0 2282 170 1622.9411764705883 17
190 0.1 1711.0 0.0 2282 170 1647.7222222222222 18
200 0.1 2077.0 0.0 2282 170 1651.0526315789473 19
210 0.1 2555.0 0.0 2555 170 1672.35 20
220 0.1 3357.0 0.0 3357 170 1714.3809523809523 21
230 0.1 3752.0 0.0 3752 170 1789.0454545454545 22
240 0.1 3726.0 0.0 3752 170 1874.391304347826 23
250 0.1 3474.0 0.0 3752 170 1951.5416666666667 24
260 0.1 3662.0 0.0 3752 170 2012.44 25
270 0.1 3853.0 0.0 3853 170 2075.8846153846152 26
280 0.1 4218.0 0.0 4218 170 2141.703703703704 27
290 0.1 4643.0 0.0 4643 170 2215.857142857143 28
300 0.1 5084.0 0.0 5084 170 2299.551724137931 29
310 0.1 5059.0 0.0 5084 170 2392.366666666667 30
320 0.1 6127.0 0.0 6127 170 2478.3870967741937 31
330 0.1 6826.0 0.0 6826 170 2592.40625 32
340 0.1 6716.0 0.0 6826 170 2720.6969696969695 33
350 0.1 6431.0 0.0 6826 170 2838.205882352941 34
360 0.1 6753.0 0.0 6826 170 2940.8571428571427 35
370 0.1 7958.0 0.0 7958 170 3046.75 36
380 0.1 8639.0 0.0 8639 170 3179.4864864864867 37
390 0.1 9510.0 0.0 9510 170 3323.157894736842 38
400 0.1 9528.0 0.0 9528 170 3481.7948717948716 39
410 0.1 8987.0 0.0 9528 170 3632.95 40
420 0.1 7704.0 0.0 9528 170 3763.5365853658536 41
430 0.1 5984.0 0.0 9528 170 3857.3571428571427 42
440 0.1 4135.0 0.0 9528 170 3906.813953488372 43
450 0.1 3432.0 0.0 9528 170 3912.0 44
457 0.1 380.0 0.0 9528 170 3901.3333333333335 45
