10 0.1 17723.370849609375 0 17723.370849609375 17723.370849609375 0 0
20 0.3 20201.357747395832 3146.7864229148972 24380.069091796875 16786.4169921875 17723.370849609375 1
30 1.1 21501.44413618608 3051.5602378758167 26928.343994140625 16786.4169921875 19581.86102294922 4
40 0.9 23055.018581814234 3419.5156884753283 27029.630859375 16402.14208984375 20989.555305989583 15
50 1.2 20857.238240559895 5393.68809118305 35395.724853515625 13463.529052734375 21764.104034423828 24
60 1 24620.247314453125 5075.222345727624 35395.724853515625 13463.529052734375 21461.815436469184 36
70 1.3 22378.765963040867 3864.721421540239 35395.724853515625 13463.529052734375 22148.431062117867 46
80 1.2 22353.162679036457 4880.346211156556 35395.724853515625 13463.529052734375 22199.182819948357 59
90 2 25259.33770751953 3410.409605955965 35395.724853515625 13463.529052734375 22225.207584864656 71
100 1.9 24445.11355108964 4314.210879326389 35395.724853515625 13463.529052734375 22892.04937006353 91
110 1.6 24779.2872467041 5147.968369970144 35395.724853515625 13463.529052734375 23160.305910422587 110
120 1.7 21437.224135454962 3174.3168747419336 35395.724853515625 13458.882080078125 23365.89084201389 126
130 0.5 23944.458056640626 3173.529344831165 35395.724853515625 13458.882080078125 23136.6087859894 143
140 1.3 22497.253155048078 5677.843193813881 35395.724853515625 13458.882080078125 23163.90099107897 148
150 1 24716.768701171874 2319.557459142606 35395.724853515625 13458.882080078125 23110.072283821817 161
160 1.4 29109.358276367188 3687.6136689322298 37212.56201171875 13458.882080078125 23204.03113863761 171
170 0.7 33382.624720982145 4725.491579863299 41949.626220703125 13458.882080078125 23650.9207598712 185
180 0.7 36081.70057896205 3393.327967621554 41949.626220703125 13458.882080078125 24005.7224667867 192
190 1 46191.92580566406 3678.525180282158 52730.19091796875 13458.882080078125 24430.50561646121 199
200 1.4 49034.46491350447 3089.7367599453055 53547.0048828125 13458.882080078125 25471.721893456564 209
210 1.9 51418.17357113487 3678.0058489858475 60018.498046875 13458.882080078125 26950.997240006658 223
220 1.9 49394.49578536184 9072.570011129801 62547.97998046875 13458.882080078125 28871.9738941035 242
230 4.9 46529.73398636799 10032.860518809635 70468.59814453125 13458.882080078125 30365.950583505448 261
240 6 48122.61265055338 9542.20760283058 70468.59814453125 13458.882080078125 32920.8711858934 310
250 5.2 44830.55456073467 10443.608009535126 70468.59814453125 13458.882080078125 35386.01845043286 370
260 3.7 45462.855264199745 10269.538012510957 71883.31494140625 13458.882080078125 36549.80015122834 422
270 3.8 43610.54881527549 7640.69065071857 71883.31494140625 13458.882080078125 37268.28171806917 459
280 5.5 41803.28288796165 8501.607485649969 71883.31494140625 13458.882080078125 37753.20354843907 497
290 6 39688.98094889322 7926.47365215013 71883.31494140625 13458.882080078125 38156.744062340775 552
300 7.6 35978.66623406661 8590.258145291224 71883.31494140625 13458.882080078125 38306.96336494396 612
310 6.1 35402.13998863346 8342.760512389292 71883.31494140625 13458.882080078125 38049.76775164937 688
320 6.9 34231.09370046422 9395.706623682061 71883.31494140625 13458.882080078125 37834.13985639707 749
330 10.4 31095.07103553185 7156.1277127160765 71883.31494140625 13458.882080078125 37530.2154251509 818
340 11.4 31779.547149122805 7065.221913005905 71883.31494140625 13458.882080078125 36804.34230528064 922
350 9.1 31022.962729653158 7339.4323008657475 71883.31494140625 13458.882080078125 36251.42083056829 1036
360 9.8 31017.658601721938 6285.511663755596 71883.31494140625 13458.882080078125 35829.24719509067 1127
370 11.7 29183.461459168004 7239.074519194243 71883.31494140625 12082.526123046875 35444.32010762117 1225
380 12.9 28223.358623652493 7885.189379795702 71883.31494140625 12082.526123046875 34898.47773663084 1342
390 14.8 26748.343042322103 5873.6085357971215 71883.31494140625 12082.526123046875 34313.10019375238 1471
400 17 27727.413987821692 6474.372783358342 71883.31494140625 12082.526123046875 33621.572053905766 1619
410 15.9 26888.190550990075 6276.336824294701 71883.31494140625 12082.526123046875 33061.478777642886 1789
420 10.8 27552.212042914496 5979.859221237527 71883.31494140625 12082.526123046875 32557.60155585757 1948
430 9.7 30079.6435546875 5582.163488552524 71883.31494140625 12082.526123046875 32294.672534749665 2056
440 9.1 34930.870589371574 5937.284092217606 71883.31494140625 12082.526123046875 32194.87791744078 2153
450 8.6 39407.38551224109 4271.534708197588 71883.31494140625 12082.526123046875 32305.829491926386 2244
457 0.7 41589.05259486607 1705.821472137699 71883.31494140625 12082.526123046875 32567.94701027277 2330
