0 95.75703125 95.75703125
10 439.2703125 535.02734375
20 641.27109375 1176.2984375
30 848.9265625 2025.225
40 1108.5578125 3133.7828125
50 949.01796875 4082.80078125
60 984.50625 5067.30703125
70 1506.24765625 6573.5546875
80 1312.02265625 7885.57734375
90 1537.340625 9422.91796875
100 1337.5953125 10760.51328125
110 1251.36796875 12011.88125
120 1026.415625 13038.296875
130 1096.428125 14134.725
140 1337.928125 15472.653125
150 1183.540625 16656.19375
160 1314.265625 17970.459375
170 1361.67265625 19332.13203125
180 1107.246875 20439.37890625
190 981.0890625 21420.46796875
200 1076.53828125 22497.00625
210 1485.01796875 23982.02421875
220 1561.2265625 25543.25078125
230 1455.61328125 26998.8640625
240 1716.48671875 28715.35078125
250 1561.42890625 30276.7796875
260 1707.78359375 31984.56328125
270 1781.29375 33765.85703125
280 1885.24765625 35651.1046875
290 2027.0703125 37678.175
300 1923.42421875 39601.59921875
310 1860.38515625 41461.984375
320 2172.0234375 43634.0078125
330 2283.76484375 45917.77265625
340 2245.159375 48162.93203125
350 2398.4984375 50561.43046875
360 2242.821875 52804.25234375
370 2103.46953125 54907.721875
380 2347.3109375 57255.0328125
390 2477.21171875 59732.24453125
400 2491.6046875 62223.84921875
410 2240.59453125 64464.44375
420 2697.984375 67162.428125
430 2753.87734375 69916.30546875
440 2614.18125 72530.48671875
450 1495.215625 74025.70234375
457 35.16171875 74060.8640625
