0 10.06484375 10.06484375
10 42.33828125 52.403125
20 60.69296875 113.09609375
30 79.75703125 192.853125
40 103.984375 296.8375
50 89.32734375 386.16484375
60 100.10703125 486.271875
70 135.61875 621.890625
80 127.51015625 749.40078125
90 142.05234375 891.453125
100 122.571875 1014.025
110 118.225 1132.25
120 95.2546875 1227.5046875
130 104.08515625 1331.58984375
140 130.3984375 1461.98828125
150 116.20234375 1578.190625
160 124.43359375 1702.62421875
170 134.8203125 1837.44453125
180 116.0984375 1953.54296875
190 120.746875 2074.28984375
200 190.94296875 2265.2328125
210 287.571875 2552.8046875
220 358.496875 2911.3015625
230 355.109375 3266.4109375
240 321.6484375 3588.059375
250 304.653125 3892.7125
260 312.63203125 4205.34453125
270 364.69921875 4570.04375
280 418.859375 4988.903125
290 465.9359375 5454.8390625
300 457.62734375 5912.46640625
310 547.46796875 6459.934375
320 664.49296875 7124.42734375
330 684.390625 7808.81796875
340 626.621875 8435.43984375
350 617.23046875 9052.6703125
360 697.76171875 9750.43203125
370 774.23359375 10524.665625
380 839.07578125 11363.74140625
390 898.1890625 12261.93046875
400 906.34296875 13168.2734375
410 808.390625 13976.6640625
420 674.41640625 14651.08046875
430 424.54453125 15075.625
440 207.025 15282.65
450 108.23671875 15390.88671875
457 2.84765625 15393.734375
