0 5 5
10 15 15
20 22 23
30 23 28
40 27 28
50 24 28
60 38 38
70 36 40
80 47 50
90 38 50
100 34 50
110 24 50
120 25 50
130 39 50
140 43 50
150 59 59
160 61 63
170 75 75
180 105 105
190 145 146
200 169 170
210 187 187
220 217 219
230 198 222
240 186 222
250 179 222
260 208 222
270 221 222
280 230 232
290 230 237
300 246 254
310 296 298
320 316 321
330 314 322
340 299 322
350 295 322
360 362 363
370 406 411
380 423 427
390 428 434
400 404 434
410 374 434
420 281 434
430 184 434
440 93 434
450 7 434
457 0 434
