0 0.5 5
10 1.1 16
20 1 26
30 1.2 38
40 1.3 51
50 0.9 60
60 2.4 84
70 1.1 95
80 2.3 118
90 1.1 129
100 1.5 144
110 0.6 150
120 1.8 168
130 1.9 187
140 1.7 204
150 2.6 230
160 1.6 246
170 2.1 267
180 3.7 304
190 5 354
200 3.8 392
210 3.7 429
220 4.9 478
230 3 508
240 4.8 556
250 4.5 601
260 6.6 667
270 5.1 718
280 6.4 782
290 6 842
300 9.2 934
310 11.1 1045
320 8.9 1134
330 10.2 1236
340 9.9 1335
350 8.7 1422
360 16.5 1587
370 16.1 1748
380 14.6 1894
390 15.3 2047
400 14.6 2193
410 12.9 2322
420 1.5 2337
430 0 2337
440 0 2337
450 0 2337
457 0 2337
