0 2.3 23
10 7 93
20 9.9 192
30 17.5 367
40 28.1 648
50 24.6 894
60 32.8 1222
70 30 1522
80 37.7 1899
90 36.7 2266
100 40.6 2672
110 38.2 3054
120 43.6 3490
130 36.3 3853
140 38.1 4234
150 42 4654
160 42.1 5075
170 41.2 5487
180 33.7 5824
190 33.3 6157
200 34.2 6499
210 33.4 6833
220 27 7103
230 28.5 7388
240 23.9 7627
250 28.5 7912
260 24.9 8161
270 28.5 8446
280 26.3 8709
290 23.8 8947
300 24.7 9194
310 19.1 9385
320 22.1 9606
330 25.5 9861
340 20.3 10064
350 20.2 10266
360 23.1 10497
370 20.5 10702
380 21.4 10916
390 21.4 11130
400 22.4 11354
410 19.8 11552
420 19.9 11751
430 19.2 11943
440 19.6 12139
450 18.8 12327
460 18.2 12509
470 16.3 12672
480 15.8 12830
490 18.8 13018
500 22.4 13242
510 29.2 13534
520 29.4 13828
530 30.7 14135
540 44.2 14577
550 47.4 15051
560 36.7 15418
570 29.1 15709
580 22 15929
590 16 16089
600 11.9 16208
610 6.5 16273
620 4 16313
630 2.3 16336
640 1.1 16347
644 0.2 16349
