10 0.8 8
20 1.5 23
30 2.3 46
40 3.7 83
50 3.4 117
60 5.3 170
70 3.7 207
80 5.1 258
90 5.1 309
100 5.8 367
110 5 417
120 6.6 483
130 5.2 535
140 5.1 586
150 6.1 647
160 6.1 708
170 4.5 753
180 5 803
190 3.5 838
200 2.8 866
210 2.5 891
220 2.3 914
230 2.9 943
240 1.8 961
250 2.2 983
260 2.6 1009
270 2 1029
280 2.1 1050
290 1.9 1069
300 1.8 1087
310 1.2 1099
320 2 1119
330 1.4 1133
340 0.8 1141
350 0.8 1149
360 0.8 1157
370 0.7 1164
380 0.2 1166
390 0.4 1170
400 0.4 1174
410 0.1 1175
420 0.4 1179
430 0 1179
440 0.3 1182
450 0.1 1183
460 0.1 1184
470 0.3 1187
480 0.2 1189
490 0.2 1191
500 0.1 1192
510 0.3 1195
520 0.2 1197
530 0.6 1203
540 1.4 1217
550 2.1 1238
560 4.3 1281
570 3.5 1316
580 2.5 1341
590 2.3 1364
600 1.8 1382
610 0.6 1388
620 0.3 1391
630 0.3 1394
640 0.2 1396
644 0 1396
