0 1.2 12
10 1.1 23
20 1.9 42
30 1.5 57
40 1.8 75
50 1.4 89
60 2 109
70 2.2 131
80 2.5 156
90 2.5 181
100 2.4 205
110 2.4 229
120 2.1 250
130 2.8 278
140 3.5 313
150 3.2 345
160 2.8 373
170 3.2 405
180 2.3 428
190 4.3 471
200 4.3 514
210 4 554
220 5 604
230 4.1 645
240 5 695
250 4.4 739
260 4.5 784
270 4.5 829
280 4.3 872
290 4.5 917
300 3.6 953
310 4.3 996
320 4.7 1043
330 4.5 1088
340 5.7 1145
350 4.1 1186
360 4.8 1234
370 5.8 1292
380 5.3 1345
390 6.5 1410
400 4.3 1453
410 4.9 1502
420 6.4 1566
430 5.9 1625
440 5 1675
450 6.9 1744
460 5.5 1799
470 5.9 1858
480 3.5 1893
490 4.5 1938
500 2.9 1967
510 2.2 1989
520 2.5 2014
530 1.5 2029
540 2.2 2051
550 1.2 2063
560 0.4 2067
570 0 2067
580 0 2067
590 0 2067
600 0 2067
610 0 2067
620 0 2067
630 0 2067
640 0 2067
644 0 2067
