40 0.5 5
50 0.3 8
60 0.3 11
70 0.1 12
80 0.4 16
90 0.4 20
100 0.2 22
110 0.3 25
120 0.5 30
130 0.2 32
140 0.3 35
150 0.2 37
160 0.4 41
170 0.1 42
180 0.2 44
190 0.1 45
200 0.3 48
210 0 48
220 0.4 52
230 0.2 54
240 0.9 63
250 0.6 69
260 0.9 78
270 1.2 90
280 1.1 101
290 1.5 116
300 1.9 135
310 1.9 154
320 2.3 177
330 2.3 200
340 1.9 219
350 2.8 247
360 2.5 272
370 3.2 304
380 3.6 340
390 2.7 367
400 2.5 392
410 3.3 425
420 3.5 460
430 5.1 511
440 4 551
450 4.6 597
460 4.8 645
470 5.2 697
480 5.1 748
490 3.2 780
500 3.6 816
510 2 836
520 2 856
530 0.7 863
540 1.7 880
550 1.3 893
560 0.6 899
570 0.1 900
580 0 900
590 0 900
600 0 900
610 0 900
620 0 900
630 0 900
640 0 900
644 0 900
