210 0.2 2
220 0.4 6
230 1.1 17
240 0.9 26
250 1.1 37
260 2.3 60
270 2.4 84
280 2.9 113
290 3.9 152
300 6.1 213
310 4.3 256
320 5.6 312
330 7.5 387
340 7.3 460
350 5.6 516
360 7.4 590
370 6.1 651
380 8.8 739
390 8.7 826
400 7.6 902
410 9.3 995
420 9.1 1086
430 7.8 1164
440 7.1 1235
450 7.9 1314
460 7.7 1391
470 7.8 1469
480 8.5 1554
490 12 1674
500 17.1 1845
510 22.6 2071
520 26.2 2333
530 30.8 2641
540 39.1 3032
550 33.8 3370
560 21 3580
570 8.7 3667
580 4.5 3712
590 1.4 3726
600 0.6 3732
610 0.1 3733
620 0.2 3735
630 0 3735
640 0 3735
644 0 3735
