200 0.1 1
210 5.1 52
220 17.5 227
230 37.2 599
240 46.6 1065
250 60.4 1669
260 86.2 2531
270 78.1 3312
280 102.9 4341
290 121.5 5556
300 131 6866
310 156 8426
320 160.3 10029
330 158.8 11617
340 175.1 13368
350 182.5 15193
360 194.2 17135
370 228.7 19422
380 236.7 21789
390 221.7 24006
400 239.1 26397
410 267.6 29073
420 309.4 32167
430 328 35447
440 339.9 38846
450 367.8 42524
460 357.4 46098
470 373.9 49837
480 348.5 53322
490 267.6 55998
500 189.6 57894
510 106.8 58962
520 59.4 59556
530 31.5 59871
540 7.1 59942
550 0 59942
560 0 59942
570 0 59942
580 0 59942
590 0 59942
600 0 59942
610 0 59942
620 0 59942
630 0 59942
640 0 59942
644 0 59942
