0 11 11
10 20 9
20 28 8
30 38 10
40 42 4
50 47 5
60 55 8
70 68 13
80 74 6
90 79 5
100 82 3
110 86 4
120 88 2
130 101 13
140 112 11
150 126 14
160 139 13
170 148 9
180 179 31
190 201 22
200 237 36
210 282 45
220 306 24
230 339 33
240 365 26
250 395 30
260 433 38
270 479 46
280 505 26
290 538 33
300 581 43
310 635 54
320 688 53
330 710 22
340 740 30
350 742 2
360 784 42
370 839 55
380 858 19
390 907 49
400 974 67
410 1049 75
420 1111 62
430 1150 39
440 1216 66
450 1250 34
460 1290 40
470 1314 24
480 1224 -90
490 1059 -165
500 873 -186
510 756 -117
520 632 -124
530 534 -98
540 398 -136
550 271 -127
560 176 -95
570 110 -66
580 68 -42
590 45 -23
600 27 -18
610 18 -9
620 9 -9
630 3 -6
640 2 -1
644 0 -2
