0 1.1 14.030184659090908 37.36685698090408 132.135009765625 1.369140625 0 0
10 0.9 1.8324381510416667 0.2833816842355278 132.135009765625 1.369140625 14.030184659090908 11
20 0.8 1.969207763671875 0.5833408476389539 132.135009765625 1.369140625 8.54119873046875 20
30 1 1.756787109375 0.3562059207884685 132.135009765625 1.26806640625 6.663487025669643 28
40 0.9 1.5843370225694444 0.3179727321547463 132.135009765625 1.26806640625 5.372250205592105 38
50 0.8 1.70654296875 0.32259209020369256 132.135009765625 1.118896484375 4.646905127992022 47
60 1.5 2.4275553385416666 2.326104344959783 132.135009765625 1.118896484375 4.2192160866477275 55
70 1.7 1.7453756893382353 0.3800602692844226 132.135009765625 1.118896484375 3.835288783482143 70
80 1.5 1.9297688802083333 0.9893227806402496 132.135009765625 1.118896484375 3.4269149604885056 87
90 1.4 2.359898158482143 1.3966416272723898 132.135009765625 1.118896484375 3.2067464192708335 102
100 1 1.8154052734375 0.6256097818213869 132.135009765625 1.118896484375 3.104540594692888 116
110 1.1 2.3043323863636362 1.9405988940367511 132.135009765625 1.118896484375 3.002228267609127 126
120 1.3 3.987567608173077 7.432151467604821 132.135009765625 1.118896484375 2.9461928318886863 137
130 1.8 2.205295138888889 1.8040797633488732 132.135009765625 1.118896484375 3.0364453125 150
140 2.4 1.6163533528645833 0.3144543090282024 132.135009765625 1.118896484375 2.9473935081845237 168
150 1.9 1.803479646381579 0.9091162433446863 132.135009765625 1.078857421875 2.7810134887695313 192
160 2.2 2.291281960227273 1.8877600192043453 132.135009765625 1.078857421875 2.692989114336493 211
170 1.6 1.6357574462890625 0.3865715620350816 132.135009765625 1.078857421875 2.6550596834763946 233
180 3.7 3.583205764358108 9.313493294719814 132.135009765625 1.078857421875 2.5895623509663657 249
190 2.5 1.813125 0.48088870707590925 132.135009765625 1.078857421875 2.718110624726836 286
200 4.3 2.4454317314680236 2.350675658589051 132.135009765625 1.06005859375 2.645362584153939 311
210 4.9 1.8282545440051021 0.912121695176408 132.135009765625 1.06005859375 2.62107719809322 354
220 3.6 1.7855699327256944 0.4248076605932986 132.135009765625 1.06005859375 2.5246794064050864 403
230 4.8 1.7786000569661458 0.6358223594308365 132.135009765625 1.0068359375 2.464069062322038 439
240 4.3 2.525941360828488 4.077440347329197 132.135009765625 1.0068359375 2.3965074355107796 487
250 4.6 1.6891452955163044 0.30962346751825953 132.135009765625 1.0068359375 2.4070086785082543 530
260 6.1 1.8892081839139345 0.9185271623450502 132.135009765625 1.0068359375 2.349679311116536 576
270 6.8 1.8620784983915442 0.8793035402789028 132.135009765625 1.0068359375 2.3055839598459573 637
280 5.7 1.7420547217653508 0.6879650746408732 132.135009765625 1.0068359375 2.2628061281028367 705
290 6.5 1.6867149939903847 0.3624728652863973 132.135009765625 1.0068359375 2.2238522827468827 762
300 8.6 2.177779796511628 3.1461353032128385 132.135009765625 1.0068359375 2.18163472075272 827
310 10.3 1.7539986915958738 0.8694880838259467 132.135009765625 1.0068359375 2.1812716063116095 913
320 11.2 1.6271318708147322 0.47604987558820755 132.135009765625 0.951904296875 2.1379555529496796 1016
330 9 1.550735134548611 0.3302910411244671 132.135009765625 0.946044921875 2.0872354710355716 1128
340 10 1.6701342773437498 0.5218244067298132 132.135009765625 0.946044921875 2.047592589029146 1218
350 10.2 1.5566047219669117 0.3710719136950764 132.135009765625 0.946044921875 2.0189538703883727 1318
360 12.3 2.14773485137195 2.962703996207909 132.135009765625 0.946044921875 1.9857428752200703 1420
370 16.3 1.8218117930406441 1.0075911118064147 132.135009765625 0.946044921875 1.9986560398776734 1543
380 13.9 1.7530754693120503 0.5975514272832265 132.135009765625 0.946044921875 1.9817594324717906 1706
390 14.4 1.9000362820095487 1.2780843175874774 132.135009765625 0.946044921875 1.964530667767615 1845
400 16 1.765875244140625 0.9919029424584329 132.135009765625 0.946044921875 1.959861390970651 1989
410 17.9 1.782330219972067 0.7158134239869934 132.135009765625 0.946044921875 1.9454184949758608 2149
420 18.4 2.537671959918477 3.7365306565768197 132.135009765625 0.946044921875 1.932878631906411 2328
430 18.2 1.8907658503605769 0.9260386786679441 132.135009765625 0.946044921875 1.9771787801365943 2512
440 20.4 1.9903708065257353 2.2554936070481553 132.135009765625 0.946044921875 1.9713409355860245 2694
450 19.8 1.6236732559974751 0.5415257909415653 132.135009765625 0.946044921875 1.9726805124223603 2898
460 18.9 1.757127872850529 0.744753316678166 132.135009765625 0.946044921875 1.9503602809068152 3096
470 18.9 1.7890482907572751 0.8067467116099301 132.135009765625 0.946044921875 1.9392427998953576 3285
480 9.5 1.8276649876644737 1.1356709521884463 132.135009765625 0.946044921875 1.9310715960303324 3474
490 0 0 0 132.135009765625 0.946044921875 1.9283191085563183 3569
500 0 0 0 132.135009765625 0.946044921875 1.9283191085563183 3569
510 0 0 0 132.135009765625 0.946044921875 1.9283191085563183 3569
520 0 0 0 132.135009765625 0.946044921875 1.9283191085563183 3569
530 0 0 0 132.135009765625 0.946044921875 1.9283191085563183 3569
540 0 0 0 132.135009765625 0.946044921875 1.9283191085563183 3569
550 0 0 0 132.135009765625 0.946044921875 1.9283191085563183 3569
560 0 0 0 132.135009765625 0.946044921875 1.9283191085563183 3569
570 0 0 0 132.135009765625 0.946044921875 1.9283191085563183 3569
580 0 0 0 132.135009765625 0.946044921875 1.9283191085563183 3569
590 0 0 0 132.135009765625 0.946044921875 1.9283191085563183 3569
600 0 0 0 132.135009765625 0.946044921875 1.9283191085563183 3569
610 0 0 0 132.135009765625 0.946044921875 1.9283191085563183 3569
620 0 0 0 132.135009765625 0.946044921875 1.9283191085563183 3569
630 0 0 0 132.135009765625 0.946044921875 1.9283191085563183 3569
640 0 0 0 132.135009765625 0.946044921875 1.9283191085563183 3569
644 0 0 0 132.135009765625 0.946044921875 1.9283191085563183 3569
