0 0.1 3.206986114668184 0 3.206986114668184 3.206986114668184 0 0
10 0.1 2.747791952894995 0.0 3.206986114668184 2.747791952894995 3.206986114668184 1
20 0.1 2.0710059171597637 0.0 3.206986114668184 2.0710059171597637 2.9773890337815896 2
30 0.1 2.171767028627838 0.0 3.206986114668184 2.0710059171597637 2.6752613282409805 3
40 0.1 3.7254901960784315 0.0 3.7254901960784315 2.0710059171597637 2.5493877533376947 4
50 0.1 3.564356435643564 0.0 3.7254901960784315 2.0710059171597637 2.7846082418858424 5
60 0.1 4.031465093411996 0.0 4.031465093411996 2.0710059171597637 2.914566274178796 6
70 0.1 4.4422507403751235 0.0 4.4422507403751235 2.0710059171597637 3.0741232483549674 7
80 0.1 4.54096742349457 0.0 4.54096742349457 2.0710059171597637 3.2451391848574866 8
90 0.1 5.577299412915851 0.0 5.577299412915851 2.0710059171597637 3.389120100261607 9
100 0.1 5.413385826771654 0.0 5.577299412915851 2.0710059171597637 3.6079380315270315 10
110 0.1 5.99803343166175 0.0 5.99803343166175 2.0710059171597637 3.7720696492765424 11
120 0.1 5.703048180924287 0.0 5.99803343166175 2.0710059171597637 3.9575666311419764 12
130 0.1 6.2745098039215685 0.0 6.2745098039215685 2.0710059171597637 4.091834442663693 13
140 0.1 4.935834155972359 0.0 6.2745098039215685 2.0710059171597637 4.247739825610684 14
150 0.1 5.413385826771654 0.0 6.2745098039215685 2.0710059171597637 4.29361278096813 15
160 0.1 5.899705014749262 0.0 6.2745098039215685 2.0710059171597637 4.36359859633085 16
170 0.1 5.99803343166175 0.0 6.2745098039215685 2.0710059171597637 4.453957797414286 17
180 0.1 5.610236220472441 0.0 6.2745098039215685 2.0710059171597637 4.539739777094701 18
190 0.1 5.593719332679097 0.0 6.2745098039215685 2.0710059171597637 4.596081695167213 19
200 0.1 5.128205128205128 0.0 6.2745098039215685 2.0710059171597637 4.645963577042808 20
210 0.1 5.853658536585367 0.0 6.2745098039215685 2.0710059171597637 4.668927460431489 21
220 0.1 5.346534653465347 0.0 6.2745098039215685 2.0710059171597637 4.722778872983938 22
230 0.1 6.666666666666667 0.0 6.666666666666667 2.0710059171597637 4.749898689526608 23
240 0.1 7.71484375 0.0 7.71484375 2.0710059171597637 4.829764021907445 24
250 0.1 8.3984375 0.0 8.3984375 2.0710059171597637 4.945167211031147 25
260 0.1 10.321324245374878 0.0 10.321324245374878 2.0710059171597637 5.07798529906841 26
270 0.1 10.981535471331389 0.0 10.981535471331389 2.0710059171597637 5.2721830378205015 27
280 0.1 11.673151750972762 0.0 11.673151750972762 2.0710059171597637 5.476088481874462 28
290 0.1 13.429951690821257 0.0 13.429951690821257 2.0710059171597637 5.68978031873992 29
300 0.1 14.533205004812318 0.0 14.533205004812318 2.0710059171597637 5.947786031142631 30
310 0.1 15.804878048780488 0.0 15.804878048780488 2.0710059171597637 6.2247350302932665 31
320 0.1 16.18217054263566 0.0 16.18217054263566 2.0710059171597637 6.5241144996209925 32
330 0.1 17.85028790786948 0.0 17.85028790786948 2.0710059171597637 6.816782864560832 33
340 0.1 18.312559923298178 0.0 18.312559923298178 2.0710059171597637 7.141297718775792 34
350 0.1 18.19941916747338 0.0 18.312559923298178 2.0710059171597637 7.460476638905003 35
360 0.1 18.155339805825243 0.0 18.312559923298178 2.0710059171597637 7.758780598031901 36
370 0.1 22.28626320845341 0.0 22.28626320845341 2.0710059171597637 8.039768684729019 37
380 0.1 23.062200956937797 0.0 23.062200956937797 2.0710059171597637 8.414676435353345 38
390 0.1 21.179883945841393 0.0 23.062200956937797 2.0710059171597637 8.790253987188843 39
400 0.1 22.848948374760994 0.0 23.062200956937797 2.0710059171597637 9.099994736155157 40
410 0.1 24.30355427473583 0.0 24.30355427473583 2.0710059171597637 9.43533506880408 41
420 0.1 27.677725118483416 0.0 27.677725118483416 2.0710059171597637 9.78934028799293 42
430 0.1 29.206049149338376 0.0 29.206049149338376 2.0710059171597637 10.20534923753922 43
440 0.1 29.569377990430624 0.0 29.569377990430624 2.0710059171597637 10.637183326443745 44
450 0.1 31.060606060606062 0.0 31.060606060606062 2.0710059171597637 11.057898763421232 45
460 0.1 31.779257849666987 0.0 31.779257849666987 2.0710059171597637 11.49274022640351 46
470 0.1 33.459357277882795 0.0 33.459357277882795 2.0710059171597637 11.924368260941032 47
480 0.1 31.4638783269962 0.0 33.459357277882795 2.0710059171597637 12.373013865460651 48
490 0.1 26.52671755725191 0.0 33.459357277882795 2.0710059171597637 12.7626233442675 49
500 0.1 23.260247855100094 0.0 33.459357277882795 2.0710059171597637 13.037905228527189 50
510 0.1 18.602455146364495 0.0 33.459357277882795 2.0710059171597637 13.238343319244304 51
520 0.1 15.110683349374398 0.0 33.459357277882795 2.0710059171597637 13.341499315919693 52
530 0.1 12.716763005780345 0.0 33.459357277882795 2.0710059171597637 13.374880146739594 53
540 0.1 11.445198836081474 0.0 33.459357277882795 2.0710059171597637 13.362692792277384 54
550 0.1 10.500490677134446 0.0 33.459357277882795 2.0710059171597637 13.327829265801094 55
560 0.1 7.8277886497064575 0.0 33.459357277882795 2.0710059171597637 13.27734107671776 56
570 0.1 6.627680311890838 0.0 33.459357277882795 2.0710059171597637 13.181734893787738 57
580 0.1 4.892367906066536 0.0 33.459357277882795 2.0710059171597637 13.06873395272055 58
590 0.1 2.952755905511811 0.0 33.459357277882795 2.0710059171597637 12.930151477353531 59
600 0.1 2.566633761105627 0.0 33.459357277882795 2.0710059171597637 12.76386155115617 60
610 0.1 1.5794669299111548 0.0 33.459357277882795 1.5794669299111548 12.596693882466818 61
620 0.1 1.7716535433070866 0.0 33.459357277882795 1.5794669299111548 12.418996673554629 62
630 0.1 1.3779527559055118 0.0 33.459357277882795 1.3779527559055118 12.249991227042765 63
640 0.1 1.1846001974333662 0.0 33.459357277882795 1.1846001974333662 12.080115625931246 64
