0 0 0
10 0 0
20 0 0
30 0 0
40 0.4 4
50 0.4 8
60 0.7 15
70 0.5 20
80 0.8 28
90 0.9 37
100 0.7 44
110 0.7 51
120 1 61
130 0.6 67
140 1.3 80
150 0.6 86
160 0.7 93
170 0.7 100
180 0.7 107
190 0.3 110
200 0.5 115
210 0.6 121
220 1.1 132
230 1.5 147
240 1.6 163
250 1.7 180
260 2.4 204
270 2.2 226
280 3 256
290 3.1 287
300 4.5 332
310 4.5 377
320 5.5 432
330 7.3 505
340 7 575
350 9.7 672
360 8.4 756
370 10.7 863
380 11.8 981
390 9.6 1077
400 9.2 1169
410 10.6 1275
420 11.9 1394
430 13.7 1531
440 14.7 1678
450 16 1838
460 15.2 1990
470 16.5 2155
480 18.5 2340
490 17 2510
500 18.7 2697
510 11.6 2813
520 12.6 2939
530 9.8 3037
540 13.6 3173
550 12.7 3300
560 9.5 3395
570 6.5 3460
580 4.2 3502
590 2.2 3524
600 1.8 3542
610 0.9 3551
620 0.9 3560
630 0.6 3566
640 0.1 3567
644 0.2 3569
