0 0.1 3158.88671875 0 3158.88671875 3158.88671875 0 0
10 0.1 3158.296875 0.0 3158.88671875 3158.296875 3158.88671875 1
20 0.1 3156.984375 0.0 3158.88671875 3156.984375 3158.591796875 2
30 0.1 3154.21484375 0.0 3158.88671875 3154.21484375 3158.0559895833335 3
40 0.1 3150.71875 0.0 3158.88671875 3150.71875 3157.095703125 4
50 0.1 3149.52734375 0.0 3158.88671875 3149.52734375 3155.8203125 5
60 0.1 3145.80859375 0.0 3158.88671875 3145.80859375 3154.771484375 6
70 0.1 3143.890625 0.0 3158.88671875 3143.890625 3153.4910714285716 7
80 0.1 3143.06640625 0.0 3158.88671875 3143.06640625 3152.291015625 8
90 0.1 3141.76171875 0.0 3158.88671875 3141.76171875 3151.266059027778 9
100 0.1 3141.30078125 0.0 3158.88671875 3141.30078125 3150.315625 10
110 0.1 3139.2421875 0.0 3158.88671875 3139.2421875 3149.49609375 11
120 0.1 3138.3125 0.0 3158.88671875 3138.3125 3148.6416015625 12
130 0.1 3138.20703125 0.0 3158.88671875 3138.20703125 3147.8470552884614 13
140 0.1 3137.6875 0.0 3158.88671875 3137.6875 3147.1584821428573 14
150 0.1 3135.90625 0.0 3158.88671875 3135.90625 3146.5270833333334 15
160 0.1 3132.8671875 0.0 3158.88671875 3132.8671875 3145.86328125 16
170 0.1 3127.30078125 0.0 3158.88671875 3127.30078125 3145.098805147059 17
180 0.1 3124.78515625 0.0 3158.88671875 3124.78515625 3144.1100260416665 18
190 0.1 3120.828125 0.0 3158.88671875 3120.828125 3143.0929276315787 19
200 0.1 3116.8203125 0.0 3158.88671875 3116.8203125 3141.9796874999997 20
210 0.1 3111.65234375 0.0 3158.88671875 3111.65234375 3140.7816220238096 21
220 0.1 3105.55859375 0.0 3158.88671875 3105.55859375 3139.4575639204545 22
230 0.1 3102.0078125 0.0 3158.88671875 3102.0078125 3137.983695652174 23
240 0.1 3099.6328125 0.0 3158.88671875 3099.6328125 3136.4847005208335 24
250 0.1 3097.5390625 0.0 3158.88671875 3097.5390625 3135.010625 25
260 0.1 3092.81640625 0.0 3158.88671875 3092.81640625 3133.5694110576924 26
270 0.1 3091.140625 0.0 3158.88671875 3091.140625 3132.060040509259 27
280 0.1 3089.4296875 0.0 3158.88671875 3089.4296875 3130.5986328125 28
290 0.1 3088.13671875 0.0 3158.88671875 3088.13671875 3129.1790140086205 29
300 0.1 3084.796875 0.0 3158.88671875 3084.796875 3127.8109375 30
310 0.1 3083.48046875 0.0 3158.88671875 3083.48046875 3126.423387096774 31
320 0.1 3079.9296875 0.0 3158.88671875 3079.9296875 3125.0814208984375 32
330 0.1 3077.859375 0.0 3158.88671875 3077.859375 3123.7131865530305 33
340 0.1 3077.23046875 0.0 3158.88671875 3077.23046875 3122.364545036765 34
350 0.1 3076.7578125 0.0 3158.88671875 3076.7578125 3121.075 35
360 0.1 3076.32421875 0.0 3158.88671875 3076.32421875 3119.8439670138887 36
370 0.1 3073.8671875 0.0 3158.88671875 3073.8671875 3118.6677576013512 37
380 0.1 3071.00390625 0.0 3158.88671875 3071.00390625 3117.4887952302633 38
390 0.1 3071.0859375 0.0 3158.88671875 3071.00390625 3116.296875 39
400 0.1 3070.40625 0.0 3158.88671875 3070.40625 3115.1666015625 40
410 0.1 3063.27734375 0.0 3158.88671875 3063.27734375 3114.074885670732 41
420 0.1 3059.390625 0.0 3158.88671875 3059.390625 3112.8654203869046 42
430 0.1 3055.75390625 0.0 3158.88671875 3055.75390625 3111.621820494186 43
440 0.1 3051.9140625 0.0 3158.88671875 3051.9140625 3110.3520951704545 44
450 0.1 3049.484375 0.0 3158.88671875 3049.484375 3109.0534722222224 45
460 0.1 3048.46875 0.0 3158.88671875 3048.46875 3107.758491847826 46
470 0.1 3046.421875 0.0 3158.88671875 3046.421875 3106.4970079787236 47
480 0.1 3044.1171875 0.0 3158.88671875 3044.1171875 3105.2454427083335 48
490 0.1 3043.703125 0.0 3158.88671875 3043.703125 3103.9979272959185 49
500 0.1 3043.53125 0.0 3158.88671875 3043.53125 3102.79203125 50
510 0.1 3043.625 0.0 3158.88671875 3043.53125 3101.630055147059 51
520 0.1 3043.5546875 0.0 3158.88671875 3043.53125 3100.5145733173076 52
530 0.1 3043.61328125 0.0 3158.88671875 3043.53125 3099.439858490566 53
540 0.1 3043.359375 0.0 3158.88671875 3043.359375 3098.4060329861113 54
550 0.1 3043.65234375 0.0 3158.88671875 3043.359375 3097.405184659091 55
560 0.1 3043.80859375 0.0 3158.88671875 3043.359375 3096.4453125 56
570 0.1 3044.203125 0.0 3158.88671875 3043.359375 3095.5218612938597 57
580 0.1 3044.515625 0.0 3158.88671875 3043.359375 3094.6370554956898 58
590 0.1 3049.5 0.0 3158.88671875 3043.359375 3093.787539724576 59
600 0.1 3050.1328125 0.0 3158.88671875 3043.359375 3093.0494140625 60
610 0.1 3050.32421875 0.0 3158.88671875 3043.359375 3092.3458632172133 61
620 0.1 3057.76953125 0.0 3158.88671875 3043.359375 3091.6680947580644 62
630 0.1 3058.00390625 0.0 3158.88671875 3043.359375 3091.1300223214284 63
640 0.1 3063.734375 0.0 3158.88671875 3043.359375 3090.6124267578125 64
