0 0.1 0.0 0 0.0 0.0 0 0
10 0.1 0.0 0.0 0.0 0.0 0.0 1
20 0.1 0.0 0.0 0.0 0.0 0.0 2
30 0.1 0.0 0.0 0.0 0.0 0.0 3
40 0.1 0.0 0.0 0.0 0.0 0.0 4
50 0.1 0.0 0.0 0.0 0.0 0.0 5
60 0.1 0.0 0.0 0.0 0.0 0.0 6
70 0.1 0.0 0.0 0.0 0.0 0.0 7
80 0.1 0.0 0.0 0.0 0.0 0.0 8
90 0.1 0.0 0.0 0.0 0.0 0.0 9
100 0.1 0.0 0.0 0.0 0.0 0.0 10
110 0.1 0.0 0.0 0.0 0.0 0.0 11
120 0.1 0.0 0.0 0.0 0.0 0.0 12
130 0.1 0.0 0.0 0.0 0.0 0.0 13
140 0.1 0.0 0.0 0.0 0.0 0.0 14
150 0.1 0.0 0.0 0.0 0.0 0.0 15
160 0.1 0.0 0.0 0.0 0.0 0.0 16
170 0.1 0.078125 0.0 0.078125 0.0 0.0 17
180 0.1 0.0703125 0.0 0.078125 0.0 0.004340277777777778 18
190 0.1 0.05859375 0.0 0.078125 0.0 0.0078125 19
200 0.1 0.05078125 0.0 0.078125 0.0 0.0103515625 20
210 0.1 0.0390625 0.0 0.078125 0.0 0.012276785714285714 21
220 0.1 0.0390625 0.0 0.078125 0.0 0.013494318181818182 22
230 0.1 0.03125 0.0 0.078125 0.0 0.014605978260869566 23
240 0.1 0.03125 0.0 0.078125 0.0 0.015299479166666666 24
250 0.1 0.01953125 0.0 0.078125 0.0 0.0159375 25
260 0.1 0.01953125 0.0 0.078125 0.0 0.016075721153846152 26
270 0.1 0.01953125 0.0 0.078125 0.0 0.016203703703703703 27
280 0.1 0.01171875 0.0 0.078125 0.0 0.016322544642857144 28
290 0.1 0.01171875 0.0 0.078125 0.0 0.016163793103448277 29
300 0.1 0.01171875 0.0 0.078125 0.0 0.016015625000000002 30
310 0.1 0.078125 0.0 0.078125 0.0 0.01587701612903226 31
320 0.1 0.140625 0.0 0.140625 0.0 0.017822265625000003 32
330 0.1 0.19140625 0.0 0.19140625 0.0 0.021543560606060608 33
340 0.1 0.16015625 0.0 0.19140625 0.0 0.02653952205882353 34
350 0.1 0.140625 0.0 0.19140625 0.0 0.030357142857142857 35
360 0.1 0.12109375 0.0 0.19140625 0.0 0.03342013888888889 36
370 0.1 0.1015625 0.0 0.19140625 0.0 0.03578969594594594 37
380 0.1 0.16015625 0.0 0.19140625 0.0 0.037520559210526314 38
390 0.1 0.12890625 0.0 0.19140625 0.0 0.040665064102564104 39
400 0.1 0.109375 0.0 0.19140625 0.0 0.04287109375 40
410 0.1 0.25 0.0 0.25 0.0 0.04449314024390244 41
420 0.1 0.2109375 0.0 0.25 0.0 0.04938616071428571 42
430 0.1 0.1796875 0.0 0.25 0.0 0.05314316860465116 43
440 0.1 0.1484375 0.0 0.25 0.0 0.05601917613636364 44
450 0.1 0.2109375 0.0 0.25 0.0 0.05807291666666667 45
460 0.1 0.26171875 0.0 0.26171875 0.0 0.061396059782608696 46
470 0.1 0.21875 0.0 0.26171875 0.0 0.06565824468085106 47
480 0.1 0.1796875 0.0 0.26171875 0.0 0.06884765625 48
490 0.1 0.23046875 0.0 0.26171875 0.0 0.07110969387755102 49
500 0.1 0.19140625 0.0 0.26171875 0.0 0.074296875 50
510 0.1 0.16015625 0.0 0.26171875 0.0 0.07659313725490197 51
520 0.1 0.140625 0.0 0.26171875 0.0 0.0782001201923077 52
530 0.1 0.12109375 0.0 0.26171875 0.0 0.07937794811320754 53
540 0.1 0.328125 0.0 0.328125 0.0 0.08015046296296297 54
550 0.1 0.28125 0.0 0.328125 0.0 0.0846590909090909 55
560 0.1 0.23828125 0.0 0.328125 0.0 0.08816964285714286 56
570 0.1 0.19921875 0.0 0.328125 0.0 0.0908031798245614 57
580 0.1 0.171875 0.0 0.328125 0.0 0.09267241379310345 58
590 0.1 0.140625 0.0 0.328125 0.0 0.09401483050847458 59
600 0.1 0.12109375 0.0 0.328125 0.0 0.09479166666666666 60
610 0.1 0.1015625 0.0 0.328125 0.0 0.09522284836065574 61
620 0.1 0.08984375 0.0 0.328125 0.0 0.09532510080645161 62
630 0.1 0.0703125 0.0 0.328125 0.0 0.09523809523809523 63
640 0.1 0.05859375 0.0 0.328125 0.0 0.0948486328125 64
