20 0.3 3
30 0.3 6
40 1 16
50 0.7 23
60 1 33
70 0.4 37
80 1.3 50
90 1.3 63
100 0.8 71
110 1.1 82
120 1.4 96
130 0.7 103
140 0.9 112
150 0.9 121
160 0.9 130
170 1.3 143
180 1.2 155
190 0.7 162
200 0.9 171
210 0.6 177
220 1.1 188
230 2.2 210
240 2 230
250 3.2 262
260 4.1 303
270 4.8 351
280 5.2 403
290 6.2 465
300 7.5 540
310 8.2 622
320 8.6 708
330 8.5 793
340 11.2 905
350 13 1035
360 12.8 1163
370 17.5 1338
380 16.5 1503
390 15 1653
400 15.9 1812
410 16.3 1975
420 21.1 2186
430 23.9 2425
440 23.5 2660
450 24.9 2909
460 25.4 3163
470 26.1 3424
480 26.1 3685
490 25.4 3939
500 24 4179
510 17.2 4351
520 12.2 4473
530 11.4 4587
540 13.7 4724
550 12.2 4846
560 7.8 4924
570 5.8 4982
580 3.3 5015
590 2 5035
600 1.3 5048
610 0.6 5054
620 0.8 5062
630 0.4 5066
640 0 5066
644 0.1 5067
