0 3 102.950244140625 89.66741092711725 349.841064453125 10.156005859375 0 0
10 7.7 76.54284509435874 86.81107228863794 434.551025390625 8.782958984375 102.950244140625 30
20 11.8 56.267381571106995 72.84258652249528 434.551025390625 8.2861328125 83.9467887521904 107
30 17.9 99.66722268898394 134.79000136806835 569.967041015625 7.736083984375 69.43047743055554 225
40 31.5 166.04478314112097 261.53755721572713 1812.076904296875 0.98193359375 82.82745119604733 404
50 27.5 78.92713778409086 138.55251883517903 1812.076904296875 0.85498046875 119.28567033749127 719
60 37.4 121.7417168438753 207.58486801001038 1812.076904296875 0.85498046875 108.12008034535333 994
70 32.1 157.3642578125 249.6909543905902 1812.076904296875 0.85498046875 111.84412424187907 1368
80 42.5 355.29922277113985 426.91068871527574 2812.424072265625 0.85498046875 120.49537520467914 1689
90 40 299.6136120605469 380.33357200423063 2812.424072265625 0.7470703125 167.70050066151254 2114
100 44.4 455.7655133771467 513.5878960561193 3306.510009765625 0.7470703125 188.68906253884498 2514
110 41.7 551.2132495175737 523.2292634167728 3306.510009765625 0.7470703125 228.77761702573002 2958
120 49.8 313.865362328219 421.2851049383052 3358.11181640625 0.7470703125 268.6163307291667 3375
130 41.5 576.2863169474772 640.3505110630441 3575.45703125 0.7470703125 274.43456407187983 3873
140 43.7 928.06339276137 1026.5310887746289 12220.568115234375 0.738037109375 303.6482948189351 4288
150 46.6 881.5031198657122 835.3387179560953 12220.568115234375 0.738037109375 361.39843191964286 4725
160 46.7 1239.7758794290346 1026.187244762148 12220.568115234375 0.68701171875 408.08862351719023 5191
170 44.4 1714.386308549761 1242.5017422222184 12220.568115234375 0.68701171875 476.7344256576695 5658
180 36.4 2387.123233334048 1623.1798180406008 12220.568115234375 0.68701171875 566.7897249044883 6102
190 36.5 3152.1976763163552 2112.5434010983777 24013.81689453125 0.68701171875 669.264422873613 6466
200 36.7 3794.4720023256555 1685.666290367844 24013.81689453125 0.68701171875 801.9346962606135 6831
210 39.3 4433.613862093475 2386.197491011804 24013.81689453125 0.68701171875 954.5133557946327 7198
220 44.2 3907.282284559709 3147.880214063141 24013.81689453125 0.68701171875 1134.6327733911871 7591
230 62.2 3332.586969013765 3829.528898964583 24013.81689453125 0.68701171875 1287.1923506271496 8033
240 64.7 3065.59869960213 4173.535403895684 26118.09912109375 0.68701171875 1434.1866259173257 8655
250 81.8 2790.7808011155253 4045.5196863130955 26118.09912109375 0.68701171875 1547.6593857188811 9302
260 103.8 2035.2480774513788 3472.4532448363307 26118.09912109375 0.68701171875 1648.1409388606257 10120
270 100.5 2172.0294030336618 3406.1626736726766 26118.09912109375 0.68701171875 1684.1525188800917 11158
280 119.5 1764.7407990651159 3160.4085120669097 26118.09912109375 0.679931640625 1724.464635017092 12163
290 135 1543.0045853226277 2994.3201838185846 26118.09912109375 0.679931640625 1728.067720511731 13358
300 150.5 1481.1072364579004 2962.6864817911355 26118.09912109375 0.679931640625 1711.081370735739 14708
310 164 1203.5877136230465 2857.4732401894103 26118.09912109375 0.679931640625 1689.7336206532036 16213
320 174.3 1290.1519037926275 2911.674339113002 29909.19091796875 0.679931640625 1645.0756198953782 17853
330 173.7 1373.7529954663191 2901.5060556709823 29909.19091796875 0.679931640625 1613.5063181415971 19596
340 182.2 1044.5593553829922 2470.3931735301476 29909.19091796875 0.679931640625 1593.9848480489259 21333
350 185.1 1034.33722573419 2585.8724082604144 29909.19091796875 0.668212890625 1550.7521446312048 23155
360 197.1 1195.33683181523 2942.297837370879 29909.19091796875 0.668212890625 1512.5259583207842 25006
370 226.9 969.0007113326011 2499.8922671997857 29909.19091796875 0.668212890625 1489.3514108046613 26977
380 235.6 865.1074514081398 2238.429023016878 29909.19091796875 0.668212890625 1448.9809075870555 29246
390 221.9 983.6539517334351 2506.8457504390612 29909.19091796875 0.668212890625 1405.4518314919499 31602
400 234.1 948.1619759893275 2496.1173023338033 29909.19091796875 0.668212890625 1377.7776203454982 33821
410 259.7 778.2393499410392 2196.5239284328713 29909.19091796875 0.668212890625 1349.9658227834773 36162
420 296 775.5864226470121 2247.948487658765 29909.19091796875 0.668212890625 1311.6579807346163 38759
430 309.9 647.4041327753157 2032.3443199100943 29909.19091796875 0.668212890625 1273.6232288963818 41719
440 318.8 694.7597731299496 2227.746769291334 29909.19091796875 0.668212890625 1230.3224796688573 44818
450 343.6 645.851509493916 2111.5449507354297 29909.19091796875 0.668212890625 1194.7566356400687 48006
460 337.5 603.0535436921282 2055.6773179373085 29909.19091796875 0.668212890625 1158.0932474856777 51442
470 351.6 576.6373823597729 1932.7130454658086 29909.19091796875 0.668212890625 1123.920290185876 54817
480 321.2 674.0730749678938 2338.478746789003 29909.19091796875 0.668212890625 1090.933015334307 58333
490 267.5 862.8508409389595 2456.4705731379668 29909.19091796875 0.668212890625 1069.177322289268 61545
500 218.5 1041.1389470779118 2511.045141931568 31677.420166015625 0.668212890625 1060.5830629057102 64220
510 157.6 1473.9684307272682 2425.3398486384367 31677.420166015625 0.668212890625 1059.9432708255395 66405
520 115.9 1874.718115950577 2167.5783280246897 31677.420166015625 0.668212890625 1069.5415946513897 67981
530 94.5 2185.992576833247 2015.6389240107508 31677.420166015625 0.668212890625 1083.0388406477125 69140
540 95 1955.2302685546927 1627.4959058484455 31677.420166015625 0.668212890625 1097.910657451527 70085
550 86.2 595.8673007903141 559.7500566043976 31677.420166015625 0.668212890625 1109.3761833267715 71035
560 63.2 103.72313835047468 242.28377007892402 31677.420166015625 0.668212890625 1103.2195334422643 71897
570 41.8 20.320913506466805 22.00900144342486 31677.420166015625 0.668212890625 1094.5101658555332 72529
580 29.2 17.87663206335616 15.373176568762485 31677.420166015625 0.668212890625 1088.3548598459383 72947
590 19.7 18.337290807423855 16.459901628596764 31677.420166015625 0.668212890625 1084.0869200527611 73239
600 14.3 22.98108849158654 30.029819786710878 31677.420166015625 0.668212890625 1081.2279315871403 73436
610 7.2 16.5474853515625 10.882391784798715 31677.420166015625 0.668212890625 1079.171240159387 73579
620 4.5 16.084076605902776 9.872937702738112 31677.420166015625 0.668212890625 1078.132436744007 73651
630 2.6 19.008882962740383 14.61046448023726 31677.420166015625 0.668212890625 1077.4839323990464 73696
640 1.3 20.753399188701923 14.489872734785273 31677.420166015625 0.668212890625 1077.110633366392 73722
644 0.2 15.9814453125 3.73046875 31677.420166015625 0.668212890625 1076.9243901434409 73735
