10 0.1 214 0 214 214 0 0
20 0.1 515.0 0.0 515 214 214.0 1
30 0.1 581.0 0.0 581 214 364.5 2
40 0.1 1152.0 0.0 1152 214 436.6666666666667 3
50 0.1 1862.0 0.0 1862 214 615.5 4
60 0.1 1509.0 0.0 1862 214 864.8 5
70 0.1 1944.0 0.0 1944 214 972.1666666666666 6
80 0.1 2036.0 0.0 2036 214 1111.0 7
90 0.1 2588.0 0.0 2588 214 1226.625 8
100 0.1 2585.0 0.0 2588 214 1377.888888888889 9
110 0.1 2653.0 0.0 2653 214 1498.6 10
120 0.1 2697.0 0.0 2697 214 1603.5454545454545 11
130 0.1 2698.0 0.0 2698 214 1694.6666666666667 12
140 0.1 2437.0 0.0 2698 214 1771.8461538461538 13
150 0.1 2754.0 0.0 2754 214 1819.357142857143 14
160 0.1 3037.0 0.0 3037 214 1881.6666666666667 15
170 0.1 2676.0 0.0 3037 214 1953.875 16
180 0.1 2762.0 0.0 3037 214 1996.3529411764705 17
190 0.1 2484.0 0.0 3037 214 2038.888888888889 18
200 0.1 2461.0 0.0 3037 214 2062.315789473684 19
210 0.1 2383.0 0.0 3037 214 2082.25 20
220 0.1 2589.0 0.0 3037 214 2096.5714285714284 21
230 0.1 2585.0 0.0 3037 214 2118.9545454545455 22
240 0.1 2620.0 0.0 3037 214 2139.217391304348 23
250 0.1 2704.0 0.0 3037 214 2159.25 24
260 0.1 3224.0 0.0 3224 214 2181.04 25
270 0.1 3316.0 0.0 3316 214 2221.153846153846 26
280 0.1 3539.0 0.0 3539 214 2261.703703703704 27
290 0.1 3589.0 0.0 3589 214 2307.321428571429 28
300 0.1 3799.0 0.0 3799 214 2351.5172413793102 29
310 0.1 3941.0 0.0 3941 214 2399.766666666667 30
320 0.1 4320.0 0.0 4320 214 2449.483870967742 31
330 0.1 4278.0 0.0 4320 214 2507.9375 32
340 0.1 4630.0 0.0 4630 214 2561.5757575757575 33
350 0.1 4453.0 0.0 4630 214 2622.4117647058824 34
360 0.1 4545.0 0.0 4630 214 2674.714285714286 35
370 0.1 5323.0 0.0 5323 214 2726.6666666666665 36
380 0.1 5695.0 0.0 5695 214 2796.837837837838 37
390 0.1 5244.0 0.0 5695 214 2873.1052631578946 38
400 0.1 5225.0 0.0 5695 214 2933.897435897436 39
410 0.1 5778.0 0.0 5778 214 2991.175 40
420 0.1 6159.0 0.0 6159 214 3059.1463414634145 41
430 0.1 6861.0 0.0 6861 214 3132.9523809523807 42
440 0.1 6656.0 0.0 6861 214 3219.6511627906975 43
450 0.1 6915.0 0.0 6915 214 3297.75 44
460 0.1 7175.0 0.0 7175 214 3378.133333333333 45
470 0.1 7278.0 0.0 7278 214 3460.6739130434785 46
480 0.1 6570.0 0.0 7278 214 3541.8936170212764 47
490 0.1 5735.0 0.0 7278 214 3604.9791666666665 48
500 0.1 5381.0 0.0 7278 214 3648.4489795918366 49
510 0.1 4737.0 0.0 7278 214 3683.1 50
520 0.1 4342.0 0.0 7278 214 3703.764705882353 51
530 0.1 4196.0 0.0 7278 214 3716.0384615384614 52
540 0.1 4569.0 0.0 7278 214 3725.0943396226417 53
550 0.1 4757.0 0.0 7278 214 3740.722222222222 54
560 0.1 3017.0 0.0 7278 214 3759.2 55
570 0.1 1748.0 0.0 7278 214 3745.9464285714284 56
580 0.1 1222.0 0.0 7278 214 3710.8947368421054 57
590 0.1 806.0 0.0 7278 214 3667.9827586206898 58
600 0.1 761.0 0.0 7278 214 3619.4745762711864 59
610 0.1 254.0 0.0 7278 214 3571.8333333333335 60
620 0.1 183.0 0.0 7278 183 3517.44262295082 61
630 0.1 117.0 0.0 7278 117 3463.6612903225805 62
640 0.1 52.0 0.0 7278 52 3410.5396825396824 63
