0 3.5 88.23021065848214 80.12757729701235 288.992919921875 10.156005859375 0 0
10 8.9 66.21272603581464 78.20478433767268 421.052001953125 8.782958984375 88.23021065848214 35
20 13.2 53.382707075639196 71.20628617724137 421.052001953125 8.2861328125 72.42733863092239 124
30 21.4 82.56978428920854 112.94928408920882 534.5 7.736083984375 62.60745048522949 256
40 34.1 152.6769325054985 235.05911597882522 1812.076904296875 0.98193359375 71.69668332363698 470
50 29.7 73.07520517676764 127.90069732452791 1812.076904296875 0.85498046875 105.74633186989442 811
60 40.4 112.69689216236075 178.74423713746532 1812.076904296875 0.85498046875 96.98881866785592 1108
70 36 144.80790879991318 229.09439103557884 1812.076904296875 0.85498046875 101.18594941638763 1512
80 45.7 326.8724907472307 365.92244957521103 2812.424072265625 0.85498046875 109.57478775937332 1872
90 44.7 270.265275447427 323.5803649442642 2812.424072265625 0.7470703125 152.21328078876397 2329
100 49 417.54459452726394 428.97938185334436 3306.510009765625 0.7470703125 171.22237358862793 2776
110 45.9 501.04729573035814 401.83904906280736 3306.510009765625 0.7470703125 208.1782487447613 3266
120 52.8 290.7504337195195 349.62764204452634 3358.11181640625 0.7470703125 244.26600513842277 3725
130 44.5 551.9769931750352 548.4852394850184 3575.45703125 0.7470703125 250.0369381952812 4253
140 47 860.4638438123334 893.4342390950457 12220.568115234375 0.738037109375 278.6370498312945 4698
150 51.3 820.3699867888035 683.3923669140621 12220.568115234375 0.738037109375 331.55086429938433 5168
160 51.5 1122.541996454034 783.4894856915892 12220.568115234375 0.68701171875 375.69172151414796 5681
170 49.1 1557.239945980779 953.8356139679817 12220.568115234375 0.68701171875 437.76852777529086 6196
180 41.2 2155.7642259320014 1205.1885233856187 12220.568115234375 0.68701171875 519.9668927130649 6687
190 41.2 2844.651422889486 1642.3814243855547 24013.81689453125 0.68701171875 614.9025880625792 7099
200 41.7 3415.183688595997 1058.3455550571866 24013.81689453125 0.68701171875 737.2107387680361 7511
210 45.2 3880.975628608095 1664.4260123729252 24013.81689453125 0.68701171875 878.0677922592394 7928
220 52.6 3426.6377101651615 2547.9372553159646 24013.81689453125 0.68701171875 1040.0384774656454 8380
230 74 2801.9457120328357 2997.1220100630867 24013.81689453125 0.68701171875 1180.9941473960234 8906
240 79.1 2644.2386818751997 3351.454923010322 26118.09912109375 0.68701171875 1305.346641469343 9646
250 97.3 2270.6554987594727 2963.601611874806 26118.09912109375 0.68701171875 1406.8186740420203 10437
260 121.4 1715.8928063783867 2741.8280790054278 26118.09912109375 0.68701171875 1480.4832867019747 11410
270 116.9 1863.5310056505298 2718.929010509722 26118.09912109375 0.68701171875 1503.1216863286513 12624
280 139.9 1493.8730009786557 2574.0717673046097 26118.09912109375 0.679931640625 1533.6675062581282 13793
290 157.5 1327.0609937686006 2510.016740973846 26118.09912109375 0.679931640625 1530.002912202969 15192
300 169.6 1263.4741000769268 2426.3073325068117 26118.09912109375 0.679931640625 1510.939661679075 16767
310 187.4 1090.2784552803155 2564.5473463704084 26118.09912109375 0.679931640625 1488.2076250394584 18463
320 197.9 1129.1224694003806 2492.6603008147626 29909.19091796875 0.679931640625 1451.5395194128353 20337
330 200.5 1160.5249856316245 2378.178593787907 29909.19091796875 0.679931640625 1422.947328071437 22316
340 211.5 933.3943654883265 2171.860559147855 29909.19091796875 0.679931640625 1401.3134809191067 24321
350 216.3 889.5971444915193 2191.6584471989327 29909.19091796875 0.668212890625 1363.8778276759497 26436
360 233.4 987.5593491842744 2375.515095613693 29909.19091796875 0.668212890625 1328.0070238811345 28599
370 265.7 827.0002719820279 2155.17459622287 29909.19091796875 0.668212890625 1302.3190895474947 30933
380 276.4 743.2850445141466 1917.2360323577097 29909.19091796875 0.668212890625 1264.7209324093155 33590
390 262.4 840.2285700542171 2096.12862188153 29909.19091796875 0.668212890625 1225.076084685757 36354
400 276.8 802.3298040842044 2090.4581930243776 29909.19091796875 0.668212890625 1199.168139732369 38978
410 305.7 657.9315692276424 1841.8522365615784 29909.19091796875 0.668212890625 1172.8554747327494 41746
420 349.9 643.1627792790117 1881.0628603077641 29909.19091796875 0.668212890625 1137.7211672281378 44803
430 366.5 557.1391976599808 1746.723030965966 29909.19091796875 0.668212890625 1101.895325659797 48302
440 376.3 584.1791233749045 1890.7116849451652 29909.19091796875 0.668212890625 1063.4761132919612 51967
450 406.9 549.1882383618895 1808.4273164454248 29909.19091796875 0.668212890625 1031.1130310551428 55730
460 394.1 514.3333045477447 1745.091301172126 29909.19091796875 0.668212890625 998.320643532461 59799
470 410 485.21657470703116 1662.1792279784902 29909.19091796875 0.668212890625 968.3960419802369 63740
480 382.1 587.8440301131897 2092.373261570557 29909.19091796875 0.668212890625 939.1944527140201 67840
490 307.4 743.3500386463326 2082.8830010092993 29909.19091796875 0.668212890625 920.4602742242172 71661
500 237 943.1028384180515 2183.0297661808986 31677.420166015625 0.668212890625 913.1753760618245 74735
510 164.9 1391.576827160872 2136.962115256016 31677.420166015625 0.668212890625 914.0952656381718 77105
520 120.6 1769.5302072401653 1924.3707466118774 31677.420166015625 0.668212890625 924.093070130019 78754
530 96 2126.811231231691 1880.4532303379099 31677.420166015625 0.668212890625 936.8444106422106 79960
540 95.8 1932.8827847219952 1567.375082100499 31677.420166015625 0.668212890625 950.9616640748094 80920
550 86.3 595.1767858193618 558.4715551806385 31677.420166015625 0.668212890625 962.4504697806157 81878
560 63.2 103.72313835047468 242.28377007892402 31677.420166015625 0.668212890625 958.6197547873408 82741
570 41.8 20.320913506466805 22.00900144342486 31677.420166015625 0.668212890625 952.1393035430758 83373
580 29.2 17.87663206335616 15.373176568762485 31677.420166015625 0.668212890625 947.4908319048891 83791
590 19.7 18.337290807423855 16.459901628596764 31677.420166015625 0.668212890625 944.262505770549 84083
600 14.3 22.98108849158654 30.029819786710878 31677.420166015625 0.668212890625 942.0982050189147 84280
610 7.2 16.5474853515625 10.882391784798715 31677.420166015625 0.668212890625 940.541357386594 84423
620 4.5 16.084076605902776 9.872937702738112 31677.420166015625 0.668212890625 939.7540024095359 84495
630 2.6 19.008882962740383 14.61046448023726 31677.420166015625 0.668212890625 939.2623399224154 84540
640 1.3 20.753399188701923 14.489872734785273 31677.420166015625 0.668212890625 938.979406002389 84566
644 0.2 15.9814453125 3.73046875 31677.420166015625 0.668212890625 938.8382724102612 84579
