10 0.1 187 0 187 187 0 0
20 0.1 399.0 0.0 399 187 187.0 1
30 0.1 461.0 0.0 461 187 293.0 2
40 0.1 807.0 0.0 807 187 349.0 3
50 0.1 1218.0 0.0 1218 187 463.5 4
60 0.1 1076.0 0.0 1218 187 614.4 5
70 0.1 1410.0 0.0 1410 187 691.3333333333334 6
80 0.1 1532.0 0.0 1532 187 794.0 7
90 0.1 1799.0 0.0 1799 187 886.25 8
100 0.1 1860.0 0.0 1860 187 987.6666666666666 9
110 0.1 1821.0 0.0 1860 187 1074.9 10
120 0.1 1831.0 0.0 1860 187 1142.7272727272727 11
130 0.1 1939.0 0.0 1939 187 1200.0833333333333 12
140 0.1 1839.0 0.0 1939 187 1256.923076923077 13
150 0.1 2071.0 0.0 2071 187 1298.5 14
160 0.1 2226.0 0.0 2226 187 1350.0 15
170 0.1 1940.0 0.0 2226 187 1404.75 16
180 0.1 1952.0 0.0 2226 187 1436.235294117647 17
190 0.1 1837.0 0.0 2226 187 1464.888888888889 18
200 0.1 1791.0 0.0 2226 187 1484.4736842105262 19
210 0.1 1815.0 0.0 2226 187 1499.8 20
220 0.1 1985.0 0.0 2226 187 1514.8095238095239 21
230 0.1 2129.0 0.0 2226 187 1536.1818181818182 22
240 0.1 2366.0 0.0 2366 187 1561.9565217391305 23
250 0.1 2471.0 0.0 2471 187 1595.4583333333333 24
260 0.1 3035.0 0.0 3035 187 1630.48 25
270 0.1 3261.0 0.0 3261 187 1684.5 26
280 0.1 3508.0 0.0 3508 187 1742.888888888889 27
290 0.1 3772.0 0.0 3772 187 1805.9285714285713 28
300 0.1 4002.0 0.0 4002 187 1873.7241379310344 29
310 0.1 4433.0 0.0 4433 187 1944.6666666666667 30
320 0.1 4841.0 0.0 4841 187 2024.9354838709678 31
330 0.1 5.0e3 0.0 5000 187 2112.9375 32
340 0.1 5142.0 0.0 5142 187 2200.4242424242425 33
350 0.1 5241.0 0.0 5241 187 2286.9411764705883 34
360 0.1 5375.0 0.0 5375 187 2371.342857142857 35
370 0.1 6249.0 0.0 6249 187 2454.777777777778 36
380 0.1 6684.0 0.0 6684 187 2557.324324324324 37
390 0.1 6380.0 0.0 6684 187 2665.9210526315787 38
400 0.1 6481.0 0.0 6684 187 2761.1538461538457 39
410 0.1 7029.0 0.0 7029 187 2854.1499999999996 40
420 0.1 7873.0 0.0 7873 187 2955.975609756097 41
430 0.1 8386.0 0.0 8386 187 3073.047619047619 42
440 0.1 8799.0 0.0 8799 187 3196.6046511627906 43
450 0.1 9057.0 0.0 9057 187 3323.931818181818 44
460 0.1 9344.0 0.0 9344 187 3451.3333333333335 45
470 0.1 9576.0 0.0 9576 187 3579.4347826086955 46
480 0.1 8821.0 0.0 9576 187 3707.021276595745 47
490 0.1 7163.0 0.0 9576 187 3813.5625 48
500 0.1 6117.0 0.0 9576 187 3881.918367346939 49
510 0.1 4768.0 0.0 9576 187 3926.62 50
520 0.1 4061.0 0.0 9576 187 3943.1176470588234 51
530 0.1 3685.0 0.0 9576 187 3945.3846153846152 52
540 0.1 3744.0 0.0 9576 187 3940.4716981132074 53
550 0.1 3995.0 0.0 9576 187 3936.8333333333335 54
560 0.1 2801.0 0.0 9576 187 3937.890909090909 55
570 0.1 1721.0 0.0 9576 187 3917.589285714286 56
580 0.1 1255.0 0.0 9576 187 3879.0526315789475 57
590 0.1 787.0 0.0 9576 187 3833.810344827586 58
600 0.1 687.0 0.0 9576 187 3782.169491525424 59
610 0.1 257.0 0.0 9576 187 3730.5833333333335 60
620 0.1 186.0 0.0 9576 186 3673.6393442622953 61
630 0.1 110.0 0.0 9576 110 3617.3870967741937 62
640 0.1 45.0 0.0 9576 45 3561.714285714286 63
