40 0.4 28530.69952392578 9096.697305313732 42629.89697265625 17384.001953125 0 0
50 0.4 33545.69970703125 8492.949429221882 46004.923828125 17384.001953125 28530.69952392578 4
60 0.7 44008.952427455355 12552.866618809603 58839.440185546875 17384.001953125 31038.199615478516 8
70 0.5 62849.42778320312 11611.973980850968 75346.75317382813 17384.001953125 37091.217594401045 15
80 0.8 53569.87088012695 22354.77893106246 78997.46801757813 17384.001953125 43530.77014160156 20
90 0.9 52014.232937282984 15442.094395641669 78997.46801757813 17384.001953125 46399.084638323104 28
100 0.7 68124.25516183036 24173.490694377655 103741.81494140625 17384.001953125 47764.93152185388 37
110 0.7 59764.957763671875 20072.929102245038 106699.71508789063 17384.001953125 51003.914828213776 44
120 1 62083.304956054686 23241.75421329596 106699.71508789063 17384.001953125 52206.4109173943 51
130 0.6 57475.091959635414 13262.702163599373 106699.71508789063 17384.001953125 53825.573874551745 61
140 1.3 82743.24348332331 25229.445323564796 127342.95703125 17384.001953125 54152.39638963386 67
150 0.6 69160.0987141927 19837.840612817025 127342.95703125 17384.001953125 58798.4090423584 80
160 0.7 84800.58932059152 19672.382509575513 127342.95703125 17384.001953125 59521.31762411428 86
170 0.7 83300.79485212054 21496.197912486834 127342.95703125 17384.001953125 61424.058504494285 93
180 0.7 76275.22171456473 20491.02527856187 127342.95703125 17384.001953125 62955.43004882812 100
190 0.3 99495.8729654948 37150.826444606144 135158.81079101563 17384.001953125 63826.81828864267 107
200 0.5 104075.90083007813 16208.123491286198 135158.81079101563 17384.001953125 64799.61068892045 110
210 0.6 108637.22184244792 27739.07220476677 144203.3681640625 17384.001953125 66507.27547766644 115
220 1.1 82134.48555131392 46575.07001707718 144203.3681640625 17384.001953125 68596.36372715974 121
230 1.5 94276.77711588542 54490.8255994102 187930.57592773438 17384.001953125 69724.54054583925 132
240 1.6 63393.558837890625 33859.52207943815 187930.57592773438 17384.001953125 72229.87080808886 147
250 1.7 90315.37634995405 48148.58926015846 187930.57592773438 17384.001953125 71362.50276193443 163
260 2.4 77509.64203898112 42302.07678742165 187930.57592773438 17384.001953125 73152.49637858073 180
270 2.2 75735.79797363281 39280.893971070196 187930.57592773438 17384.001953125 73665.10175039254 204
280 3 94433.28094889323 38250.69917450534 187930.57592773438 17384.001953125 73866.67394911505 226
290 3.1 96713.18939799647 46905.8860189042 223620.03393554688 17384.001953125 76276.82320690155 256
300 4.5 83229.27830403646 42214.96731361579 223620.03393554688 17384.001953125 78484.23558294316 287
310 4.5 94446.8805609809 48930.704356808645 223620.03393554688 12917.90185546875 79127.38896381424 332
320 5.5 95564.88896928263 47985.872517295786 223620.03393554688 12917.90185546875 80955.97549398002 377
330 7.3 88467.62832098138 47442.43752542485 268202.19677734375 12917.90185546875 82815.90660773384 432
340 7 87764.15911690849 51097.38382496527 268202.19677734375 12917.90185546875 83632.8881623221 505
350 9.7 85479.72567654637 47596.022147106385 268202.19677734375 12917.90185546875 84135.82549592391 575
360 8.4 84500.64202590214 44649.601006026205 268202.19677734375 12917.90185546875 84329.8110874721 672
370 10.7 92333.49597510223 49164.54182321808 268202.19677734375 12917.90185546875 84348.79230285321 756
380 11.8 77406.36897096799 43596.495557293 268202.19677734375 12917.90185546875 85338.78453104632 863
390 9.6 71247.10414886476 40436.498501802314 268202.19677734375 12917.90185546875 84384.63056969132 981
400 9.2 80000.58996847403 35584.59374280955 268202.19677734375 12917.90185546875 83213.59757396305 1077
410 10.6 73304.98005877806 38743.514266414175 268202.19677734375 12917.90185546875 82960.73469996391 1169
420 11.9 78956.79610564932 36425.56705420321 268202.19677734375 12917.90185546875 82157.98176508884 1275
430 13.7 70073.91220916969 35343.22047587586 268202.19677734375 12917.90185546875 81884.70981855133 1394
440 14.7 65857.73897879464 28173.176426862123 268202.19677734375 12917.90185546875 80827.83243613117 1531
450 16 69516.72333831794 31847.49593206283 268202.19677734375 12917.90185546875 79516.38801525603 1678
460 15.2 69602.05840582596 31796.262325857915 268202.19677734375 12917.90185546875 78645.90578004924 1838
470 16.5 66399.68931551845 32853.72786572389 268202.19677734375 12917.90185546875 77955.11944794776 1990
480 18.5 68889.81920001053 29589.319433643977 268202.19677734375 11514.989013671875 77070.36493664807 2155
490 17 71112.2339901195 27363.967571774974 268202.19677734375 11514.989013671875 76423.6123890934 2340
500 18.7 72271.29039156502 28372.768179062543 268202.19677734375 11514.989013671875 76063.87759713102 2510
510 11.6 73624.25577097923 25312.87495167237 268202.19677734375 11514.989013671875 75800.91363441657 2697
520 12.6 78123.83884974885 24719.30157748659 268202.19677734375 11514.989013671875 75711.15454726452 2813
530 9.8 86772.7181122449 23943.27735715772 268202.19677734375 11514.989013671875 75814.59048537716 2939
540 13.6 93192.37328024472 24995.458247268394 268202.19677734375 11514.989013671875 76168.19486714636 3037
550 12.7 98379.14873546691 22385.451903164347 268202.19677734375 11514.989013671875 76897.87916093186 3173
560 9.5 105002.27838969983 23132.075038529903 268202.19677734375 11514.989013671875 77724.58256577002 3300
570 6.5 111076.866800631 17908.33891607815 268202.19677734375 11514.989013671875 78487.87596879604 3395
580 4.2 120372.98266020275 15094.359749527515 268202.19677734375 11514.989013671875 79100.09689482763 3460
590 2.2 133005.66380726208 20654.0491883469 268202.19677734375 11514.989013671875 79595.08867156827 3502
600 1.8 136254.20020887587 13088.158065392938 268202.19677734375 11514.989013671875 79928.5258602701 3524
610 0.9 141031.73366970487 10167.94603322317 268202.19677734375 11514.989013671875 80214.76587672265 3542
620 0.9 149804.16216362847 7626.231700955896 268202.19677734375 11514.989013671875 80368.90631889016 3551
630 0.6 164514.70463053384 8194.327155439618 268202.19677734375 11514.989013671875 80544.44488703697 3560
640 0.1 190434.53393554688 0.0 268202.19677734375 11514.989013671875 80685.7296762857 3566
644 0.2 179546.6689453125 5058.659912109375 268202.19677734375 11514.989013671875 80716.49749357173 3567
