0 114.125 114.125
10 309.378125 423.503125
20 380.22890625 803.73203125
30 668.9078125 1472.63984375
40 1289.1125 2761.75234375
50 995.071875 3756.82421875
60 1358.6015625 5115.42578125
70 1167.46328125 6282.8890625
80 1599.6828125 7882.571875
90 1457.165625 9339.7375
100 1570.16171875 10909.89921875
110 1494.0453125 12403.94453125
120 1685.03828125 14088.9828125
130 1384.26875 15473.2515625
140 1446.85234375 16920.10390625
150 1536.6625 18456.76640625
160 1647.65546875 20104.421875
170 1576.0046875 21680.4265625
180 1414.65859375 23095.08515625
190 1327.71640625 24422.8015625
200 1367.20703125 25790.00859375
210 1388.56015625 27178.56875
220 1231.9375 28410.50625
230 1288.740625 29699.246875
240 1159.12734375 30858.37421875
250 1470.04375 32328.41796875
260 1438.73515625 33767.153125
270 1477.7265625 35244.8796875
280 1572.4140625 36817.29375
290 1596.18828125 38413.48203125
300 1741.54921875 40155.03125
310 1579.865625 41734.896875
320 1769.84453125 43504.74140625
330 1900.89921875 45405.640625
340 1744.1625 47149.803125
350 1737.3625 48887.165625
360 1960.78984375 50847.95546875
370 1994.47890625 52842.434375
380 2070.428125 54912.8625
390 2021.71953125 56934.58203125
400 2142.015625 59076.59765625
410 2145.90234375 61222.5
420 2386.78203125 63609.28203125
430 2394.1625 66003.44453125
440 2427.04453125 68430.4890625
450 2509.56015625 70940.04921875
460 2476.2890625 73416.33828125
470 2416.215625 75832.55390625
480 2294.334375 78126.88828125
490 2187.37109375 80314.259375
500 2169.3796875 82483.6390625
510 2226.43125 84710.0703125
520 2032.665625 86742.7359375
530 2026.19296875 88768.92890625
540 2669.990625 91438.91953125
550 2485.3640625 93924.28359375
560 1739.55625 95663.83984375
570 1187.921875 96851.76171875
580 862.428125 97714.18984375
590 631.6046875 98345.79453125
600 498.31953125 98844.1140625
610 214.965625 99059.0796875
620 130.546875 99189.6265625
630 83.3265625 99272.953125
640 40.80859375 99313.76171875
644 3.66015625 99317.421875
