0 16.184375 16.184375
10 50.20703125 66.39140625
20 74.83828125 141.2296875
30 121.82890625 263.05859375
40 188.49765625 451.55625
50 165.34140625 616.89765625
60 226.63125 843.52890625
70 206.159375 1049.68828125
80 252.128125 1301.81640625
90 257.009375 1558.82578125
100 272.77421875 1831.6
110 265.134375 2096.734375
120 293.9796875 2390.7140625
130 256.9171875 2647.63125
140 260.1671875 2907.7984375
150 296.9609375 3204.759375
160 297.87734375 3502.63671875
170 277.5046875 3780.14140625
180 244.571875 4024.71328125
190 235.49921875 4260.2125
200 249.21328125 4509.42578125
210 259.71875 4769.14453125
220 283.06640625 5052.2109375
230 396.7625 5448.9734375
240 418.98984375 5867.96328125
250 515.95234375 6383.915625
260 622.4953125 7006.4109375
270 587.875 7594.2859375
280 694.35 8288.6359375
290 777.98984375 9066.62578125
300 811.7578125 9878.38359375
310 851.7390625 10730.12265625
320 900.6171875 11630.73984375
330 893.69296875 12524.4328125
340 958.95546875 13483.38828125
350 949.6609375 14433.04921875
360 1027.11953125 15460.16875
370 1150.14921875 16610.31796875
380 1189.86640625 17800.184375
390 1127.51328125 18927.69765625
400 1171.1703125 20098.86796875
410 1255.65078125 21354.51875
420 1480.421875 22834.940625
430 1527.8921875 24362.8328125
440 1542.21171875 25905.04453125
450 1661.96640625 27567.0109375
460 1614.7171875 29181.728125
470 1654.19921875 30835.92734375
480 1512.275 32348.20234375
490 1277.6734375 33625.87578125
500 1006.63046875 34632.50625
510 704.8671875 35337.3734375
520 510.81171875 35848.18515625
530 399.4515625 36247.63671875
540 369.56875 36617.20546875
550 355.96171875 36973.1671875
560 284.78046875 37257.94765625
570 210.00078125 37467.9484375
580 153.89453125 37621.84296875
590 105.603125 37727.44609375
600 78.0640625 37805.51015625
610 39.7421875 37845.25234375
620 24.25234375 37869.5046875
630 15.16171875 37884.66640625
640 6.871875 37891.53828125
644 1.096875 37892.63515625
