0 1.1 11
10 1 21
20 0.7 28
30 1 38
40 1 48
50 0.7 55
60 1.5 70
70 1.7 87
80 1.5 102
90 1.4 116
100 1 126
110 1.1 137
120 1.3 150
130 1.9 169
140 2.4 193
150 1.9 212
160 2.1 233
170 1.6 249
180 3.7 286
190 2.5 311
200 4.3 354
210 4.9 403
220 3.8 441
230 4.6 487
240 4.6 533
250 4.6 579
260 6 639
270 6.7 706
280 5.8 764
290 6.5 829
300 8.9 918
310 10.4 1022
320 10.7 1129
330 9.6 1225
340 9.5 1320
350 10.6 1426
360 12.2 1548
370 16.2 1710
380 13.7 1847
390 14.3 1990
400 16.1 2151
410 17.9 2330
420 18.5 2515
430 18 2695
440 20.3 2898
450 19.8 3096
460 20.1 3297
470 18.8 3485
480 8.4 3569
490 0 3569
500 0 3569
510 0 3569
520 0 3569
530 0 3569
540 0 3569
550 0 3569
560 0 3569
570 0 3569
580 0 3569
590 0 3569
600 0 3569
610 0 3569
620 0 3569
630 0 3569
640 0 3569
644 0 3569
