0 11 11
10 21 21
20 28 28
30 38 38
40 44 44
50 47 47
60 55 56
70 67 68
80 74 78
90 79 79
100 82 83
110 86 88
120 89 89
130 102 103
140 113 113
150 126 126
160 140 143
170 149 149
180 179 179
190 201 201
200 239 239
210 282 282
220 309 309
230 340 340
240 370 370
250 399 399
260 435 437
270 480 481
280 508 510
290 542 543
300 586 587
310 645 646
320 697 699
330 720 721
340 745 745
350 754 754
360 792 793
370 847 848
380 866 874
390 913 913
400 982 983
410 1055 1058
420 1121 1121
430 1164 1165
440 1220 1221
450 1258 1258
460 1307 1308
470 1330 1331
480 1229 1334
490 1059 1334
500 872 1334
510 756 1334
520 630 1334
530 532 1334
540 396 1334
550 269 1334
560 174 1334
570 109 1334
580 67 1334
590 45 1334
600 27 1334
610 18 1334
620 9 1334
630 3 1334
640 2 1334
644 0 1334
