0 2 20
10 6.1 81
20 13.5 216
30 13.9 355
40 22.3 578
50 22.6 804
60 22.7 1031
70 31 1341
80 35.8 1699
90 33.6 2035
100 39.5 2430
110 46 2890
120 46.4 3354
130 49.2 3846
140 59.6 4442
150 67.2 5114
160 65.5 5769
170 68.7 6456
180 72 7176
190 84.3 8019
200 77.4 8793
210 75.9 9552
220 80.1 10353
230 73.4 11087
240 73.8 11825
250 65.1 12476
260 66.3 13139
270 67.6 13815
280 75.9 14574
290 67.3 15247
300 63.9 15886
310 65.6 16542
320 62.6 17168
330 65 17818
340 61.7 18435
350 65.8 19093
360 62 19713
370 58.5 20298
380 52.6 20824
390 59.8 21422
400 57.5 21997
410 59 22587
420 59.8 23185
430 56.2 23747
440 65 24397
450 91.7 25314
460 109.9 26413
470 99.2 27405
480 87.9 28284
490 82.1 29105
500 66.2 29767
510 51.9 30286
520 37.9 30665
530 18.9 30854
540 11.3 30967
550 4.8 31015
556 0.9 31024
