10 0.2 2
20 0.5 7
30 0.8 15
40 1.2 27
50 2.4 51
60 2.4 75
70 3.2 107
80 4.1 148
90 4 188
100 4.1 229
110 4.8 277
120 4.7 324
130 4.9 373
140 5.9 432
150 8.3 515
160 7.7 592
170 8 672
180 7.1 743
190 11 853
200 6.5 918
210 7.4 992
220 6.8 1060
230 7.2 1132
240 6.5 1197
250 4.1 1238
260 6 1298
270 4.8 1346
280 6 1406
290 5.6 1462
300 4.8 1510
310 5.2 1562
320 4.5 1607
330 3.3 1640
340 3.8 1678
350 2.9 1707
360 3.6 1743
370 3.6 1779
380 2.4 1803
390 2.8 1831
400 2.7 1858
410 2.2 1880
420 2.5 1905
430 2.7 1932
440 3.1 1963
450 6.3 2026
460 9 2116
470 11.9 2235
480 10.8 2343
490 12 2463
500 9.3 2556
510 8 2636
520 6.2 2698
530 3.1 2729
540 1.4 2743
550 0.7 2750
556 0.1 2751
