0 0.4 4
10 1.4 18
20 1.3 31
30 2.6 57
40 2.1 78
50 1.7 95
60 1.9 114
70 2.3 137
80 2.1 158
90 2.7 185
100 2.3 208
110 2.5 233
120 2.8 261
130 2.4 285
140 3.4 319
150 3.9 358
160 2.9 387
170 4.7 434
180 5.2 486
190 6.1 547
200 3.9 586
210 3.9 625
220 5.3 678
230 5.4 732
240 5.7 789
250 7.6 865
260 6.2 927
270 6.3 990
280 5.9 1049
290 6.6 1115
300 6.8 1183
310 9.3 1276
320 9 1366
330 8.3 1449
340 9.6 1545
350 8.6 1631
360 8.8 1719
370 9 1809
380 10.3 1912
390 10 2012
400 8.8 2100
410 8.7 2187
420 10.2 2289
430 8.2 2371
440 5.2 2423
450 5.4 2477
460 5.8 2535
470 2.8 2563
480 0.9 2572
490 0.2 2574
500 0 2574
510 0 2574
520 0 2574
530 0 2574
540 0 2574
550 0 2574
556 0 2574
