20 0.1 1
30 0.1 2
40 0 2
50 0.1 3
60 0 3
70 0 3
80 0.1 4
90 0 4
100 0 4
110 0 4
120 0 4
130 0 4
140 0 4
150 0 4
160 0 4
170 0 4
180 0 4
190 0 4
200 0 4
210 0 4
220 0 4
230 0.3 7
240 0.1 8
250 0.1 9
260 0.4 13
270 0.2 15
280 0.1 16
290 0 16
300 0.4 20
310 1 30
320 0.3 33
330 0.3 36
340 0.6 42
350 0.8 50
360 1 60
370 0.7 67
380 1.1 78
390 1.4 92
400 0.6 98
410 1.1 109
420 1 119
430 0.6 125
440 0.5 130
450 0.5 135
460 0 135
470 0 135
480 0 135
490 0 135
500 0 135
510 0 135
520 0 135
530 0 135
540 0 135
550 0 135
556 0 135
