50 0.1 1
60 0.1 2
70 0 2
80 0 2
90 0 2
100 0 2
110 0 2
120 0 2
130 0 2
140 0 2
150 0 2
160 0 2
170 0 2
180 0 2
190 0 2
200 0 2
210 0 2
220 0 2
230 0 2
240 0 2
250 0.2 4
260 0.5 9
270 1.1 20
280 1.7 37
290 2.1 58
300 1.9 77
310 2.2 99
320 2.6 125
330 1.9 144
340 1.8 162
350 1.7 179
360 1.8 197
370 2.3 220
380 2.6 246
390 1.4 260
400 2.5 285
410 1.1 296
420 1.5 311
430 1.5 326
440 2 346
450 3.6 382
460 3.7 419
470 5.7 476
480 4.9 525
490 6.6 591
500 3.9 630
510 4.5 675
520 2.9 704
530 1.7 721
540 0.7 728
550 0.7 735
556 0.1 736
