0 9 9
10 17 8
20 24 7
30 39 15
40 48 9
50 51 3
60 63 12
70 75 12
80 82 7
90 94 12
100 104 10
110 113 9
120 133 20
130 145 12
140 152 7
150 168 16
160 164 -4
170 179 15
180 220 41
190 247 27
200 268 21
210 291 23
220 316 25
230 330 14
240 370 40
250 417 47
260 435 18
270 462 27
280 496 34
290 517 21
300 589 72
310 634 45
320 685 51
330 728 43
340 749 21
350 749 0
360 795 46
370 853 58
380 904 51
390 938 34
400 983 45
410 1003 20
420 916 -87
430 821 -95
440 714 -107
450 601 -113
460 499 -102
470 395 -104
480 315 -80
490 246 -69
500 190 -56
510 122 -68
520 69 -53
530 39 -30
540 18 -21
550 2 -16
556 0 -2
