0 0.9 15.32400173611111 38.08867336442289 122.8349609375 0.697998046875 0 0
10 0.8 0.95220947265625 0.052305348387140405 122.8349609375 0.697998046875 15.32400173611111 9
20 0.8 1.02655029296875 0.25750982695179553 122.8349609375 0.692138671875 8.560805376838236 17
30 1.6 2.1300048828125 2.543675390409991 122.8349609375 0.692138671875 6.14984375 25
40 0.9 2.337863498263889 2.472130229038471 122.8349609375 0.692138671875 4.581126143292683 41
50 0.4 0.9283447265625 0.08361923328467853 122.8349609375 0.692138671875 4.1773388671875 50
60 1.3 2.5274376502403846 2.6463427248421514 122.8349609375 0.692138671875 3.936672634548611 54
70 1.3 1.2079326923076923 1.073362988122516 122.8349609375 0.692138671875 3.6632389808768657 67
80 1.1 1.6830388849431819 1.545474968357086 122.8349609375 0.692138671875 3.264251708984375 80
90 1.8 1.2588433159722223 0.975964207988866 122.8349609375 0.692138671875 3.0731160928914836 91
100 1.8 0.9429117838541666 0.21566804296539818 122.8349609375 0.692138671875 2.773511414134174 109
110 1.5 1.2361979166666666 1.0874888981024717 122.8349609375 0.692138671875 2.5140563484251968 127
120 2.3 2.015550696331522 2.240406960155764 122.8349609375 0.692138671875 2.3790713028169015 142
130 1.7 2.0351418887867645 2.5456022615241087 122.8349609375 0.692138671875 2.3283987334280303 165
140 1.8 1.0119493272569444 0.33249700924379816 122.8349609375 0.692138671875 2.301006610576923 182
150 2.1 1.15673828125 0.9656558982595715 122.8349609375 0.692138671875 2.1849914550781246 200
160 1 1.0321044921875 0.21738682800587442 122.8349609375 0.692138671875 2.087284139917986 221
170 2.5 1.81095703125 2.2378268357153206 122.8349609375 0.692138671875 2.0416053672889607 231
180 4.6 1.124002207880435 1.1861089177357458 122.8349609375 0.633056640625 2.0190811157226563 256
190 4.4 1.4853349165482954 1.6042443376917292 122.8349609375 0.633056640625 1.8827445933360927 302
200 3.5 1.6399204799107143 1.7053995732611906 122.8349609375 0.633056640625 1.8322069465769508 346
210 3.1 1.1531549269153225 0.7655486454590614 122.8349609375 0.633056640625 1.8145428354658792 381
220 4.1 1.1944967130335367 0.9040167566898346 122.8349609375 0.633056640625 1.7647782112788228 412
230 3.5 1.131061662946428 0.9246523485231742 122.8349609375 0.633056640625 1.7131633295391833 453
240 5.7 1.4176046806469298 1.7321226648204067 122.8349609375 0.633056640625 1.6714142345991292 488
250 6.7 1.5113361415578361 1.9185952155003054 122.8349609375 0.633056640625 1.644869015194954 545
260 5 1.1050634765625 1.2300144120763774 122.8349609375 0.633056640625 1.6302502202052696 612
270 5.7 0.9291692365679824 0.344566149230151 122.8349609375 0.633056640625 1.590583547724698 662
280 6.7 1.369257229477612 2.3731207126163545 122.8349609375 0.633056640625 1.538148755324235 719
290 5.8 1.2379529229525863 1.346537932563589 122.8349609375 0.6328125 1.5237521494314568 786
300 10.3 2.714199029126214 10.683864747967908 122.8349609375 0.615966796875 1.5041119182279326 844
310 10.5 1.083377511160714 0.9064867428356621 122.8349609375 0.615966796875 1.6357264614407339 947
320 9.8 1.0231086575255097 0.7985927619757835 122.8349609375 0.615966796875 1.580596575718869 1052
330 10.7 1.2628687207943927 1.236888284546514 122.8349609375 0.56494140625 1.533088909646739 1150
340 9.6 0.9814834594726563 0.7706794590514917 122.8349609375 0.56494140625 1.5100868728868337 1257
350 8.4 1.356962658110119 1.436872906964719 122.8349609375 0.56494140625 1.472580643997136 1353
360 14.4 1.2110375298394098 1.320756231795946 122.8349609375 0.56494140625 1.4658221813565588 1437
370 15.7 1.2176505896695862 1.477518510452721 122.8349609375 0.56494140625 1.442615989188014 1581
380 14.3 1.1501020951704546 1.1904364054680927 122.8349609375 0.56494140625 1.4222940284720225 1738
390 22.8 0.9353573447779605 0.9311011741972326 122.8349609375 0.530029296875 1.401601074478336 1881
400 19.5 1.2544558794070522 1.6024799426618952 122.8349609375 0.530029296875 1.3511963469431603 2109
410 17.2 1.4062343863553777 3.2571045749719603 122.8349609375 0.530029296875 1.3430086771647136 2304
420 6.9 1.1868454200634058 1.00788813838932 122.8349609375 0.530029296875 1.3474007700487176 2476
430 1.3 1.76171875 2.273194798485736 122.8349609375 0.530029296875 1.343047795923379 2545
440 0 0 0 122.8349609375 0.530029296875 1.3451755216477714 2558
450 0.1 1.5361328125 0.0 122.8349609375 0.530029296875 1.3451755216477714 2558
460 0 0 0 122.8349609375 0.530029296875 1.3452501434886672 2559
470 0 0 0 122.8349609375 0.530029296875 1.3452501434886672 2559
480 0 0 0 122.8349609375 0.530029296875 1.3452501434886672 2559
490 0 0 0 122.8349609375 0.530029296875 1.3452501434886672 2559
500 0 0 0 122.8349609375 0.530029296875 1.3452501434886672 2559
510 0 0 0 122.8349609375 0.530029296875 1.3452501434886672 2559
520 0 0 0 122.8349609375 0.530029296875 1.3452501434886672 2559
530 0 0 0 122.8349609375 0.530029296875 1.3452501434886672 2559
540 0 0 0 122.8349609375 0.530029296875 1.3452501434886672 2559
550 0 0 0 122.8349609375 0.530029296875 1.3452501434886672 2559
556 0 0 0 122.8349609375 0.530029296875 1.3452501434886672 2559
