0 0.1 5.129262332593623 0 5.129262332593623 5.129262332593623 0 0
10 0.1 2.0648967551622417 0.0 5.129262332593623 2.0648967551622417 5.129262332593623 1
20 0.1 1.6699410609037328 0.0 5.129262332593623 1.6699410609037328 3.597079543877932 2
30 0.1 1.5857284440039643 0.0 5.129262332593623 1.5857284440039643 2.954700049553199 3
40 0.1 3.1280547409579667 0.0 5.129262332593623 1.5857284440039643 2.6124571481658903 4
50 0.1 3.623898139079334 0.0 5.129262332593623 1.5857284440039643 2.7155766667243055 5
60 0.1 2.857142857142857 0.0 5.129262332593623 1.5857284440039643 2.866963578783477 6
70 0.1 3.23846908734053 0.0 5.129262332593623 1.5857284440039643 2.865560618549103 7
80 0.1 4.00390625 0.0 5.129262332593623 1.5857284440039643 2.912174177148031 8
90 0.1 4.105571847507331 0.0 5.129262332593623 1.5857284440039643 3.03347774079825 9
100 0.1 4.58984375 0.0 5.129262332593623 1.5857284440039643 3.140687151469158 10
110 0.1 4.518664047151278 0.0 5.129262332593623 1.5857284440039643 3.2724286604265074 11
120 0.1 5.004906771344456 0.0 5.129262332593623 1.5857284440039643 3.376281609320238 12
130 0.1 5.819592628516004 0.0 5.819592628516004 1.5857284440039643 3.5015604679374857 13
140 0.1 4.729064039408867 0.0 5.819592628516004 1.5857284440039643 3.6671341936930943 14
150 0.1 6.316812439261418 0.0 6.316812439261418 1.5857284440039643 3.7379295167408126 15
160 0.1 6.809338521400778 0.0 6.809338521400778 1.5857284440039643 3.8991096993983505 16
170 0.1 7.135969141755062 0.0 7.135969141755062 1.5857284440039643 4.070299630104376 17
180 0.1 7.211538461538461 0.0 7.211538461538461 1.5857284440039643 4.240614602973859 18
190 0.1 8.38150289017341 0.0 8.38150289017341 1.5857284440039643 4.396979016582523 19
200 0.1 8.565928777670837 0.0 8.565928777670837 1.5857284440039643 4.596205210262068 20
210 0.1 9.230769230769232 0.0 9.230769230769232 1.5857284440039643 4.785239665852961 21
220 0.1 8.357348703170029 0.0 9.230769230769232 1.5857284440039643 4.987309191530973 22
230 0.1 7.938044530493708 0.0 9.230769230769232 1.5857284440039643 5.133832648558759 23
240 0.1 8.653846153846153 0.0 9.230769230769232 1.5857284440039643 5.250674810306049 24
250 0.1 9.971236816874402 0.0 9.971236816874402 1.5857284440039643 5.3868016640476535 25
260 0.1 9.68054211035818 0.0 9.971236816874402 1.5857284440039643 5.563126093002529 26
270 0.1 9.922178988326849 0.0 9.971236816874402 1.5857284440039643 5.71562298253422 27
280 0.1 11.516314779270633 0.0 11.516314779270633 1.5857284440039643 5.865857125598241 28
290 0.1 11.719500480307397 0.0 11.719500480307397 1.5857284440039643 6.060700492966255 29
300 0.1 11.47695202257761 0.0 11.719500480307397 1.5857284440039643 6.24932715921096 30
310 0.1 11.844660194174757 0.0 11.844660194174757 1.5857284440039643 6.4179602193195615 31
320 0.1 13.746369796708615 0.0 13.746369796708615 1.5857284440039643 6.587544593533787 32
330 0.1 13.996138996138995 0.0 13.996138996138995 1.5857284440039643 6.804478690599691 33
340 0.1 13.82667964946446 0.0 13.996138996138995 1.5857284440039643 7.0159981113508465 34
350 0.1 13.45595353339787 0.0 13.996138996138995 1.5857284440039643 7.210589012439807 35
360 0.1 14.829268292682926 0.0 14.829268292682926 1.5857284440039643 7.3840713602441985 36
370 0.1 16.588124410933084 0.0 16.588124410933084 1.5857284440039643 7.585292898958758 37
380 0.1 16.097560975609756 0.0 16.588124410933084 1.5857284440039643 7.822209517694924 38
390 0.1 17.943743937924346 0.0 17.943743937924346 1.5857284440039643 8.034398016615818 39
400 0.1 16.30859375 0.0 17.943743937924346 1.5857284440039643 8.282131664648531 40
410 0.1 17.101449275362317 0.0 17.943743937924346 1.5857284440039643 8.477899032583933 41
420 0.1 17.004830917874397 0.0 17.943743937924346 1.5857284440039643 8.68322165741199 42
430 0.1 14.577259475218659 0.0 17.943743937924346 1.5857284440039643 8.87674745416693 43
440 0.1 12.95387634936212 0.0 17.943743937924346 1.5857284440039643 9.00630454555447 44
450 0.1 12.560856864654331 0.0 17.943743937924346 1.5857284440039643 9.094028363416863 45
460 0.1 13.085004775549189 0.0 17.943743937924346 1.5857284440039643 9.169394200400285 46
470 0.1 12.918660287081341 0.0 17.943743937924346 1.5857284440039643 9.252705063701326 47
480 0.1 11.003861003861005 0.0 17.943743937924346 1.5857284440039643 9.329079130855076 48
490 0.1 10.028929604628736 0.0 17.943743937924346 1.5857284440039643 9.363258352753157 49
500 0.1 7.774538386783285 0.0 17.943743937924346 1.5857284440039643 9.376571777790668 50
510 0.1 6.048780487804878 0.0 17.943743937924346 1.5857284440039643 9.34515935835915 51
520 0.1 4.6966731898238745 0.0 17.943743937924346 1.5857284440039643 9.281767457002337 52
530 0.1 3.143418467583497 0.0 17.943743937924346 1.5857284440039643 9.195256244414063 53
540 0.1 2.0689655172413794 0.0 17.943743937924346 1.5857284440039643 9.083185174472757 54
550 0.1 1.6748768472906401 0.0 17.943743937924346 1.5857284440039643 8.955653907977641 55
