0 0 0
10 0 0
20 0.1 1
30 0.1 2
40 0 2
50 0.1 3
60 0.1 4
70 0.1 5
80 0.4 9
90 0.6 15
100 0.9 24
110 0.5 29
120 0.3 32
130 0.5 37
140 1.1 48
150 0.6 54
160 1.3 67
170 1 77
180 0.5 82
190 1.7 99
200 1.4 113
210 0.9 122
220 1.7 139
230 1.9 158
240 1.8 176
250 2 196
260 3 226
270 3 256
280 3.5 291
290 3.6 327
300 3.1 358
310 6.2 420
320 4.4 464
330 6.5 529
340 7.6 605
350 8.2 687
360 9.9 786
370 9.9 885
380 9.2 977
390 11.1 1088
400 11.6 1204
410 12 1324
420 12.2 1446
430 10.5 1551
440 10.8 1659
450 12 1779
460 10.2 1881
470 10 1981
480 8 2061
490 7.3 2134
500 5.2 2186
510 6.7 2253
520 5.3 2306
530 3.1 2337
540 2 2357
550 1.5 2372
556 0.2 2374
