0 0.1 3159.69921875 0 3159.69921875 3159.69921875 0 0
10 0.1 3160.3203125 0.0 3160.3203125 3159.69921875 3159.69921875 1
20 0.1 3157.8046875 0.0 3160.3203125 3157.8046875 3160.009765625 2
30 0.1 3155.2890625 0.0 3160.3203125 3155.2890625 3159.2747395833335 3
40 0.1 3150.71484375 0.0 3160.3203125 3150.71484375 3158.2783203125 4
50 0.1 3146.73046875 0.0 3160.3203125 3146.73046875 3156.765625 5
60 0.1 3145.09375 0.0 3160.3203125 3145.09375 3155.0930989583335 6
70 0.1 3141.46875 0.0 3160.3203125 3141.46875 3153.664620535714 7
80 0.1 3140.578125 0.0 3160.3203125 3140.578125 3152.14013671875 8
90 0.1 3137.19140625 0.0 3160.3203125 3137.19140625 3150.85546875 9
100 0.1 3136.0078125 0.0 3160.3203125 3136.0078125 3149.4890625 10
110 0.1 3135.00390625 0.0 3160.3203125 3135.00390625 3148.263494318182 11
120 0.1 3131.0546875 0.0 3160.3203125 3131.0546875 3147.1585286458335 12
130 0.1 3127.57421875 0.0 3160.3203125 3127.57421875 3145.9197716346152 13
140 0.1 3122.4453125 0.0 3160.3203125 3122.4453125 3144.609375 14
150 0.1 3118.609375 0.0 3160.3203125 3118.609375 3143.131770833333 15
160 0.1 3116.79296875 0.0 3160.3203125 3116.79296875 3141.59912109375 16
170 0.1 3113.5546875 0.0 3160.3203125 3113.5546875 3140.139935661765 17
180 0.1 3111.265625 0.0 3160.3203125 3111.265625 3138.6629774305557 18
190 0.1 3105.59765625 0.0 3160.3203125 3105.59765625 3137.221011513158 19
200 0.1 3101.62109375 0.0 3160.3203125 3101.62109375 3135.63984375 20
210 0.1 3094.99609375 0.0 3160.3203125 3094.99609375 3134.0199032738096 21
220 0.1 3087.75 0.0 3160.3203125 3087.75 3132.24609375 22
230 0.1 3082.45703125 0.0 3160.3203125 3082.45703125 3130.311480978261 23
240 0.1 3076.64453125 0.0 3160.3203125 3076.64453125 3128.3175455729165 24
250 0.1 3070.359375 0.0 3160.3203125 3070.359375 3126.250625 25
260 0.1 3065.765625 0.0 3160.3203125 3065.765625 3124.1009615384614 26
270 0.1 3064.26953125 0.0 3160.3203125 3064.26953125 3121.9403935185187 27
280 0.1 3057.83203125 0.0 3160.3203125 3057.83203125 3119.8807198660716 28
290 0.1 3054.6171875 0.0 3160.3203125 3054.6171875 3117.741109913793 29
300 0.1 3052.75390625 0.0 3160.3203125 3052.75390625 3115.6369791666666 30
310 0.1 3051.5390625 0.0 3160.3203125 3051.5390625 3113.6084929435483 31
320 0.1 3049.69140625 0.0 3160.3203125 3049.69140625 3111.6688232421875 32
330 0.1 3048.1953125 0.0 3160.3203125 3048.1953125 3109.7907196969695 33
340 0.1 3043.69921875 0.0 3160.3203125 3043.69921875 3107.9790900735293 34
350 0.1 3041.80859375 0.0 3160.3203125 3041.80859375 3106.1425223214287 35
360 0.1 3040.85546875 0.0 3160.3203125 3040.85546875 3104.35546875 36
370 0.1 3040.47265625 0.0 3160.3203125 3040.47265625 3102.6392525337837 37
380 0.1 3039.1015625 0.0 3160.3203125 3039.1015625 3101.003289473684 38
390 0.1 3036.734375 0.0 3160.3203125 3036.734375 3099.4160657051284 39
400 0.1 3036.1328125 0.0 3160.3203125 3036.1328125 3097.8490234375004 40
410 0.1 3035.0546875 0.0 3160.3203125 3035.0546875 3096.3437500000005 41
420 0.1 3034.2734375 0.0 3160.3203125 3034.2734375 3094.884486607143 42
430 0.1 3033.48828125 0.0 3160.3203125 3033.48828125 3093.4749273255816 43
440 0.1 3035.04296875 0.0 3160.3203125 3033.48828125 3092.1115944602275 44
450 0.1 3035.71484375 0.0 3160.3203125 3033.48828125 3090.8434027777776 45
460 0.1 3031.12109375 0.0 3160.3203125 3031.12109375 3089.6449558423915 46
470 0.1 3034.60546875 0.0 3160.3203125 3031.12109375 3088.399767287234 47
480 0.1 3035.49609375 0.0 3160.3203125 3031.12109375 3087.279052734375 48
490 0.1 3036.48828125 0.0 3160.3203125 3031.12109375 3086.222257653061 49
500 0.1 3037.3203125 0.0 3160.3203125 3031.12109375 3085.227578125 50
510 0.1 3038.2421875 0.0 3160.3203125 3031.12109375 3084.2882199754904 51
520 0.1 3039.77734375 0.0 3160.3203125 3031.12109375 3083.4027193509614 52
530 0.1 3070.8671875 0.0 3160.3203125 3031.12109375 3082.579599056604 53
540 0.1 3076.58984375 0.0 3160.3203125 3031.12109375 3082.362702546296 54
550 0.1 3086.16015625 0.0 3160.3203125 3031.12109375 3082.2577414772727 55
