0 0.1 0.0 0 0.0 0.0 0 0
10 0.1 0.0 0.0 0.0 0.0 0.0 1
20 0.1 0.0 0.0 0.0 0.0 0.0 2
30 0.1 0.0 0.0 0.0 0.0 0.0 3
40 0.1 0.0 0.0 0.0 0.0 0.0 4
50 0.1 0.0 0.0 0.0 0.0 0.0 5
60 0.1 0.0 0.0 0.0 0.0 0.0 6
70 0.1 0.0 0.0 0.0 0.0 0.0 7
80 0.1 0.0 0.0 0.0 0.0 0.0 8
90 0.1 0.0 0.0 0.0 0.0 0.0 9
100 0.1 0.0 0.0 0.0 0.0 0.0 10
110 0.1 0.0 0.0 0.0 0.0 0.0 11
120 0.1 0.0 0.0 0.0 0.0 0.0 12
130 0.1 0.0 0.0 0.0 0.0 0.0 13
140 0.1 0.0 0.0 0.0 0.0 0.0 14
150 0.1 0.0 0.0 0.0 0.0 0.0 15
160 0.1 0.0 0.0 0.0 0.0 0.0 16
170 0.1 0.0 0.0 0.0 0.0 0.0 17
180 0.1 0.0 0.0 0.0 0.0 0.0 18
190 0.1 0.078125 0.0 0.078125 0.0 0.0 19
200 0.1 0.0703125 0.0 0.078125 0.0 0.00390625 20
210 0.1 0.05859375 0.0 0.078125 0.0 0.007068452380952381 21
220 0.1 0.05078125 0.0 0.078125 0.0 0.009410511363636364 22
230 0.1 0.0390625 0.0 0.078125 0.0 0.011209239130434782 23
240 0.1 0.0390625 0.0 0.078125 0.0 0.012369791666666666 24
250 0.1 0.03125 0.0 0.078125 0.0 0.0134375 25
260 0.1 0.03125 0.0 0.078125 0.0 0.014122596153846154 26
270 0.1 0.01953125 0.0 0.078125 0.0 0.014756944444444444 27
280 0.1 0.1015625 0.0 0.1015625 0.0 0.014927455357142858 28
290 0.1 0.078125 0.0 0.1015625 0.0 0.017914870689655173 29
300 0.1 0.140625 0.0 0.140625 0.0 0.019921875 30
310 0.1 0.12109375 0.0 0.140625 0.0 0.023815524193548387 31
320 0.1 0.1015625 0.0 0.140625 0.0 0.02685546875 32
330 0.1 0.08984375 0.0 0.140625 0.0 0.02911931818181818 33
340 0.1 0.23046875 0.0 0.23046875 0.0 0.030905330882352942 34
350 0.1 0.26953125 0.0 0.26953125 0.0 0.03660714285714286 35
360 0.1 0.23046875 0.0 0.26953125 0.0 0.04307725694444445 36
370 0.1 0.19921875 0.0 0.26953125 0.0 0.04814189189189189 37
380 0.1 0.171875 0.0 0.26953125 0.0 0.05211759868421053 38
390 0.1 0.140625 0.0 0.26953125 0.0 0.05518830128205128 39
400 0.1 0.19140625 0.0 0.26953125 0.0 0.05732421875 40
410 0.1 0.23828125 0.0 0.26953125 0.0 0.06059451219512195 41
420 0.1 0.19921875 0.0 0.26953125 0.0 0.06482514880952381 42
430 0.1 0.171875 0.0 0.26953125 0.0 0.06795058139534883 43
440 0.1 0.1484375 0.0 0.26953125 0.0 0.0703125 44
450 0.1 0.19921875 0.0 0.26953125 0.0 0.0720486111111111 45
460 0.1 0.171875 0.0 0.26953125 0.0 0.07481317934782608 46
470 0.1 0.30078125 0.0 0.30078125 0.0 0.0768783244680851 47
480 0.1 0.25 0.0 0.30078125 0.0 0.08154296874999999 48
490 0.1 0.2109375 0.0 0.30078125 0.0 0.08498086734693876 49
500 0.1 0.1796875 0.0 0.30078125 0.0 0.08749999999999998 50
510 0.1 0.1484375 0.0 0.30078125 0.0 0.08930759803921567 51
520 0.1 0.12890625 0.0 0.30078125 0.0 0.09044471153846152 52
530 0.1 0.109375 0.0 0.30078125 0.0 0.09117040094339621 53
540 0.1 0.08984375 0.0 0.30078125 0.0 0.09150752314814813 54
550 0.1 0.078125 0.0 0.30078125 0.0 0.09147727272727271 55
