10 0.1 1
20 0.8 9
30 0.2 11
40 1 21
50 1.2 33
60 0.4 37
70 0.8 45
80 1 55
90 0.9 64
100 0.9 73
110 1.5 88
120 1.5 103
130 1.1 114
140 2.9 143
150 1.7 160
160 3.5 195
170 1.9 214
180 2.7 241
190 1.6 257
200 2.4 281
210 2.8 309
220 4 349
230 3.4 383
240 3.8 421
250 4.2 463
260 4.5 508
270 6.8 576
280 6.3 639
290 5.6 695
300 7.3 768
310 8.5 853
320 7.4 927
330 10.7 1034
340 12 1154
350 13.9 1293
360 11.9 1412
370 12.6 1538
380 16.7 1705
390 15.7 1862
400 15.8 2020
410 15.8 2178
420 16.1 2339
430 16.9 2508
440 15.8 2666
450 14.1 2807
460 12.4 2931
470 10.6 3037
480 8.2 3119
490 4.9 3168
500 4.3 3211
510 5.3 3264
520 3.2 3296
530 2.2 3318
540 1.3 3331
550 0.7 3338
556 0 3338
