0 2 46.09885253906249 43.09569010408863 131.837890625 5.113037109375 0 0
10 5.4 60.97469979745368 79.10992984072621 547.989990234375 4.54296875 46.09885253906249 20
20 11.9 44.42216222426471 65.97825768101356 588.509033203125 0.369140625 56.95420053842903 74
30 14.2 41.292501100352105 75.21309666268196 757.4990234375 0.369140625 49.22719245871114 193
40 20.4 37.957706227022065 45.875735841518406 757.4990234375 0.369140625 45.86383074860075 335
50 23.5 25.27523790724734 37.04337386368923 757.4990234375 0.369140625 42.87153130073052 539
60 25.2 17.130469912574426 25.753969563959195 757.4990234375 0.369140625 37.52898744095204 774
70 31.8 29.537389599302262 38.528449581414804 757.4990234375 0.369140625 32.51882524099964 1026
80 38.3 29.51737223094811 65.09635646488063 1003.218994140625 0.333984375 31.81339627220517 1344
90 38 18.02458817331415 27.019755968343016 1003.218994140625 0.333984375 31.304202752922336 1727
100 42.6 19.93492047663584 28.298079866190417 1003.218994140625 0.333984375 28.90920819181597 2107
110 49.9 21.232948807771788 31.081944987187413 1003.218994140625 0.333984375 27.39991227130009 2533
120 49.9 22.854607652805612 34.86361348969296 1003.218994140625 0.333984375 26.384966767243156 3032
130 50.9 36.27745982471756 71.11805635577714 1003.218994140625 0.333984375 25.88605733702386 3531
140 61 42.98470318903687 66.93249465111421 1003.218994140625 0.333984375 27.19527116530012 4040
150 72.7 40.86089055246301 57.49639583734758 1003.218994140625 0.333984375 29.266573000672036 4650
160 68.1 57.174327878349864 86.06979774660257 1003.218994140625 0.333984375 30.83418855956213 5377
170 75 43.9007337239583 66.13883813324134 1003.218994140625 0.333984375 33.79517153679792 6058
180 76.8 177.50216706593847 170.38069840845142 1003.218994140625 0.333984375 34.90844586705207 6808
190 94.9 130.407139093783 129.3728108263868 1003.218994140625 0.333984375 49.363564383517854 7576
200 78.1 626.3590930347709 263.808760143008 1601.864013671875 0.333984375 58.38530660053153 8525
210 77.7 836.2945039766329 343.86546174575494 2030.708984375 0.333984375 106.0521373769275 9306
220 82.9 1044.9801359648295 384.42602499029186 2388.1669921875 0.333984375 162.3249052880622 10083
230 88.9 1093.2704896873247 623.5211421087555 2889.22607421875 0.333984375 229.38146560982176 10912
240 98.7 1036.9315006213585 714.1595961056561 2947.303955078125 0.333984375 294.4604709826631 11801
250 111.4 904.5038422562274 837.0650606146581 3012.734130859375 0.333984375 351.7656716593438 12788
260 128.4 813.0979256793347 830.4641321766643 3072.072021484375 0.333984375 396.05788299907397 13902
270 133.2 817.0184683584948 866.170432344266 3079.9638671875 0.333984375 431.319269460384 15186
280 142.1 730.173479868106 693.2702259901981 3079.9638671875 0.324951171875 462.42178386480845 16518
290 138.6 759.0711846069512 758.6297085341695 3079.9638671875 0.324951171875 483.63116900448654 17939
300 162 627.1626035337102 747.348717091757 3079.9638671875 0.324951171875 503.3858837069453 19325
310 187.4 571.5759661663313 734.2797576809809 3338.174072265625 0.324951171875 512.9594471406698 20945
320 184.4 569.851145183705 736.678517606788 3338.174072265625 0.324951171875 517.7733021147742 22819
330 200.5 534.4056184002887 753.7265490001664 3338.174072265625 0.324951171875 521.6670515620883 24663
340 205.7 513.5820192625414 746.1337059145771 3338.174072265625 0.324951171875 522.6247846695801 26668
350 215.2 499.5120873433507 698.1438403213299 3338.174072265625 0.324951171875 521.977231373069 28725
360 226.6 456.1873250289607 701.8167191913025 3338.174072265625 0.324951171875 520.4115031626874 30877
370 248.6 426.07002534505693 692.9991599294356 3338.174072265625 0.324951171875 516.0204707380117 33143
380 260.3 411.44019736466976 718.6838755032003 3364.544189453125 0.324951171875 509.74421243026 35629
390 260.9 450.30152574322074 718.3298141379375 3730.989013671875 0.324951171875 503.05124969705923 38232
400 244.8 601.3420098996631 929.5293016697879 4753.626953125 0.324951171875 499.68149798197965 40841
410 249.2 752.0904864315818 1377.1347151326986 9671.8359375 0.324951171875 505.4304164872463 43289
420 251.2 810.7713900037643 1605.858440737861 9671.8359375 0.324951171875 518.8568793059109 45781
430 216.7 535.5077337485935 863.8879483732123 9671.8359375 0.324951171875 534.0410519784102 48293
440 172.6 584.091494316022 651.574217251584 9671.8359375 0.324951171875 534.1040384904195 50460
450 161.7 642.2713900101932 438.4235160064644 9671.8359375 0.324951171875 535.757323830453 52186
460 146.8 438.05419489473314 285.427394908848 9671.8359375 0.324951171875 538.9585067572904 53803
470 134.3 23.37251732798534 24.896686539869908 9671.8359375 0.324951171875 536.2784841448131 55271
480 114 15.280062277275219 12.797210863542315 9671.8359375 0.324951171875 524.1113044112666 56614
490 104.8 13.41665905668536 10.140009111036001 9671.8359375 0.324951171875 514.0675391996318 57754
500 80.6 12.081320334309094 8.382806131191938 9671.8359375 0.324951171875 505.1446773515687 58802
510 65.2 9.763416500910658 5.065232378412198 9671.8359375 0.324951171875 498.4776349116963 59608
520 47 8.528882355385635 3.465841936987875 9671.8359375 0.324951171875 493.18985412172236 60260
530 23.7 8.470237506592825 3.3055972393033994 9671.8359375 0.324951171875 489.4389788256549 60730
540 13.4 7.722381136310634 2.395209920909681 9671.8359375 0.324951171875 487.5692855212013 60967
550 6.2 8.196584393901205 2.4878389747690064 9671.8359375 0.324951171875 486.51693801154397 61101
556 1.1 7.167036576704546 1.523442318846657 9671.8359375 0.324951171875 486.03207196631575 61163
