10 0.1 124 0 124 124 0 0
20 0.1 297.0 0.0 297 124 124.0 1
30 0.1 451.0 0.0 451 124 210.5 2
40 0.1 606.0 0.0 606 124 290.6666666666667 3
50 0.1 754.0 0.0 754 124 369.5 4
60 0.1 790.0 0.0 790 124 446.4 5
70 0.1 740.0 0.0 790 124 503.6666666666667 6
80 0.1 1143.0 0.0 1143 124 537.4285714285714 7
90 0.1 1074.0 0.0 1143 124 613.125 8
100 0.1 1161.0 0.0 1161 124 664.3333333333334 9
110 0.1 1344.0 0.0 1344 124 714.0 10
120 0.1 1453.0 0.0 1453 124 771.2727272727273 11
130 0.1 1677.0 0.0 1677 124 828.0833333333334 12
140 0.1 1667.0 0.0 1677 124 893.3846153846154 13
150 0.1 2195.0 0.0 2195 124 948.6428571428571 14
160 0.1 2464.0 0.0 2464 124 1031.7333333333333 15
170 0.1 2585.0 0.0 2585 124 1121.25 16
180 0.1 2595.0 0.0 2595 124 1207.3529411764705 17
190 0.1 3421.0 0.0 3421 124 1284.4444444444443 18
200 0.1 3748.0 0.0 3748 124 1396.8947368421052 19
210 0.1 3469.0 0.0 3748 124 1514.45 20
220 0.1 3483.0 0.0 3748 124 1607.5238095238096 21
230 0.1 3576.0 0.0 3748 124 1692.7727272727273 22
240 0.1 3530.0 0.0 3748 124 1774.6521739130435 23
250 0.1 3.7e3 0.0 3748 124 1847.7916666666667 24
260 0.1 3762.0 0.0 3762 124 1921.88 25
270 0.1 4232.0 0.0 4232 124 1992.6538461538462 26
280 0.1 4259.0 0.0 4259 124 2075.5925925925926 27
290 0.1 4566.0 0.0 4566 124 2153.5714285714284 28
300 0.1 4586.0 0.0 4586 124 2236.7586206896553 29
310 0.1 4911.0 0.0 4911 124 2315.0666666666666 30
320 0.1 5069.0 0.0 5069 124 2398.8064516129034 31
330 0.1 5223.0 0.0 5223 124 2482.25 32
340 0.1 5244.0 0.0 5244 124 2565.3030303030305 33
350 0.1 5403.0 0.0 5403 124 2644.0882352941176 34
360 0.1 5904.0 0.0 5904 124 2722.9142857142856 35
370 0.1 5949.0 0.0 5949 124 2811.277777777778 36
380 0.1 5830.0 0.0 5949 124 2896.0810810810813 37
390 0.1 6580.0 0.0 6580 124 2973.2894736842104 38
400 0.1 6295.0 0.0 6580 124 3065.769230769231 39
410 0.1 6497.0 0.0 6580 124 3146.5 40
420 0.1 6124.0 0.0 6580 124 3228.2195121951218 41
430 0.1 5463.0 0.0 6580 124 3297.1666666666665 42
440 0.1 5283.0 0.0 6580 124 3347.5348837209303 43
450 0.1 5361.0 0.0 6580 124 3391.5227272727275 44
460 0.1 4998.0 0.0 6580 124 3435.288888888889 45
470 0.1 4296.0 0.0 6580 124 3469.2608695652175 46
480 0.1 3070.0 0.0 6580 124 3486.851063829787 47
490 0.1 2539.0 0.0 6580 124 3478.1666666666665 48
500 0.1 2.0e3 0.0 6580 124 3459.0 49
510 0.1 1510.0 0.0 6580 124 3429.82 50
520 0.1 1172.0 0.0 6580 124 3392.176470588235 51
530 0.1 631.0 0.0 6580 124 3349.480769230769 52
540 0.1 313.0 0.0 6580 124 3298.188679245283 53
550 0.1 171.0 0.0 6580 124 3242.9074074074074 54
