0 2.4 38.403839111328125 39.01168211243346 131.837890625 5.113037109375 0 0
10 7.7 42.740310470779214 66.78236422375637 538.718017578125 4.54296875 38.403839111328125 24
20 15.4 34.31262365564125 57.20884399732841 588.509033203125 0.369140625 41.70986183090965 101
30 17.4 34.40707222072559 65.04515816613119 732.27099609375 0.369140625 37.242510148590696 255
40 25.6 29.744221687316895 38.239356263929416 732.27099609375 0.369140625 36.09247238763841 429
50 26.9 22.07315052131737 31.440328402861066 732.27099609375 0.369140625 33.71998745437956 685
60 27.1 15.924897478955252 22.481034263700856 732.27099609375 0.369140625 30.43592127514085 954
70 36.5 25.725862184289397 33.30154050583464 732.27099609375 0.369140625 27.22572743941326 1225
80 42.1 26.847952002301067 59.802034290314204 1003.218994140625 0.333984375 26.88141874877162 1590
90 40.3 16.99241528380891 24.418569931785775 1003.218994140625 0.333984375 26.87441253282726 2011
100 45.9 18.497350090209686 25.090585050830658 1003.218994140625 0.333984375 25.224683911719396 2414
110 53.3 19.874398122361633 27.3478654354371 1003.218994140625 0.333984375 24.14990276863796 2873
120 53.9 21.153808140798933 30.639396111733877 1003.218994140625 0.333984375 23.480835247655786 3406
130 56.5 32.676275580752225 63.31028334710688 1003.218994140625 0.333984375 23.162896689836813 3945
140 68.9 38.05005626927611 56.44349506779981 1003.218994140625 0.333984375 24.35470579701358 4510
150 79.4 37.40763981816757 50.155179790690106 1003.218994140625 0.333984375 26.169688769775437 5199
160 76.1 51.404541015625 70.40623882206441 1003.218994140625 0.333984375 27.65858133316996 5993
170 81.4 40.212748159647504 56.937650136471525 1003.218994140625 0.333984375 30.334132905326946 6754
180 84.2 162.41558069514528 136.78412079801592 1003.218994140625 0.333984375 31.396658383262587 7568
190 101.5 124.28676132427653 112.24186864562307 1003.218994140625 0.333984375 44.514129558839905 8410
200 87.8 562.4848335283505 131.18628391786896 1003.218994140625 0.333984375 53.10502836434846 9425
210 87.2 747.289628615073 154.6481802589628 1221.947021484375 0.333984375 96.51330449110705 10303
220 92.6 941.5330103962776 165.33749627152417 1421.52197265625 0.333984375 147.29424002901294 11175
230 99.8 976.9233630835893 426.2685433757544 1740.132080078125 0.333984375 208.0714569003531 12101
240 111 913.6125167159345 513.5882913411245 1740.132080078125 0.333984375 266.6495317435373 13099
250 127.1 803.4810450063928 648.0573703231702 1754.4658203125 0.333984375 317.1899577636204 14209
260 148.5 705.2118879221906 653.2040805569756 1754.4658203125 0.333984375 357.1173461283209 15480
270 154.5 693.9004503564939 653.0102199281557 1768.285888671875 0.333984375 387.5871601314978 16965
280 160.6 648.4173539899201 559.4764446433397 1768.285888671875 0.324951171875 413.15463897523733 18510
290 157.1 667.0911547431962 610.4868480435463 1768.285888671875 0.324951171875 431.9372955825937 20116
300 181.8 567.6218273804919 625.4131499970823 1768.285888671875 0.324951171875 448.9717730456502 21687
310 208.5 510.56503660352877 600.2754190229547 1938.169921875 0.324951171875 458.1487906495958 23505
320 213.4 492.3659805254943 592.0486425978326 1938.169921875 0.324951171875 462.41951643365013 25590
330 233.2 460.4901385822591 604.744464944823 1938.169921875 0.324951171875 464.7245862061215 27724
340 240.7 436.65273780331466 590.8726150647954 1938.169921875 0.324951171875 464.3960417604585 30056
350 246.2 435.41435473494005 568.1003040595351 1938.169921875 0.324951171875 462.33898811092376 32463
360 257.2 406.72241011600266 581.4709174396957 1938.169921875 0.324951171875 460.4409652799525 34925
370 285.1 370.44906700773885 567.0682856747045 1938.169921875 0.324951171875 456.7562938693949 37497
380 302.3 353.2051126099644 585.5307257937516 1938.169921875 0.324951171875 450.65780314414 40348
390 298.9 389.19101843478126 590.0859339862112 3066.558837890625 0.324951171875 443.8652578146615 43371
400 281.3 528.5588060386491 822.734465831588 4753.626953125 0.324951171875 440.3402081704324 46360
410 283.8 659.6276778905952 1255.2869653655177 7181.05419921875 0.324951171875 445.38685807593527 49173
420 288 703.5680211385074 1484.745321751189 8537.682861328125 0.324951171875 457.07698990639426 52011
430 253.3 461.65669394461827 726.6156003392698 8668.097900390625 0.324951171875 470.00978708532136 54891
440 194.9 512.6823165525589 523.3969395104713 8668.097900390625 0.324951171875 469.641328167005 57424
450 173.8 594.5352762132288 350.7992682371923 8668.097900390625 0.324951171875 471.0542075290626 59373
460 153.8 415.443941947232 232.7837876584516 8668.097900390625 0.324951171875 474.56601550754567 61111
470 136.1 23.062382862727308 23.053050463680233 8668.097900390625 0.324951171875 473.1145996966666 62649
480 114.2 15.253182165676977 12.721669736356432 8668.097900390625 0.324951171875 463.5454532021971 64010
490 104.9 13.403816739528725 10.111405384720387 8668.097900390625 0.324951171875 455.68767794550956 65152
500 80.6 12.081320334309094 8.382806131191938 8668.097900390625 0.324951171875 448.6793884875698 66201
510 65.2 9.763416500910658 5.065232378412198 8668.097900390625 0.324951171875 443.42772757256796 67007
520 47 8.528882355385635 3.465841936987875 8668.097900390625 0.324951171875 439.2486955026479 67659
530 23.7 8.470237506592825 3.3055972393033994 8668.097900390625 0.324951171875 436.27729841507556 68129
540 13.4 7.722381136310634 2.395209920909681 8668.097900390625 0.324951171875 434.79424728680556 68366
550 6.2 8.196584393901205 2.4878389747690064 8668.097900390625 0.324951171875 433.9588074318542 68500
556 1.1 7.167036576704546 1.523442318846657 8668.097900390625 0.324951171875 433.57379448257683 68562
