10 0.1 130 0 130 130 0 0
20 0.1 249.0 0.0 249 130 130.0 1
30 0.1 406.0 0.0 406 130 189.5 2
40 0.1 578.0 0.0 578 130 261.6666666666667 3
50 0.1 716.0 0.0 716 130 340.75 4
60 0.1 790.0 0.0 790 130 415.8 5
70 0.1 811.0 0.0 811 130 478.1666666666667 6
80 0.1 1103.0 0.0 1103 130 525.7142857142857 7
90 0.1 1148.0 0.0 1148 130 597.875 8
100 0.1 1302.0 0.0 1302 130 659.0 9
110 0.1 1471.0 0.0 1471 130 723.3 10
120 0.1 1543.0 0.0 1543 130 791.2727272727273 11
130 0.1 1764.0 0.0 1764 130 853.9166666666666 12
140 0.1 1734.0 0.0 1764 130 923.9230769230769 13
150 0.1 2174.0 0.0 2174 130 981.7857142857143 14
160 0.1 2435.0 0.0 2435 130 1061.2666666666667 15
170 0.1 2441.0 0.0 2441 130 1147.125 16
180 0.1 2518.0 0.0 2518 130 1223.235294117647 17
190 0.1 3047.0 0.0 3047 130 1295.1666666666667 18
200 0.1 3255.0 0.0 3255 130 1387.3684210526317 19
210 0.1 2931.0 0.0 3255 130 1480.75 20
220 0.1 2971.0 0.0 3255 130 1549.8095238095239 21
230 0.1 3061.0 0.0 3255 130 1614.409090909091 22
240 0.1 3106.0 0.0 3255 130 1677.304347826087 23
250 0.1 3507.0 0.0 3507 130 1736.8333333333333 24
260 0.1 3546.0 0.0 3546 130 1807.64 25
270 0.1 4175.0 0.0 4175 130 1874.5 26
280 0.1 4088.0 0.0 4175 130 1959.7037037037037 27
290 0.1 4503.0 0.0 4503 130 2035.7142857142858 28
300 0.1 4516.0 0.0 4516 130 2120.793103448276 29
310 0.1 5095.0 0.0 5095 130 2200.633333333333 30
320 0.1 5411.0 0.0 5411 130 2294.0 31
330 0.1 5850.0 0.0 5850 130 2391.40625 32
340 0.1 5892.0 0.0 5892 130 2496.212121212121 33
350 0.1 5998.0 0.0 5998 130 2596.0882352941176 34
360 0.1 6407.0 0.0 6407 130 2693.285714285714 35
370 0.1 6829.0 0.0 6829 130 2796.4444444444443 36
380 0.1 7116.0 0.0 7116 130 2905.4324324324325 37
390 0.1 7817.0 0.0 7817 130 3016.2368421052633 38
400 0.1 7260.0 0.0 7817 130 3139.3333333333335 39
410 0.1 7245.0 0.0 7817 130 3242.35 40
420 0.1 6963.0 0.0 7817 130 3339.9756097560976 41
430 0.1 6342.0 0.0 7817 130 3426.2380952380954 42
440 0.1 5647.0 0.0 7817 130 3494.046511627907 43
450 0.1 5180.0 0.0 7817 130 3542.9772727272725 44
460 0.1 4669.0 0.0 7817 130 3579.3555555555554 45
470 0.1 4563.0 0.0 7817 130 3603.0434782608695 46
480 0.1 3.7e3 0.0 7817 130 3623.468085106383 47
490 0.1 3.3e3 0.0 7817 130 3625.0625 48
500 0.1 2606.0 0.0 7817 130 3618.4285714285716 49
510 0.1 2045.0 0.0 7817 130 3598.18 50
520 0.1 1588.0 0.0 7817 130 3567.725490196078 51
530 0.1 876.0 0.0 7817 130 3529.653846153846 52
540 0.1 451.0 0.0 7817 130 3479.5849056603774 53
550 0.1 251.0 0.0 7817 130 3423.5 54
