20 0.1 28187.93408203125 0 28187.93408203125 28187.93408203125 0 0
30 0.1 22638.91015625 0.0 28187.93408203125 22638.91015625 28187.93408203125 1
40 0 0 0 28187.93408203125 22638.91015625 25413.422119140625 2
50 0.1 40930.981201171875 0.0 40930.981201171875 22638.91015625 25413.422119140625 2
60 0.1 58390.366943359375 0.0 58390.366943359375 22638.91015625 30585.941813151043 3
70 0.1 71927.94604492188 0.0 71927.94604492188 22638.91015625 37537.048095703125 4
80 0.4 48630.13751220703 16065.44270503092 71927.94604492188 22638.91015625 44415.22768554687 5
90 0.6 74815.50390625 11321.917415546837 89426.06201171875 22638.91015625 46288.52094184028 9
100 0.9 80274.90757921006 13790.910997726076 100030.88012695313 22638.91015625 57699.314127604164 15
110 0.5 86277.57758789063 10047.988130222726 105432.42797851563 22638.91015625 66165.16167195638 24
120 0.3 88791.09212239583 10741.135397823662 105432.42797851563 22638.91015625 69632.81958849677 29
130 0.5 112668.04174804688 11372.721034520056 129461.89184570313 22638.91015625 71428.9076385498 32
140 1.1 97515.80690696022 20192.45956159862 139023.69287109375 22638.91015625 77001.76359929265 37
150 0.6 109887.77482096355 35390.12603297207 158359.09301757813 22638.91015625 81702.89852396648 48
160 1.3 96133.31552358773 23961.64968451136 158359.09301757813 22638.91015625 84834.55144585503 54
170 1 101382.62895507812 10665.849541383423 158359.09301757813 22638.91015625 87026.84895347481 67
180 0.5 100283.28481445313 14885.55072383502 158359.09301757813 22638.91015625 88891.23596667005 77
190 1.7 99079.79549632352 21450.905761425754 158359.09301757813 22638.91015625 89585.87309153487 82
200 1.4 111561.40870884487 32990.032406548686 180269.29907226563 22638.91015625 91216.14259538747 99
210 0.9 95210.71234809028 33004.33594374165 180269.29907226563 22638.91015625 93736.7950342229 113
220 1.7 102834.89912683824 23636.937342888104 180269.29907226563 22638.91015625 93845.52663934426 122
230 1.9 102098.92856959293 38034.977373316215 180269.29907226563 22638.91015625 94944.94629608814 139
240 1.8 93794.01264105903 34640.82649275822 180269.29907226563 22638.91015625 95805.2353036615 158
250 2 90127.62774658205 32474.510020192447 180269.29907226563 22638.91015625 95599.54207680443 176
260 3 90365.41890462239 41422.60769821923 180269.29907226563 22638.91015625 95041.18347167969 196
270 3 102214.04794108073 41436.10216783412 180269.29907226563 22638.91015625 94420.50675923846 226
280 3.5 93130.03125 45704.668064574085 201814.56005859375 22638.91015625 95333.8123664856 256
290 3.6 100401.04419623481 43640.64598787794 201814.56005859375 22638.91015625 95068.75278202856 291
300 3.1 83102.00797788559 33062.83324700611 201814.56005859375 22638.91015625 95655.79403863843 327
310 6.2 82604.61271027598 47005.71197807048 248476.18798828125 16687.1220703125 94568.73435181346 358
320 4.4 89529.66648171165 35631.57392083501 248476.18798828125 16687.1220703125 92802.60210949126 420
330 6.5 86973.71653019829 37641.90507388202 248476.18798828125 16687.1220703125 92492.23752409837 464
340 7.6 87796.87928852282 44593.31183860312 248476.18798828125 16687.1220703125 91814.15838496131 529
350 8.2 83162.86265601181 45853.74225969349 248476.18798828125 16687.1220703125 91309.50844887977 605
360 9.9 84380.98368450128 41192.5662546807 248476.18798828125 16687.1220703125 90337.12860169612 687
370 9.9 77483.80401672983 38032.0787596802 248476.18798828125 16687.1220703125 89586.92714266013 786
380 9.2 81264.69785740068 43359.25221490819 248476.18798828125 16687.1220703125 88233.01845399673 885
390 11.1 73224.67124155407 34973.46110756374 248476.18798828125 14105.47900390625 87576.84087478809 977
400 11.6 79974.91394253432 39845.6824878107 248476.18798828125 14105.47900390625 86112.60298022103 1088
410 12 79448.59316609702 34678.56592548423 248476.18798828125 14105.47900390625 85521.2641692811 1204
420 12.2 72659.58061843627 32586.9096490373 248476.18798828125 14105.47900390625 84970.87102699856 1324
430 10.5 73252.86364397324 35561.09321717267 248476.18798828125 14105.47900390625 83932.1591114767 1446
440 10.8 75557.54425953054 31271.2475380969 248476.18798828125 14105.47900390625 83209.18939897646 1551
450 12 80180.57623494469 31019.528242924735 248476.18798828125 14105.47900390625 82711.07145138143 1659
460 10.2 87150.58532954195 27593.07632976964 248476.18798828125 14105.47900390625 82540.38037438739 1779
470 10 93614.3883154297 30652.564197261796 248476.18798828125 14105.47900390625 82790.37553941969 1881
480 8 96292.56680603026 23395.52033862776 248476.18798828125 14105.47900390625 83336.76689610873 1981
490 7.3 103285.16699887627 24926.36166615449 248476.18798828125 14105.47900390625 83839.66063351471 2061
500 5.2 109009.26289719802 20354.655405711546 248476.18798828125 14105.47900390625 84504.85368162689 2134
510 6.7 111120.43915068214 15589.173935916384 248476.18798828125 14105.47900390625 85087.758200936 2186
520 5.3 125973.077747273 18025.801498843226 248476.18798828125 14105.47900390625 85861.92137165637 2253
530 3.1 129745.70610981603 13472.201109338861 248476.18798828125 14105.47900390625 86783.81698653394 2306
540 2 134979.82646484376 12295.755417072109 248476.18798828125 14105.47900390625 87353.7008388325 2337
550 1.5 146578.03287760416 11650.102669403082 248476.18798828125 14105.47900390625 87757.82579111092 2357
556 0.2 161490.9998779297 8639.443969726563 248476.18798828125 14105.47900390625 88129.79168752635 2372
