0 8.36953125 8.36953125
10 35.53828125 43.9078125
20 69.453125 113.3609375
30 76.96328125 190.32421875
40 116.20390625 306.528125
50 122.3703125 428.8984375
60 118.56015625 547.45859375
70 162.74375 710.20234375
80 185.7609375 895.96328125
90 175.31640625 1071.2796875
100 200.3515625 1271.63125
110 233.16484375 1504.79609375
120 235.33515625 1740.13125
130 247.4265625 1987.5578125
140 306.14140625 2293.69921875
150 352.725 2646.42421875
160 341.6703125 2988.09453125
170 359.4859375 3347.58046875
180 376.30703125 3723.8875
190 452.8234375 4176.7109375
200 395.48203125 4572.19296875
210 387.27578125 4959.46875
220 406.39296875 5365.86171875
230 436.58671875 5802.4484375
240 481.8703125 6284.31875
250 547.45078125 6831.76953125
260 637.11171875 7468.88125
270 656.90546875 8125.78671875
280 665.884375 8791.67109375
290 653.421875 9445.09296875
300 731.98125 10177.07421875
310 817.19453125 10994.26875
320 845.096875 11839.365625
330 913.8734375 12753.2390625
340 958.46640625 13711.70546875
350 969.88828125 14681.59375
360 960.96640625 15642.56015625
370 1055.65625 16698.21640625
380 1116.29296875 17814.509375
390 1109.4796875 18923.9890625
400 1033.2078125 19957.196875
410 1011.878125 20969.075
420 1007.76640625 21976.84140625
430 929.16328125 22906.0046875
440 741.590625 23647.5953125
450 642.9359375 24290.53125
460 563.0125 24853.54375
470 525.26015625 25378.80390625
480 455.00234375 25833.80625
490 433.84140625 26267.64765625
500 341.00078125 26608.6484375
510 277.615625 26886.2640625
520 204.4140625 27090.678125
530 103.16015625 27193.83828125
540 58.66015625 27252.4984375
550 27.259375 27279.7578125
556 4.93046875 27284.68828125
