0 85.7046875 85.7046875
10 262.30234375 348.00703125
20 534.87265625 882.8796875
30 556.703125 1439.5828125
40 845.625 2285.2078125
50 805.4828125 3090.690625
60 761.31796875 3852.00859375
70 1114.77734375 4966.7859375
80 1307.02421875 6273.81015625
90 1135.89375 7409.70390625
100 1374.06484375 8783.76875
110 1659.89921875 10443.66796875
120 1724.4578125 12168.12578125
130 1745.41171875 13913.5375
140 2245.66015625 16159.19765625
150 2719.909375 18879.10703125
160 2566.5203125 21445.62734375
170 2667.89609375 24113.5234375
180 3395.71640625 27509.23984375
190 3604.48984375 31113.7296875
200 3448.13828125 34561.86796875
210 3248.89609375 37810.7640625
220 3634.315625 41445.0796875
230 3704.90859375 45149.98828125
240 3660.14765625 48810.1359375
250 3077.54609375 51887.68203125
260 3278.6671875 55166.34921875
270 3104.7890625 58271.13828125
280 3148.8 61419.93828125
290 3481.18125 64901.11953125
300 3167.0515625 68068.17109375
310 2992.9640625 71061.13515625
320 2731.33125 73792.46640625
330 2870.10703125 76662.5734375
340 2855.50078125 79518.07421875
350 3097.2140625 82615.28828125
360 3021.86328125 85637.1515625
370 3039.071875 88676.2234375
380 2938.06796875 91614.29140625
390 3172.559375 94786.85078125
400 3056.90390625 97843.7546875
410 3147.4640625 100991.21875
420 3155.7234375 104146.9421875
430 2947.421875 107094.3640625
440 3052.38046875 110146.74453125
450 3697.40078125 113844.1453125
460 3813.39765625 117657.54296875
470 3032.84765625 120690.390625
480 2341.93828125 123032.32890625
490 1931.4640625 124963.79296875
500 1467.60078125 126431.39375
510 1059.3828125 127490.7765625
520 632.2296875 128123.00625
530 336.49609375 128459.50234375
540 154.58046875 128614.0828125
550 56.27890625 128670.36171875
556 2.12421875 128672.4859375
