0 1.1 11
10 0.7 18
20 0.8 26
30 1.6 42
40 0.8 50
50 0.4 54
60 1.7 71
70 1.1 82
80 1 92
90 2.1 113
100 1.6 129
110 1.4 143
120 2.6 169
130 1.6 185
140 1.8 203
150 1.9 222
160 1.1 233
170 2.5 258
180 4.9 307
190 4.5 352
200 3.2 384
210 3.6 420
220 3.7 457
230 3.9 496
240 6 556
250 6.3 619
260 4.8 667
270 6.6 733
280 6 793
290 5.9 852
300 11.1 963
310 10.8 1071
320 10.2 1173
330 9.5 1268
340 10 1368
350 8.3 1451
360 14.8 1599
370 15.3 1752
380 14.7 1899
390 15.7 2056
400 15.6 2212
410 14.4 2356
420 1.8 2374
430 0 2374
440 0 2374
450 0 2374
460 0 2374
470 0 2374
480 0 2374
490 0 2374
500 0 2374
510 0 2374
520 0 2374
530 0 2374
540 0 2374
550 0 2374
556 0 2374
