0 11 11
10 18 18
20 25 26
30 40 40
40 48 48
50 51 51
60 67 67
70 77 77
80 83 83
90 98 98
100 105 108
110 114 114
120 137 137
130 148 150
140 155 155
150 168 169
160 166 171
170 181 181
180 225 225
190 253 253
200 271 271
210 298 298
220 318 323
230 338 339
240 380 380
250 423 423
260 441 441
270 477 477
280 502 502
290 525 529
300 605 606
310 651 653
320 709 709
330 739 741
340 763 764
350 764 773
360 813 816
370 867 868
380 922 923
390 968 975
400 1008 1012
410 1032 1034
420 928 1036
430 823 1036
440 715 1036
450 595 1036
460 493 1036
470 393 1036
480 313 1036
490 240 1036
500 188 1036
510 121 1036
520 68 1036
530 37 1036
540 17 1036
550 2 1036
556 0 1036
