0 2.5 25
10 2.4 49
20 4.4 93
30 4.9 142
40 3.3 175
50 4.1 216
60 6.2 278
70 8.9 367
80 8.3 450
90 6.3 513
100 5.7 570
110 3 600
120 6.7 667
130 11 777
140 10.3 880
150 10.7 987
160 5.3 1040
170 3.8 1078
180 7.5 1153
190 11.5 1268
200 12.2 1390
210 11.7 1507
220 12.3 1630
230 9.8 1728
240 11.3 1841
250 8.8 1929
260 10.4 2033
270 11.4 2147
280 11.1 2258
290 8.9 2347
300 7.4 2421
310 3.3 2454
320 4.2 2496
330 7.9 2575
340 12.3 2698
350 8.4 2782
360 10.4 2886
370 7.2 2958
380 10.7 3065
390 7.2 3137
400 6.7 3204
410 7.3 3277
420 10 3377
430 9.4 3471
440 7 3541
450 8.2 3623
452 0.1 3624
