0 0.9 13.91748046875 34.1344172785709 110.329833984375 0.7568359375 0 0
10 0.7 1.1322544642857142 0.7593887264426848 110.329833984375 0.7568359375 13.91748046875 9
20 1.3 2.7122333233173075 3.9504540710164147 110.329833984375 0.75390625 8.323944091796875 16
30 1.1 2.6604447798295454 4.070368614226899 110.329833984375 0.694091796875 5.808349609375 29
40 0.6 2.7996012369791665 4.460719149260518 110.329833984375 0.656982421875 4.94267578125 40
50 1.1 2.128684303977273 2.143077449046405 110.329833984375 0.656982421875 4.663144318953805 46
60 2.2 2.2648481889204546 2.266870367607746 110.329833984375 0.616943359375 4.174038000274122 57
70 2.2 3.0767378373579546 2.8364374930778453 110.329833984375 0.594970703125 3.6423648882515822 79
80 2 3.13909912109375 3.373735194280637 110.329833984375 0.535888671875 3.519158995977723 101
90 1.1 2.0966131036931817 2.137540233855266 110.329833984375 0.535888671875 3.456339181947314 121
100 1.7 3.4422104779411766 3.8061124515769773 110.329833984375 0.535888671875 3.3430286754261362 132
110 0.1 0.746826171875 0.0 110.329833984375 0.535888671875 3.354344720008389 149
120 2.7 1.7236508969907407 2.3567375699930895 110.329833984375 0.535888671875 3.336961263020833 150
130 2.8 4.655465262276786 3.595235387506709 110.329833984375 0.535888671875 3.0908630715925143 177
140 2.8 2.885419573102678 3.2791791330510534 110.329833984375 0.535888671875 3.304564834222561 205
150 2.3 2.252982761548913 2.3904154404172253 110.329833984375 0.535888671875 3.2541954466201717 233
160 1.1 5.305242365056818 3.664834015557572 110.329833984375 0.535888671875 3.164242744445801 256
170 0.3 3.2932942708333335 3.1956798732970517 110.329833984375 0.535888671875 3.2524487213249063 267
180 3.3 2.059577710700758 2.8854818670508675 110.329833984375 0.535888671875 3.252902560763889 270
190 3.4 3.9272748161764706 3.8255922150929416 110.329833984375 0.535888671875 3.122936487984736 303
200 5.3 2.559058999115566 3.1235874057650492 110.329833984375 0.51904296875 3.2040863489892435 337
210 4 3.67376708984375 3.8257440943215566 110.329833984375 0.51904296875 3.1164287860576922 390
220 4.3 4.377061001090118 3.4673548718695275 110.329833984375 0.492919921875 3.1682742096656975 430
230 3.2 4.267616271972655 4.0688003593640225 110.329833984375 0.492919921875 3.2781639179770083 473
240 4 3.175103759765625 3.169083882545268 110.329833984375 0.492919921875 3.3408618889232673 505
250 5.8 2.625585095635776 2.9902244713045705 110.329833984375 0.492919921875 3.3286961546731653 545
260 6.4 3.1671142578125 3.186123821150216 110.329833984375 0.492919921875 3.2610668985800166 603
270 5.9 2.854984606726695 3.142852147117257 110.329833984375 0.492919921875 3.252051952539355 667
280 6.2 2.592218214465726 2.878637586459617 110.329833984375 0.492919921875 3.2197833941330924 726
290 6.1 3.4407098488729506 3.7652946678716295 110.329833984375 0.489013671875 3.1704064383724617 788
300 9.3 3.5050481980846775 3.475810594751107 110.329833984375 0.489013671875 3.189827531470848 849
310 10.6 3.579693488354952 3.7655313399907704 110.329833984375 0.489013671875 3.220948043142914 942
320 8.6 3.2602482285610463 3.553122142486371 110.329833984375 0.489013671875 3.25723336489146 1048
330 10 3.3350390625 3.6704838544877347 110.329833984375 0.489013671875 3.25746200534612 1134
340 10.7 3.609790267231308 3.2500568540577284 110.329833984375 0.489013671875 3.2637486388269856 1234
350 9.2 2.7229056980298916 3.2226688984816465 110.329833984375 0.489013671875 3.2913597158137584 1341
360 13.9 3.296848653889389 3.4154803379590786 110.329833984375 0.489013671875 3.254864412508723 1433
370 16.3 3.2497348902415646 3.2397884066294256 110.329833984375 0.489013671875 3.258576759551924 1572
380 15.6 3.521720690604968 3.5550079620900483 110.329833984375 0.489013671875 3.2577460824927953 1735
390 15.5 2.502362651209677 2.669171229325894 110.329833984375 0.489013671875 3.2795229406977127 1891
400 16 3.3326156616210936 3.4314536009611247 110.329833984375 0.489013671875 3.2206471611910437 2046
410 14.6 2.8738093964041083 3.0954231654736337 110.329833984375 0.489013671875 3.228768176634746 2206
420 3.5 3.8612513950892864 3.1997148506868474 110.329833984375 0.489013671875 3.206734170719069 2352
430 0 0 0 110.329833984375 0.489013671875 3.2163311974693656 2387
440 0 0 0 110.329833984375 0.489013671875 3.2163311974693656 2387
450 0 0 0 110.329833984375 0.489013671875 3.2163311974693656 2387
452 0 0 0 110.329833984375 0.489013671875 3.2163311974693656 2387
