0 0.1 4.01001902832881 0 4.01001902832881 4.01001902832881 0 0
10 0.1 2.455795677799607 0.0 4.01001902832881 2.455795677799607 4.01001902832881 1
20 0.1 1.673228346456693 0.0 4.01001902832881 1.673228346456693 3.2329073530642085 2
30 0.1 2.06286836935167 0.0 4.01001902832881 1.673228346456693 2.7130143508617035 3
40 0.1 1.678183613030602 0.0 4.01001902832881 1.673228346456693 2.5504778554841954 4
50 0.1 2.446183953033268 0.0 4.01001902832881 1.673228346456693 2.3760190069934763 5
60 0.1 2.73972602739726 0.0 4.01001902832881 1.673228346456693 2.387713164666775 6
70 0.1 1.6848364717542121 0.0 4.01001902832881 1.673228346456693 2.4380007164854156 7
80 0.1 2.0792079207920793 0.0 4.01001902832881 1.673228346456693 2.3438551858940153 8
90 0.1 2.357563850687623 0.0 4.01001902832881 1.673228346456693 2.3144499342160225 9
100 0.1 2.5540275049115913 0.0 4.01001902832881 1.673228346456693 2.3187613258631825 10
110 0.1 1.678183613030602 0.0 4.01001902832881 1.673228346456693 2.3401491603221287 11
120 0.1 1.282051282051282 0.0 4.01001902832881 1.282051282051282 2.2849853647145015 12
130 0.1 2.263779527559055 0.0 4.01001902832881 1.282051282051282 2.2078365891250233 13
140 0.1 2.6522593320235757 0.0 4.01001902832881 1.282051282051282 2.2118325132988828 14
150 0.1 2.8543307086614176 0.0 4.01001902832881 1.282051282051282 2.241194301213862 15
160 0.1 2.559055118110236 0.0 4.01001902832881 1.282051282051282 2.279515326679334 16
170 0.1 1.4792899408284024 0.0 4.01001902832881 1.282051282051282 2.2959588438223286 17
180 0.1 1.4807502467917077 0.0 4.01001902832881 1.282051282051282 2.250588349211555 18
190 0.1 3.045186640471513 0.0 4.01001902832881 1.282051282051282 2.2100705543473524 19
200 0.1 3.045186640471513 0.0 4.01001902832881 1.282051282051282 2.2518263586535605 20
210 0.1 4.368932038834951 0.0 4.368932038834951 1.282051282051282 2.2896054196925104 21
220 0.1 4.1910331384015596 0.0 4.368932038834951 1.282051282051282 2.3841202660171668 22
230 0.1 3.3235581622678394 0.0 4.368932038834951 1.282051282051282 2.4626816952512707 23
240 0.1 6.130268199233716 0.0 6.130268199233716 1.282051282051282 2.498551548043628 24
250 0.1 3.3106134371957157 0.0 6.130268199233716 1.282051282051282 2.6438202140912312 25
260 0.1 4.305283757338552 0.0 6.130268199233716 1.282051282051282 2.6694661072875574 26
270 0.1 3.823529411764706 0.0 6.130268199233716 1.282051282051282 2.7300519461783352 27
280 0.1 3.9138943248532287 0.0 6.130268199233716 1.282051282051282 2.76910471280642 28
290 0.1 3.9177277179236047 0.0 6.130268199233716 1.282051282051282 2.8085802166701033 29
300 0.1 4.585365853658536 0.0 6.130268199233716 1.282051282051282 2.8455518000452202 30
310 0.1 5.658536585365854 0.0 6.130268199233716 1.282051282051282 2.9016748340327463 31
320 0.1 5.571847507331378 0.0 6.130268199233716 1.282051282051282 2.987826763761906 32
330 0.1 5.3501945525291825 0.0 6.130268199233716 1.282051282051282 3.0661304226579507 33
340 0.1 5.680705190989226 0.0 6.130268199233716 1.282051282051282 3.1333087794188694 34
350 0.1 6.956521739130435 0.0 6.956521739130435 1.282051282051282 3.2060915340351652 35
360 0.1 5.463414634146342 0.0 6.956521739130435 1.282051282051282 3.310270150843367 36
370 0.1 8.817829457364342 0.0 8.817829457364342 1.282051282051282 3.3684632449866907 37
380 0.1 9.33589990375361 0.0 9.33589990375361 1.282051282051282 3.511867618996629 38
390 0.1 7.468477206595538 0.0 9.33589990375361 1.282051282051282 3.661201780144244 39
400 0.1 8.405797101449275 0.0 9.33589990375361 1.282051282051282 3.7563836658055267 40
410 0.1 7.744433688286543 0.0 9.33589990375361 1.282051282051282 3.869783993504155 41
420 0.1 6.73828125 0.0 9.33589990375361 1.282051282051282 3.96203755766564 42
430 0.1 2.9440628066732093 0.0 9.33589990375361 1.282051282051282 4.026601364464113 43
440 0.1 1.968503937007874 0.0 9.33589990375361 1.282051282051282 4.001998215423411 44
450 0.1 1.6798418972332017 0.0 9.33589990375361 1.282051282051282 3.9568094536808434 45
