0 0.3 3
10 0.7 10
20 0.9 19
30 1.3 32
40 1.1 43
50 0.9 52
60 1 62
70 2 82
80 2.3 105
90 1.9 124
100 1.3 137
110 1.3 150
120 0.4 154
130 3 184
140 2.4 208
150 3.3 241
160 1.2 253
170 1.5 268
180 0.9 277
190 2.8 305
200 2 325
210 1.8 343
220 2.6 369
230 1.4 383
240 3.4 417
250 4.8 465
260 6.1 526
270 6.1 587
280 6.2 649
290 5.8 707
300 7.3 780
310 10.5 885
320 9.2 977
330 9.4 1071
340 9.8 1169
350 10.6 1275
360 9.7 1372
370 16.5 1537
380 16.3 1700
390 14.6 1846
400 16.6 2012
410 15.6 2168
420 9.4 2262
430 2.9 2291
440 3.2 2323
450 6.3 2386
452 0.1 2387
