0 0.1 3162.1796875 0 3162.1796875 3162.1796875 0 0
10 0.1 3160.03125 0.0 3162.1796875 3160.03125 3162.1796875 1
20 0.1 3159.859375 0.0 3162.1796875 3159.859375 3161.10546875 2
30 0.1 3159.69921875 0.0 3162.1796875 3159.69921875 3160.6901041666665 3
40 0.1 3159.3125 0.0 3162.1796875 3159.3125 3160.4423828125 4
50 0.1 3159.95703125 0.0 3162.1796875 3159.3125 3160.21640625 5
60 0.1 3159.84765625 0.0 3162.1796875 3159.3125 3160.1731770833335 6
70 0.1 3157.88671875 0.0 3162.1796875 3157.88671875 3160.1266741071427 7
80 0.1 3157.29296875 0.0 3162.1796875 3157.29296875 3159.8466796875 8
90 0.1 3157.15234375 0.0 3162.1796875 3157.15234375 3159.562934027778 9
100 0.1 3157.12890625 0.0 3162.1796875 3157.12890625 3159.321875 10
110 0.1 3157.13671875 0.0 3162.1796875 3157.12890625 3159.1225142045455 11
120 0.1 3156.99609375 0.0 3162.1796875 3156.99609375 3158.95703125 12
130 0.1 3156.82421875 0.0 3162.1796875 3156.82421875 3158.806189903846 13
140 0.1 3156.73828125 0.0 3162.1796875 3156.73828125 3158.664620535714 14
150 0.1 3156.265625 0.0 3162.1796875 3156.265625 3158.536197916667 15
160 0.1 3156.79296875 0.0 3162.1796875 3156.265625 3158.394287109375 16
170 0.1 3156.87890625 0.0 3162.1796875 3156.265625 3158.300091911765 17
180 0.1 3156.89453125 0.0 3162.1796875 3156.265625 3158.221137152778 18
190 0.1 3156.765625 0.0 3162.1796875 3156.265625 3158.1513157894738 19
200 0.1 3156.16796875 0.0 3162.1796875 3156.16796875 3158.08203125 20
210 0.1 3153.1328125 0.0 3162.1796875 3153.1328125 3157.9908854166665 21
220 0.1 3151.2265625 0.0 3162.1796875 3151.2265625 3157.7700639204545 22
230 0.1 3148.69921875 0.0 3162.1796875 3148.69921875 3157.4855638586955 23
240 0.1 3146.17578125 0.0 3162.1796875 3146.17578125 3157.1194661458335 24
250 0.1 3144.84375 0.0 3162.1796875 3144.84375 3156.68171875 25
260 0.1 3144.6953125 0.0 3162.1796875 3144.6953125 3156.2264122596152 26
270 0.1 3144.6796875 0.0 3162.1796875 3144.6796875 3155.799334490741 27
280 0.1 3144.5625 0.0 3162.1796875 3144.5625 3155.4022042410716 28
290 0.1 3144.5703125 0.0 3162.1796875 3144.5625 3155.028421336207 29
300 0.1 3144.890625 0.0 3162.1796875 3144.5625 3154.6798177083333 30
310 0.1 3147.484375 0.0 3162.1796875 3144.5625 3154.3640372983873 31
320 0.1 3147.44140625 0.0 3162.1796875 3144.5625 3154.1490478515625 32
330 0.1 3147.4765625 0.0 3162.1796875 3144.5625 3153.9457859848485 33
340 0.1 3147.14453125 0.0 3162.1796875 3144.5625 3153.7555147058824 34
350 0.1 3146.38671875 0.0 3162.1796875 3144.5625 3153.5666294642856 35
360 0.1 3146.3984375 0.0 3162.1796875 3144.5625 3153.3671875 36
370 0.1 3145.453125 0.0 3162.1796875 3144.5625 3153.1788429054054 37
380 0.1 3144.77734375 0.0 3162.1796875 3144.5625 3152.9755345394738 38
390 0.1 3144.625 0.0 3162.1796875 3144.5625 3152.765324519231 39
400 0.1 3144.45703125 0.0 3162.1796875 3144.45703125 3152.56181640625 40
410 0.1 3144.42578125 0.0 3162.1796875 3144.42578125 3152.364138719512 41
420 0.1 3144.4375 0.0 3162.1796875 3144.42578125 3152.1751302083335 42
430 0.1 3144.4609375 0.0 3162.1796875 3144.42578125 3151.9951853197676 43
440 0.1 3146.78125 0.0 3162.1796875 3144.42578125 3151.8239524147725 44
450 0.1 3146.8671875 0.0 3162.1796875 3144.42578125 3151.711892361111 45
