0 0.1 0.0390625 0 0.0390625 0.0390625 0 0
10 0.1 0.03125 0.0 0.0390625 0.03125 0.0390625 1
20 0.1 0.03125 0.0 0.0390625 0.03125 0.03515625 2
30 0.1 0.01953125 0.0 0.0390625 0.01953125 0.033854166666666664 3
40 0.1 0.01953125 0.0 0.0390625 0.01953125 0.0302734375 4
50 0.1 0.01953125 0.0 0.0390625 0.01953125 0.028125 5
60 0.1 0.01171875 0.0 0.0390625 0.01171875 0.026692708333333332 6
70 0.1 0.01171875 0.0 0.0390625 0.01171875 0.024553571428571428 7
80 0.1 0.01171875 0.0 0.0390625 0.01171875 0.02294921875 8
90 0.1 0.01171875 0.0 0.0390625 0.01171875 0.021701388888888888 9
100 0.1 0.01171875 0.0 0.0390625 0.01171875 0.020703125 10
110 0.1 0.01171875 0.0 0.0390625 0.01171875 0.019886363636363636 11
120 0.1 0.01171875 0.0 0.0390625 0.01171875 0.019205729166666668 12
130 0.1 0.0 0.0 0.0390625 0.0 0.018629807692307692 13
140 0.1 0.0 0.0 0.0390625 0.0 0.017299107142857144 14
150 0.1 0.0 0.0 0.0390625 0.0 0.016145833333333335 15
160 0.1 0.0 0.0 0.0390625 0.0 0.015136718750000002 16
170 0.1 0.0 0.0 0.0390625 0.0 0.014246323529411766 17
180 0.1 0.0 0.0 0.0390625 0.0 0.013454861111111112 18
190 0.1 0.0 0.0 0.0390625 0.0 0.01274671052631579 19
200 0.1 0.0 0.0 0.0390625 0.0 0.012109375 20
210 0.1 0.0 0.0 0.0390625 0.0 0.011532738095238096 21
220 0.1 0.0 0.0 0.0390625 0.0 0.011008522727272728 22
230 0.1 0.0 0.0 0.0390625 0.0 0.010529891304347826 23
240 0.1 0.0 0.0 0.0390625 0.0 0.010091145833333334 24
250 0.1 0.0 0.0 0.0390625 0.0 0.0096875 25
260 0.1 0.078125 0.0 0.078125 0.0 0.009314903846153846 26
270 0.1 0.0703125 0.0 0.078125 0.0 0.011863425925925927 27
280 0.1 0.05859375 0.0 0.078125 0.0 0.013950892857142858 28
290 0.1 0.05078125 0.0 0.078125 0.0 0.015490301724137932 29
300 0.1 0.0390625 0.0 0.078125 0.0 0.016666666666666666 30
310 0.1 0.0390625 0.0 0.078125 0.0 0.017389112903225805 31
320 0.1 0.03125 0.0 0.078125 0.0 0.01806640625 32
330 0.1 0.03125 0.0 0.078125 0.0 0.018465909090909092 33
340 0.1 0.01953125 0.0 0.078125 0.0 0.01884191176470588 34
350 0.1 0.01953125 0.0 0.078125 0.0 0.018861607142857142 35
360 0.1 0.01953125 0.0 0.078125 0.0 0.018880208333333332 36
370 0.1 0.01171875 0.0 0.078125 0.0 0.018897804054054054 37
380 0.1 0.01171875 0.0 0.078125 0.0 0.01870888157894737 38
390 0.1 0.01171875 0.0 0.078125 0.0 0.018529647435897436 39
400 0.1 0.01171875 0.0 0.078125 0.0 0.018359375 40
410 0.1 0.01171875 0.0 0.078125 0.0 0.018197408536585365 41
420 0.1 0.01171875 0.0 0.078125 0.0 0.01804315476190476 42
430 0.1 0.0 0.0 0.078125 0.0 0.017896075581395346 43
440 0.1 0.0 0.0 0.078125 0.0 0.01748934659090909 44
450 0.1 0.0 0.0 0.078125 0.0 0.017100694444444443 45
