0 2.5 76.360947265625 104.55151604365695 433.822021484375 5.858154296875 0 0
10 2.4 95.50528971354167 119.53028763281146 433.822021484375 5.858154296875 76.360947265625 25
20 4.4 254.0209073153409 507.6284758045546 2168.2060546875 5.858154296875 85.73776805644133 49
30 4.9 340.86002770248723 1102.425256007161 7823.677001953125 5.547119140625 165.35559738323252 93
40 3.3 132.45986476089018 151.65981387856746 7823.677001953125 5.033203125 225.91698531029928 142
50 4.1 204.6836175685976 698.6068459608092 7823.677001953125 5.033203125 208.293642578125 175
60 6.2 170.6922174269154 210.71671487925946 7823.677001953125 4.599853515625 207.6084063494647 216
70 8.8 654.8908691406248 528.8152061816684 7823.677001953125 4.599853515625 199.3752994674573 278
80 8.4 986.2769949776788 2614.683342414655 17918.77001953125 4.599853515625 308.8981686784921 366
90 6.3 272.83241877480157 717.6651535027095 17918.77001953125 4.599853515625 435.34221625434026 450
100 5.7 84.63221285635964 70.55101806209626 17918.77001953125 4.599853515625 415.3848727042215 513
110 3 294.75244140625 926.9098205958506 17918.77001953125 4.599853515625 382.3096067194353 570
120 6.7 101.12774749300372 153.95166770288884 17918.77001953125 4.599853515625 377.93174845377604 600
130 11 428.9872469815341 531.1446276489612 17918.77001953125 4.599853515625 350.12684880704177 667
140 10.3 145.30408070388341 153.1775673790717 17918.77001953125 4.599853515625 361.2911265408824 777
150 10.7 236.98264548043218 246.86027679682095 17918.77001953125 4.599853515625 336.0108245849609 880
160 5.3 249.517333984375 353.2998418884165 17918.77001953125 4.599853515625 325.2752469110151 987
170 3.8 1049.3688643606085 2357.392852851418 17918.77001953125 4.599853515625 321.4145071176382 1040
180 7.5 205.50827473958336 311.62007915673814 17918.77001953125 4.597900390625 347.0752358516205 1078
190 11.5 1310.4095533288043 685.3723215451336 17918.77001953125 4.597900390625 337.8666304020084 1153
200 12.2 1829.4237180616035 655.3909887074135 17918.77001953125 4.597900390625 426.07044438984866 1268
210 11.7 3504.9600673577725 2519.7665325054722 27811.5380859375 4.597900390625 549.2424583380171 1390
220 12.2 5254.50117867892 645.920214644816 27811.5380859375 4.597900390625 778.717548089385 1507
230 10.1 6553.059826539295 1440.532379758613 27811.5380859375 0.787109375 1113.9204964822168 1629
240 14.4 7771.147177802191 4428.215042243439 29499.660888671875 0.658935546875 1431.465625 1730
250 20.1 4360.626715057529 4986.582882051372 29499.660888671875 0.618896484375 1918.61298017797 1874
260 26.6 4456.980029113311 5585.305004601702 29499.660888671875 0.593994140625 2155.1646720867852 2075
270 24.1 4489.243604731265 5043.344740630003 34804.610107421875 0.590087890625 2416.7122521675437 2341
280 23.5 4162.857106050536 4416.402012156552 34804.610107421875 0.590087890625 2610.1592142000213 2582
290 23.4 4097.530225444045 5237.985779319222 34804.610107421875 0.590087890625 2739.688502302567 2817
300 32.5 2979.3190129206732 5671.795039597365 34804.610107421875 0.55322265625 2843.829755404863 3051
310 40.8 1279.7921962364037 4422.9655219852975 34804.610107421875 0.55322265625 2856.8730044251947 3376
320 36.2 2560.524469365073 6993.160432865441 34929.588134765625 0.55322265625 2686.828350688137 3784
330 39.2 4533.548697958189 9234.665841824644 40034.9990234375 0.55322265625 2675.800370698038 4146
340 45.4 2569.466617264936 5194.659299330895 46091.2509765625 0.55322265625 2836.2757660893953 4538
350 36.8 2682.8022573719836 4933.905353691926 46091.2509765625 0.55322265625 2812.0106712243505 4992
360 46.4 2496.058845783103 4652.627704084889 46091.2509765625 0.55322265625 2803.1396457956803 5360
370 65.8 1376.3701272054277 4066.2291075094204 46091.2509765625 0.55322265625 2778.6744172232493 5824
380 65.6 1828.9252103479896 4165.899387163613 46091.2509765625 0.55322265625 2636.3238737441184 6482
390 59.7 1545.4094598153524 4279.169905776876 46091.2509765625 0.55322265625 2562.1219231714285 7138
400 64.6 1505.040793782049 4413.99812336762 46091.2509765625 0.55322265625 2483.650385922097 7735
410 60.1 1865.1128928998528 5086.14659056409 46091.2509765625 0.55322265625 2408.2200319640406 8381
420 31.7 3968.9835848161483 6249.22725213185 46091.2509765625 0.55322265625 2371.8798637857312 8982
430 9.6 10673.016840616861 1658.2596307518895 46091.2509765625 0.55322265625 2426.324629843011 9299
440 7 11900.564393833705 2794.8968473534433 46091.2509765625 0.55322265625 2510.5909898466602 9395
450 8.2 7714.640488043058 4109.280733330773 46091.2509765625 0.55322265625 2580.0361180325126 9465
452 0.1 82.3388671875 0.0 46091.2509765625 0.55322265625 2624.137674368625 9547
