10 0.1 311 0 311 311 0 0
20 0.1 333.0 0.0 333 311 311.0 1
30 0.1 554.0 0.0 554 311 322.0 2
40 0.1 825.0 0.0 825 311 399.3333333333333 3
50 0.1 403.0 0.0 825 311 505.75 4
60 0.1 769.0 0.0 825 311 485.2 5
70 0.1 785.0 0.0 825 311 532.5 6
80 0.1 900.0 0.0 900 311 568.5714285714286 7
90 0.1 1552.0 0.0 1552 311 610.0 8
100 0.1 1006.0 0.0 1552 311 714.6666666666666 9
110 0.1 811.0 0.0 1552 311 743.8 10
120 0.1 228.0 0.0 1552 228 749.9090909090909 11
130 0.1 885.0 0.0 1552 228 706.4166666666666 12
140 0.1 1226.0 0.0 1552 228 720.1538461538462 13
150 0.1 987.0 0.0 1552 228 756.2857142857143 14
160 0.1 992.0 0.0 1552 228 771.6666666666666 15
170 0.1 501.0 0.0 1552 228 785.4375 16
180 0.1 1035.0 0.0 1552 228 768.7058823529412 17
190 0.1 1044.0 0.0 1552 228 783.5 18
200 0.1 1215.0 0.0 1552 228 797.2105263157895 19
210 0.1 1369.0 0.0 1552 228 818.1 20
220 0.1 1538.0 0.0 1552 228 844.3333333333334 21
230 0.1 1275.0 0.0 1552 228 875.8636363636364 22
240 0.1 1243.0 0.0 1552 228 893.2173913043479 23
250 0.1 1696.0 0.0 1696 228 907.7916666666666 24
260 0.1 1357.0 0.0 1696 228 939.32 25
270 0.1 1885.0 0.0 1885 228 955.3846153846154 26
280 0.1 1478.0 0.0 1885 228 989.8148148148148 27
290 0.1 1327.0 0.0 1885 228 1007.25 28
300 0.1 1130.0 0.0 1885 228 1018.2758620689655 29
310 0.1 1943.0 0.0 1943 228 1022.0 30
320 0.1 1481.0 0.0 1943 228 1051.7096774193549 31
330 0.1 1454.0 0.0 1943 228 1065.125 32
340 0.1 2405.0 0.0 2405 228 1076.909090909091 33
350 0.1 2040.0 0.0 2405 228 1115.9705882352941 34
360 0.1 1624.0 0.0 2405 228 1142.3714285714286 35
370 0.1 2311.0 0.0 2405 228 1155.75 36
380 0.1 2261.0 0.0 2405 228 1186.972972972973 37
390 0.1 1844.0 0.0 2405 228 1215.2368421052631 38
400 0.1 2158.0 0.0 2405 228 1231.3589743589744 39
410 0.1 2126.0 0.0 2405 228 1254.525 40
420 0.1 2384.0 0.0 2405 228 1275.780487804878 41
430 0.1 1095.0 0.0 2405 228 1302.1666666666667 42
440 0.1 850.0 0.0 2405 228 1297.3488372093022 43
450 0.1 1396.0 0.0 2405 228 1287.1818181818182 44
