10 0.1 224 0 224 224 0 0
20 0.1 214.0 0.0 224 214 224.0 1
30 0.1 404.0 0.0 404 214 219.0 2
40 0.1 546.0 0.0 546 214 280.6666666666667 3
50 0.1 304.0 0.0 546 214 347.0 4
60 0.1 499.0 0.0 546 214 338.4 5
70 0.1 618.0 0.0 618 214 365.1666666666667 6
80 0.1 715.0 0.0 715 214 401.2857142857143 7
90 0.1 961.0 0.0 961 214 440.5 8
100 0.1 717.0 0.0 961 214 498.3333333333333 9
110 0.1 536.0 0.0 961 214 520.2 10
120 0.1 171.0 0.0 961 171 521.6363636363636 11
130 0.1 701.0 0.0 961 171 492.4166666666667 12
140 0.1 918.0 0.0 961 171 508.46153846153845 13
150 0.1 759.0 0.0 961 171 537.7142857142857 14
160 0.1 757.0 0.0 961 171 552.4666666666667 15
170 0.1 380.0 0.0 961 171 565.25 16
180 0.1 559.0 0.0 961 171 554.3529411764706 17
190 0.1 821.0 0.0 961 171 554.6111111111111 18
200 0.1 969.0 0.0 969 171 568.6315789473684 19
210 0.1 1212.0 0.0 1212 171 588.65 20
220 0.1 1147.0 0.0 1212 171 618.3333333333334 21
230 0.1 1055.0 0.0 1212 171 642.3636363636364 22
240 0.1 1005.0 0.0 1212 171 660.304347826087 23
250 0.1 1317.0 0.0 1317 171 674.6666666666666 24
260 0.1 1283.0 0.0 1317 171 700.36 25
270 0.1 1546.0 0.0 1546 171 722.7692307692307 26
280 0.1 1366.0 0.0 1546 171 753.2592592592592 27
290 0.1 1288.0 0.0 1546 171 775.1428571428571 28
300 0.1 1182.0 0.0 1546 171 792.8275862068965 29
310 0.1 1855.0 0.0 1855 171 805.8 30
320 0.1 1613.0 0.0 1855 171 839.6451612903226 31
330 0.1 1546.0 0.0 1855 171 863.8125 32
340 0.1 2051.0 0.0 2051 171 884.4848484848485 33
350 0.1 2033.0 0.0 2051 171 918.7941176470588 34
360 0.1 1676.0 0.0 2051 171 950.6285714285714 35
370 0.1 2450.0 0.0 2450 171 970.7777777777778 36
380 0.1 2690.0 0.0 2690 171 1010.7567567567568 37
390 0.1 2211.0 0.0 2690 171 1054.9473684210527 38
400 0.1 2442.0 0.0 2690 171 1084.5897435897436 39
410 0.1 2364.0 0.0 2690 171 1118.525 40
420 0.1 2328.0 0.0 2690 171 1148.9024390243903 41
430 0.1 861.0 0.0 2690 171 1176.9761904761904 42
440 0.1 651.0 0.0 2690 171 1169.627906976744 43
450 0.1 906.0 0.0 2690 171 1157.840909090909 44
