0 0.3 3254.56201171875 1383.523963241543 5094.989990234375 1759.1728515625 0 0
10 0.7 6262.40398297991 2330.815329625654 10392.75 1759.1728515625 3254.56201171875 3
20 0.9 5237.249321831598 2127.1353978440616 10392.75 1759.1728515625 5360.0513916015625 10
30 1.3 6889.6111403245195 3183.3444334087676 16347.722900390625 1759.1728515625 5301.881990131579 19
40 1.1 6653.310968572443 3731.048662018875 16347.722900390625 1759.1728515625 5946.896957397461 32
50 0.9 4633.852864583333 2326.0376646472732 16347.722900390625 1584.5361328125 6127.607518395712 43
60 1 5838.924780273437 2341.5865009638733 16347.722900390625 1584.5361328125 5869.073059082031 52
70 2 8167.2794921875 3352.738317537852 16347.722900390625 1584.5361328125 5864.2104334677415 62
80 2.3 10303.691406250002 5081.1543617774905 23024.56103515625 1584.5361328125 6425.934594131098 82
90 1.9 8590.820659436678 4102.656289599787 23024.56103515625 1584.5361328125 7275.347991071429 105
100 1.3 5103.948580228365 2842.881044706517 23024.56103515625 1565.159912109375 7476.912351546749 124
110 1.3 9544.25567157452 4066.0146504441786 23024.56103515625 1565.159912109375 7251.740606823107 137
120 0.4 4118.9869384765625 1542.9949651384743 23024.56103515625 1565.159912109375 7450.42524576823 150
130 3 6943.831998697917 2653.968899075701 23024.56103515625 1565.159912109375 7363.89438064377 154
140 2.4 7408.893625895183 4367.322143058784 23024.56103515625 1565.159912109375 7295.405948804772 184
150 3.3 7165.032100793087 3393.0205291509646 23024.56103515625 1565.159912109375 7308.500680776743 208
160 1.2 7511.034077962239 4877.178925347716 23024.56103515625 1565.159912109375 7288.855605509271 241
170 1.5 10410.685872395834 4580.306572644198 23024.56103515625 1565.159912109375 7299.393714874629 253
180 0.9 6726.492431640625 5602.408802884828 23024.56103515625 1565.159912109375 7473.533201303055 268
190 2.8 8928.52778843471 2812.5983738004 23024.56103515625 1565.159912109375 7449.261118534239 277
200 2 10572.85703125 1946.3895382032285 23024.56103515625 1565.159912109375 7585.062648885758 305
210 1.8 14710.567626953125 2993.6057706057704 23024.56103515625 1565.159912109375 7768.926918569711 325
220 2.6 20504.995661808895 3993.763385977008 36227.631103515625 1565.159912109375 8133.211270613156 343
230 1.4 24099.92606026786 2228.692563654808 36227.631103515625 1565.159912109375 9004.935916063263 369
240 3.4 32963.56325396369 4658.727153507665 43053.3662109375 1565.159912109375 9556.711012718262 383
250 4.8 28672.428654988606 9581.619936574743 43168.698974609375 1565.159912109375 11465.183377711895 417
260 6.1 23028.670946465165 14057.14055070722 45794.7939453125 1165.407958984375 13241.41514826949 465
270 6.1 26475.818839651638 12178.479481804705 62286.637939453125 1165.407958984375 14376.439109657202 526
280 6.2 24894.096171717494 10490.04056303759 62286.637939453125 1165.407958984375 15633.785214477746 587
290 5.8 23793.132580987338 9556.923828807998 62286.637939453125 1165.407958984375 16518.437416864286 649
300 7.3 18662.34676998609 12316.435509263692 62286.637939453125 933.538818359375 17115.229948008753 707
310 10.5 13711.598318917411 11957.996306687517 62286.637939453125 341.947021484375 17260.02421468099 780
320 9.2 14739.81627621858 13572.186364812189 62286.637939453125 341.947021484375 16839.024532132767 885
330 9.4 20387.406535696467 14578.166090120905 66094.69897460938 341.947021484375 16641.350878556408 977
340 9.8 17105.15468550702 13152.959741284554 66094.69897460938 341.947021484375 16970.13634239503 1071
350 10.6 20410.939197468302 13242.392879219015 66094.69897460938 341.947021484375 16981.45524541041 1169
360 9.7 17160.780645940722 12310.314673298166 66094.69897460938 341.947021484375 17266.57312691483 1275
370 16.5 12405.371209161933 9592.742654225165 66094.69897460938 341.947021484375 17259.09362935325 1372
380 16.3 12528.208398737059 8864.382989238416 66094.69897460938 341.947021484375 16738.036895890942 1537
390 14.6 12724.430058727527 10178.761381267403 66094.69897460938 341.947021484375 16334.388634105011 1700
400 16.6 12517.662128494456 9268.346460871213 66094.69897460938 341.947021484375 16048.877284156413 1846
410 15.6 11997.65311373197 9465.183988601028 66094.69897460938 341.947021484375 15757.53448304315 2012
420 9.4 15038.226970266789 9675.875470957588 66094.69897460938 341.947021484375 15486.989513664668 2168
430 2.9 26985.25387257543 9313.52119823218 66094.69897460938 341.947021484375 15468.340672338672 2262
440 3.2 32392.06406402588 8629.924799127373 66094.69897460938 341.947021484375 15614.124383734075 2291
450 6.3 39518.424289279516 5964.574996831783 66094.69897460938 341.947021484375 15845.245378038568 2323
452 0.1 38305.405029296875 0.0 66094.69897460938 341.947021484375 16470.312549626236 2386
