0 6.98125 6.98125
10 7.140625 14.121875
20 14.54921875 28.67109375
30 13.9609375 42.63203125
40 10.790625 53.42265625
50 12.45703125 65.8796875
60 20.0296875 85.909375
70 26.4171875 112.3265625
80 24.6984375 137.025
90 20.72265625 157.74765625
100 16.8625 174.61015625
110 10.628125 185.23828125
120 18.6921875 203.93046875
130 34.203125 238.13359375
140 31.2015625 269.33515625
150 33.2921875 302.62734375
160 17.33828125 319.965625
170 12.72109375 332.68671875
180 22.71953125 355.40625
190 36.728125 392.134375
200 41.78515625 433.91953125
210 41.88203125 475.8015625
220 41.83046875 517.63203125
230 36.1375 553.76953125
240 39.47265625 593.2421875
250 48.9921875 642.234375
260 60.78671875 703.02109375
270 63.9828125 767.00390625
280 56.7671875 823.77109375
290 55.296875 879.06796875
300 62.346875 941.41484375
310 68.15390625 1009.56875
320 58.07109375 1067.63984375
330 73.7640625 1141.40390625
340 92.15625 1233.56015625
350 71.5578125 1305.11796875
360 85.36953125 1390.4875
370 109.75078125 1500.23828125
380 115.90703125 1616.1453125
390 98.27578125 1714.42109375
400 102.8921875 1817.31328125
410 98.6515625 1915.96484375
420 71.33046875 1987.2953125
430 25.9375 2013.2328125
440 17.28359375 2030.51640625
450 9.39453125 2039.9109375
452 0.37578125 2040.28671875
