0 208.33984375 208.33984375
10 238.41328125 446.753125
20 387.75390625 834.50703125
30 721.03203125 1555.5390625
40 298.06875 1853.6078125
50 633.67421875 2487.28203125
60 422.440625 2909.72265625
70 650.73046875 3560.453125
80 1447.39765625 5007.85078125
90 840.134375 5847.98515625
100 332.740625 6180.72578125
110 615.1265625 6795.85234375
120 442.8921875 7238.74453125
130 880.121875 8118.86640625
140 639.2296875 8758.09609375
150 739.90546875 9498.0015625
160 449.36796875 9947.36953125
170 1090.5125 11037.88203125
180 519.146875 11557.02890625
190 873.13515625 12430.1640625
200 895.4328125 13325.596875
210 1240.0546875 14565.6515625
220 872.42421875 15438.07578125
230 804.5390625 16242.61484375
240 1276.165625 17518.78046875
250 799.08046875 18317.8609375
260 948.809375 19266.6703125
270 1318.85234375 20585.52265625
280 846.96328125 21432.4859375
290 713.778125 22146.2640625
300 987.80234375 23134.06640625
310 762.35546875 23896.421875
320 861.125 24757.546875
330 1756.30390625 26513.85078125
340 1371.52421875 27885.375
350 818.871875 28704.246875
360 973.63671875 29677.88359375
370 1236.009375 30913.89296875
380 1013.9734375 31927.86640625
390 1215.0421875 33142.90859375
400 689.81640625 33832.725
410 1157.26015625 34989.98515625
420 1562.16875 36552.15390625
430 724.728125 37276.88203125
440 1069.64921875 38346.53125
450 790.590625 39137.121875
452 6.41484375 39143.53671875
