0 0.9 9
10 0.7 16
20 1.4 30
30 1 40
40 0.7 47
50 1.1 58
60 2.1 79
70 2.5 104
80 1.7 121
90 1.2 133
100 1.7 150
110 0 150
120 2.8 178
130 2.8 206
140 2.7 233
150 2.3 256
160 1.1 267
170 0.3 270
180 3.4 304
190 3.3 337
200 5.3 390
210 4 430
220 4.3 473
230 3.6 509
240 3.8 547
250 6.2 609
260 6.2 671
270 5.6 727
280 6.1 788
290 6.2 850
300 9.4 944
310 10.6 1050
320 8.9 1139
330 9.7 1236
340 10.7 1343
350 9.2 1435
360 13.9 1574
370 16.4 1738
380 15.6 1894
390 15.4 2048
400 15.9 2207
410 14.7 2354
420 3.3 2387
430 0 2387
440 0 2387
450 0 2387
452 0 2387
