0 2.2 22
10 4.9 71
20 5 121
30 3.9 160
40 3.9 199
50 2.8 227
60 3.9 266
70 6.8 334
80 5.3 387
90 7 457
100 6.8 525
110 5.6 581
120 4.9 630
130 11.6 746
140 9.7 843
150 6.5 908
160 8.8 996
170 7.3 1069
180 8.2 1151
190 16.1 1312
200 15.1 1463
210 16 1623
220 12.8 1751
230 15.2 1903
240 19 2093
250 17 2263
260 12 2383
270 18.5 2568
280 19 2758
290 18.6 2944
300 19.4 3138
310 24.5 3383
320 17.2 3555
330 15.5 3710
340 12.5 3835
350 19.6 4031
360 15.7 4188
370 12.2 4310
380 20.1 4511
390 20.5 4716
400 20.5 4921
410 20.3 5124
420 20.8 5332
430 18.4 5516
440 15.7 5673
450 10.5 5778
460 4.5 5823
463 0 5823
