0 0.8 16.787811279296875 41.462456557912226 126.487060546875 1.02783203125 0 0
10 1.7 1.1567670036764706 0.12297113853080395 126.487060546875 0.966796875 16.787811279296875 8
20 0.9 1.1384819878472223 0.07912565288051518 126.487060546875 0.966796875 6.158701171875 25
30 1.1 1.2731045809659092 0.21625551239599428 126.487060546875 0.966796875 4.8298196231617645 34
40 0.9 1.2309299045138888 0.07243382071977218 126.487060546875 0.966796875 3.960400390625 45
50 0.6 1.2537841796875 0.1273487480134483 126.487060546875 0.966796875 3.505488642939815 54
60 1.1 6.423273259943182 16.6209681104363 126.487060546875 0.966796875 3.280318196614583 60
70 2 1.16396484375 0.09909283916496284 126.487060546875 0.966796875 3.7672548965669015 71
80 1.2 1.2979736328125 0.13143299832981406 126.487060546875 0.966796875 3.195103236607143 91
90 1.7 1.3073586856617647 0.4065979073777559 126.487060546875 0.927001953125 2.9740784283980584 103
100 1.9 1.1136924342105265 0.11661496903335512 126.487060546875 0.822021484375 2.737959798177083 120
110 0.9 1.1315646701388888 0.12437832441016158 126.487060546875 0.822021484375 2.5159376405125897 139
120 1.9 2.3298468338815788 4.776453466043425 126.487060546875 0.822021484375 2.4317527977195947 148
130 3 1.4283772786458333 1.4463011657405316 126.487060546875 0.822021484375 2.420158706025449 167
140 2 1.1544189453125 0.09973371636222363 126.487060546875 0.822021484375 2.2691260013483503 197
150 1.7 1.1719898897058825 0.11719650885109142 126.487060546875 0.822021484375 2.1663880238335254 217
160 2.2 1.1658158735795454 0.1176876984196092 126.487060546875 0.822021484375 2.0941454243456197 234
170 1.4 1.1974748883928572 0.12753434013758436 126.487060546875 0.822021484375 2.01436710357666 256
180 3 3.1070800781250005 10.327873138919493 126.487060546875 0.745849609375 1.9720097294560186 270
190 4.5 1.1842664930555555 0.09718055195390653 126.487060546875 0.745849609375 2.0855167643229167 300
200 4.4 1.1564497514204541 0.09952390914451546 126.487060546875 0.745849609375 1.9679623811141305 345
210 3 1.2087483723958334 0.10043656666428903 126.487060546875 0.745849609375 1.8761717494778278 389
220 3 1.1312418619791667 0.14363876521789787 126.487060546875 0.745849609375 1.8283848728371122 419
230 4.4 1.0834849964488635 0.12053991119907746 126.487060546875 0.73193359375 1.781805161643931 449
240 5.4 1.8685167100694444 3.6814685558839764 126.487060546875 0.73193359375 1.719480441018002 493
250 5.9 1.129973847987288 0.12824468536714165 126.487060546875 0.73193359375 1.7341933450925502 547
260 5.9 1.2358853614936445 0.41053275985351895 126.487060546875 0.73193359375 1.6753666943842822 606
270 5.3 1.3802697523584904 0.9009231323976884 126.487060546875 0.73193359375 1.636375117481203 665
280 4.7 1.2148073886303192 0.22050430043855868 126.487060546875 0.73193359375 1.6174704038997214 718
290 5.2 1.2006084735576925 0.10919349973027244 126.487060546875 0.73193359375 1.5927316304125816 765
300 8.8 2.174641002308239 4.675056953580722 126.487060546875 0.73193359375 1.567773975386322 817
310 10.8 1.2613095883969914 0.26796629663034416 126.487060546875 0.73193359375 1.6267842498273481 905
320 8.5 1.1719496783088237 0.14279073387320046 126.487060546875 0.73193359375 1.5878195277794915 1013
330 9.3 1.2380896127352155 0.18150899375551302 126.487060546875 0.73193359375 1.5556255958987932 1098
340 8.5 1.2007151884191174 0.3766288253630933 126.487060546875 0.73193359375 1.5308305946945844 1191
350 10.3 1.1162204186893199 0.12593658229646396 126.487060546875 0.73193359375 1.5088401483517828 1276
360 13 1.496099384014423 2.3163998722301624 126.487060546875 0.73193359375 1.4795146718070158 1379
370 16.1 1.1027801703222047 0.1266406387291664 126.487060546875 0.73193359375 1.480943440916998 1509
380 15.5 1.3267105594758062 3.223084272963193 126.487060546875 0.722900390625 1.4444857842907934 1670
390 15.3 1.184090009701798 0.8855231213040153 126.487060546875 0.715087890625 1.4344829569777398 1825
400 13.9 1.0739166479316546 0.17572829996150943 126.487060546875 0.715087890625 1.415114847304727 1978
410 18 1.0564114040798613 0.24574960420129832 126.487060546875 0.701904296875 1.3927121313326642 2117
420 4.6 0.9994586447010868 0.11339727762868844 126.487060546875 0.701904296875 1.366358569771713 2297
430 0 0 0 126.487060546875 0.701904296875 1.3591552421774968 2343
440 0 0 0 126.487060546875 0.701904296875 1.3591552421774968 2343
450 0 0 0 126.487060546875 0.701904296875 1.3591552421774968 2343
460 0 0 0 126.487060546875 0.701904296875 1.3591552421774968 2343
463 0 0 0 126.487060546875 0.701904296875 1.3591552421774968 2343
