0 0.1 7.7842382463317605 0 7.7842382463317605 7.7842382463317605 0 0
10 0.1 2.167487684729064 0.0 7.7842382463317605 2.167487684729064 7.7842382463317605 1
20 0.1 1.1928429423459244 0.0 7.7842382463317605 1.1928429423459244 4.975862965530412 2
30 0.1 1.2871287128712872 0.0 7.7842382463317605 1.1928429423459244 3.714856291135583 3
40 0.1 1.1892963330029733 0.0 7.7842382463317605 1.1892963330029733 3.107924396569509 4
50 0.1 1.0912698412698412 0.0 7.7842382463317605 1.0912698412698412 2.7241987838562016 5
60 0.1 1.0901883052527255 0.0 7.7842382463317605 1.0901883052527255 2.4520439600918085 6
70 0.1 1.4807502467917077 0.0 7.7842382463317605 1.0901883052527255 2.257493152257654 7
80 0.1 1.3902681231380336 0.0 7.7842382463317605 1.0901883052527255 2.1604002890744107 8
90 0.1 1.3958125623130608 0.0 7.7842382463317605 1.0901883052527255 2.074830048414813 9
100 0.1 1.3972055888223553 0.0 7.7842382463317605 1.0901883052527255 2.006928299804638 10
110 0.1 1.4866204162537164 0.0 7.7842382463317605 1.0901883052527255 1.9514989624426122 11
120 0.1 1.2845849802371543 0.0 7.7842382463317605 1.0901883052527255 1.9127590835935377 12
130 0.1 1.3916500994035785 0.0 7.7842382463317605 1.0901883052527255 1.8644379987199697 13
140 0.1 1.8905472636815919 0.0 7.7842382463317605 1.0901883052527255 1.8306674344830844 14
150 0.1 1.4910536779324055 0.0 7.7842382463317605 1.0901883052527255 1.8346594230963182 15
160 0.1 1.2909632571996028 0.0 7.7842382463317605 1.0901883052527255 1.8131840640235737 16
170 0.1 1.3 0.0 7.7842382463317605 1.0901883052527255 1.7824651930339284 17
180 0.1 1.3875123885034688 0.0 7.7842382463317605 1.0901883052527255 1.7556615711987102 18
190 0.1 1.9940179461615155 0.0 7.7842382463317605 1.0901883052527255 1.7362852984252763 19
200 0.1 2.108433734939759 0.0 7.7842382463317605 1.0901883052527255 1.749171930812088 20
210 0.1 2.1 0.0 7.7842382463317605 1.0901883052527255 1.7662796357705486 21
220 0.1 1.710261569416499 0.0 7.7842382463317605 1.0901883052527255 1.7814487432355237 22
230 0.1 2.0895522388059704 0.0 7.7842382463317605 1.0901883052527255 1.7783536487216534 23
240 0.1 2.4875621890547266 0.0 7.7842382463317605 1.0901883052527255 1.7913202566418331 24
250 0.1 2.6078234704112337 0.0 7.7842382463317605 1.0901883052527255 1.819169933938349 25
260 0.1 1.9095477386934674 0.0 7.7842382463317605 1.0901883052527255 1.8495027622642293 26
270 0.1 2.414486921529175 0.0 7.7842382463317605 1.0901883052527255 1.8517266502801268 27
280 0.1 2.112676056338028 0.0 7.7842382463317605 1.0901883052527255 1.8718252313961643 28
290 0.1 2.3138832997987926 0.0 7.7842382463317605 1.0901883052527255 1.8801304322562284 29
300 0.1 2.3255813953488373 0.0 7.7842382463317605 1.0901883052527255 1.8945888611743138 30
310 0.1 3.2323232323232323 0.0 7.7842382463317605 1.0901883052527255 1.9084918461476854 31
320 0.1 3.5496957403651117 0.0 7.7842382463317605 1.0901883052527255 1.9498615769656713 32
330 0.1 3.343465045592705 0.0 7.7842382463317605 1.0901883052527255 1.9983414000989879 33
340 0.1 3.451776649746193 0.0 7.7842382463317605 1.0901883052527255 2.0379038602605677 34
350 0.1 3.1313131313131315 0.0 7.7842382463317605 1.0901883052527255 2.0783002256744427 35
360 0.1 3.9553752535496955 0.0 7.7842382463317605 1.0901883052527255 2.1075505841644064 36
370 0.1 4.200819672131147 0.0 7.7842382463317605 1.0901883052527255 2.1574917914450897 37
380 0.1 4.312114989733059 0.0 7.7842382463317605 1.0901883052527255 2.2112635777789333 38
390 0.1 5.930470347648262 0.0 7.7842382463317605 1.0901883052527255 2.265131562700834 39
400 0.1 5.53877139979859 0.0 7.7842382463317605 1.0901883052527255 2.35676503232452 40
410 0.1 5.117707267144319 0.0 7.7842382463317605 1.0901883052527255 2.434374943726327 41
420 0.1 5.8232931726907635 0.0 7.7842382463317605 1.0901883052527255 2.4982638085696127 42
430 0.1 1.903807615230461 0.0 7.7842382463317605 1.0901883052527255 2.5755900728515 43
440 0.1 1.691542288557214 0.0 7.7842382463317605 1.0901883052527255 2.560322289723749 44
450 0.1 1.294820717131474 0.0 7.7842382463317605 1.0901883052527255 2.5410160674756037 45
460 0.1 1.188118811881188 0.0 7.7842382463317605 1.0901883052527255 2.513924864207253 46
