0 0.2 2
10 1 12
20 1.6 28
30 0.7 35
40 1.2 47
50 0.8 55
60 0.9 64
70 1.3 77
80 1.3 90
90 2 110
100 1.2 122
110 2 142
120 0.7 149
130 2.7 176
140 2.9 205
150 1.6 221
160 2 241
170 2.5 266
180 0.7 273
190 3.7 310
200 3.2 342
210 5.4 396
220 3.3 429
230 3.2 461
240 3.9 500
250 3.8 538
260 2.9 567
270 2.9 596
280 3.9 635
290 4.8 683
300 4.1 724
310 4.2 766
320 7.3 839
330 9.5 934
340 7.8 1012
350 9.9 1111
360 9.8 1209
370 16.9 1378
380 12.5 1503
390 17.2 1675
400 15.3 1828
410 16.1 1989
420 11.7 2106
430 6.7 2173
440 6.6 2239
450 6.3 2302
460 4.1 2343
463 0 2343
