0 0.1 3164.4453125 0 3164.4453125 3164.4453125 0 0
10 0.1 3161.171875 0.0 3164.4453125 3161.171875 3164.4453125 1
20 0.1 3159.36328125 0.0 3164.4453125 3159.36328125 3162.80859375 2
30 0.1 3156.94921875 0.0 3164.4453125 3156.94921875 3161.66015625 3
40 0.1 3158.75390625 0.0 3164.4453125 3156.94921875 3160.482421875 4
50 0.1 3160.86328125 0.0 3164.4453125 3156.94921875 3160.13671875 5
60 0.1 3159.640625 0.0 3164.4453125 3156.94921875 3160.2578125 6
70 0.1 3159.890625 0.0 3164.4453125 3156.94921875 3160.1696428571427 7
80 0.1 3158.5703125 0.0 3164.4453125 3156.94921875 3160.134765625 8
90 0.1 3155.90234375 0.0 3164.4453125 3155.90234375 3159.9609375 9
100 0.1 3158.78125 0.0 3164.4453125 3155.90234375 3159.555078125 10
110 0.1 3157.71875 0.0 3164.4453125 3155.90234375 3159.4847301136365 11
120 0.1 3158.953125 0.0 3164.4453125 3155.90234375 3159.3375651041665 12
130 0.1 3157.7421875 0.0 3164.4453125 3155.90234375 3159.3079927884614 13
140 0.1 3155.9375 0.0 3164.4453125 3155.90234375 3159.1961495535716 14
150 0.1 3158.8515625 0.0 3164.4453125 3155.90234375 3158.97890625 15
160 0.1 3156.65234375 0.0 3164.4453125 3155.90234375 3158.970947265625 16
170 0.1 3155.55078125 0.0 3164.4453125 3155.55078125 3158.8345588235293 17
180 0.1 3155.58984375 0.0 3164.4453125 3155.55078125 3158.6521267361113 18
190 0.1 3156.30078125 0.0 3164.4453125 3155.55078125 3158.4909539473683 19
200 0.1 3153.5078125 0.0 3164.4453125 3153.5078125 3158.3814453125 20
210 0.1 3151.078125 0.0 3164.4453125 3151.078125 3158.149367559524 21
220 0.1 3150.8203125 0.0 3164.4453125 3150.8203125 3157.827947443182 22
230 0.1 3150.87890625 0.0 3164.4453125 3150.8203125 3157.5232676630435 23
240 0.1 3150.2421875 0.0 3164.4453125 3150.2421875 3157.2464192708335 24
250 0.1 3149.26171875 0.0 3164.4453125 3149.26171875 3156.96625 25
260 0.1 3148.04296875 0.0 3164.4453125 3148.04296875 3156.669921875 26
270 0.1 3145.8046875 0.0 3164.4453125 3145.8046875 3156.3504050925926 27
280 0.1 3139.59375 0.0 3164.4453125 3139.59375 3155.9737723214284 28
290 0.1 3136.93359375 0.0 3164.4453125 3136.93359375 3155.408943965517 29
300 0.1 3134.8203125 0.0 3164.4453125 3134.8203125 3154.7930989583333 30
310 0.1 3129.875 0.0 3164.4453125 3129.875 3154.1488155241937 31
320 0.1 3122.56640625 0.0 3164.4453125 3122.56640625 3153.3902587890625 32
330 0.1 3120.01953125 0.0 3164.4453125 3120.01953125 3152.456202651515 33
340 0.1 3120.21875 0.0 3164.4453125 3120.01953125 3151.5021829044117 34
350 0.1 3119.734375 0.0 3164.4453125 3119.734375 3150.608370535714 35
360 0.1 3118.453125 0.0 3164.4453125 3118.453125 3149.7507595486113 36
370 0.1 3118.3359375 0.0 3164.4453125 3118.3359375 3148.9048775337837 37
380 0.1 3117.63671875 0.0 3164.4453125 3117.63671875 3148.1004317434213 38
390 0.1 3117.421875 0.0 3164.4453125 3117.421875 3147.3193108974365 39
400 0.1 3117.54296875 0.0 3164.4453125 3117.421875 3146.5718750000005 40
410 0.1 3120.609375 0.0 3164.4453125 3117.421875 3145.863852896342 41
420 0.1 3120.59375 0.0 3164.4453125 3117.421875 3145.262555803572 42
430 0.1 3120.0859375 0.0 3164.4453125 3117.421875 3144.6888626453497 43
440 0.1 3119.8515625 0.0 3164.4453125 3117.421875 3144.1297052556824 44
450 0.1 3119.13671875 0.0 3164.4453125 3117.421875 3143.590190972223 45
460 0.1 3120.4140625 0.0 3164.4453125 3117.421875 3143.0585937500005 46
