0 0.1 0.19140625 0 0.19140625 0.19140625 0 0
10 0.1 0.16015625 0.0 0.19140625 0.16015625 0.19140625 1
20 0.1 0.12890625 0.0 0.19140625 0.12890625 0.17578125 2
30 0.1 0.109375 0.0 0.19140625 0.109375 0.16015625 3
40 0.1 0.1015625 0.0 0.19140625 0.1015625 0.1474609375 4
50 0.1 0.078125 0.0 0.19140625 0.078125 0.13828125 5
60 0.1 0.0703125 0.0 0.19140625 0.0703125 0.12825520833333334 6
70 0.1 0.05859375 0.0 0.19140625 0.05859375 0.11997767857142858 7
80 0.1 0.05078125 0.0 0.19140625 0.05078125 0.1123046875 8
90 0.1 0.0390625 0.0 0.19140625 0.0390625 0.10546875 9
100 0.1 0.0390625 0.0 0.19140625 0.0390625 0.098828125 10
110 0.1 0.03125 0.0 0.19140625 0.03125 0.09339488636363637 11
120 0.1 0.1015625 0.0 0.19140625 0.03125 0.08821614583333333 12
130 0.1 0.078125 0.0 0.19140625 0.03125 0.08924278846153846 13
140 0.1 0.0703125 0.0 0.19140625 0.03125 0.08844866071428571 14
150 0.1 0.05859375 0.0 0.19140625 0.03125 0.08723958333333333 15
160 0.1 0.05078125 0.0 0.19140625 0.03125 0.08544921875 16
170 0.1 0.0390625 0.0 0.19140625 0.03125 0.08340992647058823 17
180 0.1 0.0390625 0.0 0.19140625 0.03125 0.08094618055555555 18
190 0.1 0.03125 0.0 0.19140625 0.03125 0.07874177631578948 19
200 0.1 0.03125 0.0 0.19140625 0.03125 0.0763671875 20
210 0.1 0.01953125 0.0 0.19140625 0.01953125 0.07421875 21
220 0.1 0.01953125 0.0 0.19140625 0.01953125 0.07173295454545454 22
230 0.1 0.01953125 0.0 0.19140625 0.01953125 0.06946331521739131 23
240 0.1 0.01171875 0.0 0.19140625 0.01171875 0.06738281250000001 24
250 0.1 0.01171875 0.0 0.19140625 0.01171875 0.06515625000000001 25
260 0.1 0.01171875 0.0 0.19140625 0.01171875 0.06310096153846155 26
270 0.1 0.01171875 0.0 0.19140625 0.01171875 0.06119791666666668 27
280 0.1 0.01171875 0.0 0.19140625 0.01171875 0.05943080357142858 28
290 0.1 0.01171875 0.0 0.19140625 0.01171875 0.0577855603448276 29
300 0.1 0.078125 0.0 0.19140625 0.01171875 0.05625000000000001 30
310 0.1 0.0703125 0.0 0.19140625 0.01171875 0.05695564516129033 31
320 0.1 0.05859375 0.0 0.19140625 0.01171875 0.05737304687500001 32
330 0.1 0.05078125 0.0 0.19140625 0.01171875 0.05741003787878789 33
340 0.1 0.0390625 0.0 0.19140625 0.01171875 0.05721507352941177 34
350 0.1 0.03125 0.0 0.19140625 0.01171875 0.05669642857142858 35
360 0.1 0.03125 0.0 0.19140625 0.01171875 0.055989583333333336 36
370 0.1 0.01953125 0.0 0.19140625 0.01171875 0.05532094594594594 37
380 0.1 0.01953125 0.0 0.19140625 0.01171875 0.05437911184210526 38
390 0.1 0.01953125 0.0 0.19140625 0.01171875 0.05348557692307692 39
400 0.1 0.01171875 0.0 0.19140625 0.01171875 0.05263671875 40
410 0.1 0.1484375 0.0 0.19140625 0.01171875 0.05163871951219512 41
420 0.1 0.12109375 0.0 0.19140625 0.01171875 0.053943452380952384 42
430 0.1 0.109375 0.0 0.19140625 0.01171875 0.05550508720930233 43
440 0.1 0.08984375 0.0 0.19140625 0.01171875 0.05672940340909091 44
450 0.1 0.078125 0.0 0.19140625 0.01171875 0.057465277777777775 45
460 0.1 0.05859375 0.0 0.19140625 0.01171875 0.05791440217391304 46
