0 2.2 320.12080522017044 336.50780436579026 917.788818359375 7.841064453125 0 0
10 4.9 278.0964205994898 302.47144579245787 1043.10302734375 7.65380859375 320.12080522017044 22
20 5 374.7652099609375 338.6850324892695 1292.864990234375 7.65380859375 291.1180609044894 71
30 3.9 441.2078387920673 667.8005384510739 4103.759033203125 7.2958984375 325.68299853112086 121
40 3.9 239.8964092548078 285.95119136958164 4103.759033203125 7.2958984375 353.84217834472656 160
50 2.8 345.04835728236606 328.60941753526276 4103.759033203125 7.2958984375 331.51109797032035 199
60 3.9 353.2877666766827 327.45272239112165 4103.759033203125 7.2958984375 333.18089207048456 227
70 6.8 311.77182186351104 310.59273033100925 4103.759033203125 7.2958984375 336.1288924826715 266
80 5.3 721.9315116450474 983.9292804735294 5287.22607421875 7.244873046875 331.1699679254772 334
90 7 374.5896065848214 702.9601806461335 5539.118896484375 7.244873046875 384.6851147397852 387
100 6.8 295.97996251723345 287.8445135707506 5539.118896484375 7.244873046875 383.13875681670544 457
110 5.6 332.816650390625 300.4300940552754 5539.118896484375 7.244873046875 371.84961774553574 525
120 4.9 255.05739297672193 285.60934906920426 5539.118896484375 7.244873046875 368.08740402458045 581
130 11.6 496.8352366480335 636.7947484383378 5569.380859375 7.19091796875 359.29618094308034 630
140 9.7 359.8693973501933 335.04106114853874 5569.380859375 7.19091796875 380.6829509990784 746
150 6.5 398.605908203125 535.7440880901958 5569.380859375 7.19091796875 378.28803438704773 843
160 8.8 437.7956376509233 651.3452251126018 5569.380859375 7.19091796875 379.7425077329123 908
170 7.3 333.7679928296234 290.3423581092575 5569.380859375 7.19091796875 384.8716999345036 996
180 8.2 383.0524009146341 555.0757425113454 5569.380859375 7.19091796875 381.38192386466613 1069
190 16.1 479.8470951814829 666.4079987712626 6944.885986328125 7.19091796875 381.5009326553676 1151
200 15.1 944.2466192182326 975.9460227765516 7337.844970703125 7.19091796875 393.569326075112 1312
210 16 835.8534179687504 1348.280556242537 12833.97607421875 7.19091796875 450.406148538961 1463
220 12.8 430.740852355957 403.75188232006633 12833.97607421875 6.932861328125 488.4046470656192 1623
230 15.2 759.2197361996301 1003.7911926420668 12833.97607421875 6.932861328125 484.1893611016919 1751
240 19 365.324908768503 373.9778656536244 12833.97607421875 6.77587890625 506.1571051977962 1903
250 17 1584.0068818933828 1125.2184836813767 12833.97607421875 6.77587890625 493.37252931553843 2093
260 12 3584.7515889485667 2386.29122213969 15605.81005859375 6.77587890625 575.302639761068 2263
270 18.4 4388.086709727414 1778.6071438027022 16930.592041015625 6.77587890625 726.8485373282102 2383
280 19.1 5376.423828125001 1502.5934409712315 17429.43896484375 6.77587890625 989.2824382715112 2567
290 18.6 5384.193298996132 736.2597544673717 17429.43896484375 6.77587890625 1293.1055004404802 2758
300 19.4 6512.274935063628 1506.8226669832043 18367.427978515625 6.77587890625 1551.5777594524882 2944
310 24.7 6004.81315927853 1308.390485553238 18367.427978515625 3.3271484375 1858.2620335342476 3138
320 35.5 4339.837048855633 4717.377546711137 21613.1669921875 1.0849609375 2160.8316430051004 3385
330 39.1 4715.854110054349 5903.702770095801 22380.037841796875 1.0849609375 2367.6623700310197 3740
340 33.5 5433.71339421059 7362.7284966597335 27413.43603515625 1.0849609375 2589.9192013912525 4131
350 38.2 7617.427228198626 7954.055879744458 30642.409912109375 1.0849609375 2803.235604121767 4466
360 47.3 3565.9720941587966 5082.003046963859 30642.409912109375 1.013916015625 3182.5716603093415 4848
370 63.2 2574.7265354591045 5380.2777091520065 30642.409912109375 1.013916015625 3216.6533000783306 5321
380 59.6 4985.537955674551 7373.3275022458465 30642.409912109375 0.992919921875 3148.503171531488 5953
390 66.6 3165.424265451974 4809.652213252992 30642.409912109375 0.992919921875 3315.6848376407056 6549
400 55.7 3869.8916677478414 5115.72149662269 30642.409912109375 0.992919921875 3301.8146309771305 7215
410 66.2 3075.1438961893414 4702.223415684677 30642.409912109375 0.992919921875 3342.527305897522 7772
420 44.7 5079.452680412824 5596.265145160865 30642.409912109375 0.992919921875 3321.5398957449474 8434
430 18.4 9660.036913001017 726.7075982036641 30642.409912109375 0.992919921875 3410.019460517669 8881
440 15.7 10306.798602644802 1210.79900855076 30642.409912109375 0.992919921875 3536.8813701985223 9065
450 10.5 7984.528869047619 4061.3266068946887 30642.409912109375 0.992919921875 3652.135870902715 9222
460 4.5 8948.332969835068 5187.308224228266 30642.409912109375 0.992919921875 3700.9083877682897 9327
463 0 0 0 30642.409912109375 0.992919921875 3726.104088386408 9372
