10 0.1 255 0 255 255 0 0
20 0.1 432.0 0.0 432 255 255.0 1
30 0.1 465.0 0.0 465 255 343.5 2
40 0.1 358.0 0.0 465 255 384.0 3
50 0.1 293.0 0.0 465 255 377.5 4
60 0.1 284.0 0.0 465 255 360.6 5
70 0.1 403.0 0.0 465 255 347.8333333333333 6
80 0.1 576.0 0.0 576 255 355.7142857142857 7
90 0.1 995.0 0.0 995 255 383.25 8
100 0.1 1169.0 0.0 1169 255 451.22222222222223 9
110 0.1 655.0 0.0 1169 255 523.0 10
120 0.1 401.0 0.0 1169 255 535.0 11
130 0.1 625.0 0.0 1169 255 523.8333333333334 12
140 0.1 1037.0 0.0 1169 255 531.6153846153846 13
150 0.1 786.0 0.0 1169 255 567.7142857142857 14
160 0.1 560.0 0.0 1169 255 582.2666666666667 15
170 0.1 892.0 0.0 1169 255 580.875 16
180 0.1 474.0 0.0 1169 255 599.1764705882352 17
190 0.1 972.0 0.0 1169 255 592.2222222222222 18
200 0.1 1598.0 0.0 1598 255 612.2105263157895 19
210 0.1 1347.0 0.0 1598 255 661.5 20
220 0.1 1485.0 0.0 1598 255 694.1428571428571 21
230 0.1 1025.0 0.0 1598 255 730.0909090909091 22
240 0.1 1639.0 0.0 1639 255 742.9130434782609 23
250 0.1 1737.0 0.0 1737 255 780.25 24
260 0.1 1379.0 0.0 1737 255 818.52 25
270 0.1 1632.0 0.0 1737 255 840.0769230769231 26
280 0.1 1535.0 0.0 1737 255 869.4074074074074 27
290 0.1 1852.0 0.0 1852 255 893.1785714285714 28
300 0.1 1654.0 0.0 1852 255 926.2413793103449 29
310 0.1 2144.0 0.0 2144 255 950.5 30
320 0.1 2104.0 0.0 2144 255 989.0 31
330 0.1 2119.0 0.0 2144 255 1023.84375 32
340 0.1 1769.0 0.0 2144 255 1057.030303030303 33
350 0.1 1795.0 0.0 2144 255 1077.9705882352941 34
360 0.1 2444.0 0.0 2444 255 1098.4571428571428 35
370 0.1 2222.0 0.0 2444 255 1135.8333333333333 36
380 0.1 2428.0 0.0 2444 255 1165.1891891891892 37
390 0.1 2974.0 0.0 2974 255 1198.421052631579 38
400 0.1 2682.0 0.0 2974 255 1243.948717948718 39
410 0.1 2955.0 0.0 2974 255 1279.9 40
420 0.1 2640.0 0.0 2974 255 1320.7560975609756 41
430 0.1 1973.0 0.0 2974 255 1352.1666666666667 42
440 0.1 1436.0 0.0 2974 255 1366.6046511627908 43
450 0.1 1233.0 0.0 2974 255 1368.1818181818182 44
460 0.1 717.0 0.0 2974 255 1365.1777777777777 45
