10 0.1 191 0 191 191 0 0
20 0.1 314.0 0.0 314 191 191.0 1
30 0.1 283.0 0.0 314 191 252.5 2
40 0.1 242.0 0.0 314 191 262.6666666666667 3
50 0.1 198.0 0.0 314 191 257.5 4
60 0.1 184.0 0.0 314 184 245.6 5
70 0.1 289.0 0.0 314 184 235.33333333333334 6
80 0.1 407.0 0.0 407 184 243.0 7
90 0.1 665.0 0.0 665 184 263.5 8
100 0.1 795.0 0.0 795 184 308.1111111111111 9
110 0.1 444.0 0.0 795 184 356.8 10
120 0.1 285.0 0.0 795 184 364.72727272727275 11
130 0.1 488.0 0.0 795 184 358.0833333333333 12
140 0.1 713.0 0.0 795 184 368.0769230769231 13
150 0.1 537.0 0.0 795 184 392.7142857142857 14
160 0.1 381.0 0.0 795 184 402.3333333333333 15
170 0.1 597.0 0.0 795 184 401.0 16
180 0.1 299.0 0.0 795 184 412.52941176470586 17
190 0.1 706.0 0.0 795 184 406.22222222222223 18
200 0.1 1101.0 0.0 1101 184 422.0 19
210 0.1 977.0 0.0 1101 184 455.95 20
220 0.1 1070.0 0.0 1101 184 480.76190476190476 21
230 0.1 735.0 0.0 1101 184 507.54545454545456 22
240 0.1 1201.0 0.0 1201 184 517.4347826086956 23
250 0.1 1352.0 0.0 1352 184 545.9166666666666 24
260 0.1 1046.0 0.0 1352 184 578.16 25
270 0.1 1212.0 0.0 1352 184 596.1538461538462 26
280 0.1 1078.0 0.0 1352 184 618.9629629629629 27
290 0.1 1295.0 0.0 1352 184 635.3571428571429 28
300 0.1 1193.0 0.0 1352 184 658.1034482758621 29
310 0.1 1601.0 0.0 1601 184 675.9333333333333 30
320 0.1 1650.0 0.0 1650 184 705.7741935483871 31
330 0.1 1822.0 0.0 1822 184 735.28125 32
340 0.1 1740.0 0.0 1822 184 768.2121212121212 33
350 0.1 1556.0 0.0 1822 184 796.7941176470588 34
360 0.1 2105.0 0.0 2105 184 818.4857142857143 35
370 0.1 2368.0 0.0 2368 184 854.2222222222222 36
380 0.1 2552.0 0.0 2552 184 895.1351351351351 37
390 0.1 3093.0 0.0 3093 184 938.7368421052631 38
400 0.1 2664.0 0.0 3093 184 993.974358974359 39
410 0.1 2976.0 0.0 3093 184 1035.725 40
420 0.1 2721.0 0.0 3093 184 1083.0487804878048 41
430 0.1 1467.0 0.0 3093 184 1122.047619047619 42
440 0.1 979.0 0.0 3093 184 1130.0697674418604 43
450 0.1 876.0 0.0 3093 184 1126.6363636363637 44
460 0.1 540.0 0.0 3093 184 1121.0666666666668 45
