0 0.2 3255.4693603515625 1300.2574462890625 4555.726806640625 1955.2119140625 0 0
10 1 6071.949194335937 2909.806434837406 12433.375 1955.2119140625 3255.4693603515625 2
20 1.6 8834.327850341797 2833.025482159802 13406.383056640625 1955.2119140625 5602.535888671875 12
30 0.7 10385.715122767857 5269.349851209736 18137.963134765625 1955.2119140625 7449.274152483259 28
40 1.2 5858.1129150390625 3277.4536644962727 18137.963134765625 1955.2119140625 8036.562346540179 35
50 0.8 9964.375885009766 4825.665984003237 21610.583984375 1955.2119140625 7480.36249168883 47
60 0.9 6818.041802300348 3835.315275135378 21610.583984375 1955.2119140625 7841.673530717329 55
70 1.3 6321.517352764423 3307.7193097331774 21610.583984375 1194.717041015625 7697.725318908691 64
80 1.3 9400.31308218149 2741.02934815278 21610.583984375 1194.717041015625 7465.378519429789 77
90 2 7920.990026855468 4082.078256960982 21610.583984375 1194.717041015625 7744.869067382812 90
100 1.2 6744.827250162761 2665.777679918455 21610.583984375 1194.717041015625 7776.891060014204 110
110 2 8542.015661621093 4070.811427106406 21610.583984375 1194.717041015625 7675.3765869140625 122
120 0.7 7951.730922154018 2643.1199108663054 21610.583984375 1194.717041015625 7797.438428422095 142
130 2.7 6363.156521267361 3308.6511901425583 21610.583984375 1194.717041015625 7804.6870690672185 149
140 2.9 7198.743206155711 3640.3958481624563 21610.583984375 1194.717041015625 7583.543178211559 176
150 1.6 8130.559844970704 3804.8173076010353 21610.583984375 1194.717041015625 7529.108060213414 205
160 2 7326.139672851563 3227.007343641754 21610.583984375 1194.717041015625 7572.652080829327 221
170 2.5 6892.40142578125 3284.0549971907835 21610.583984375 1194.717041015625 7552.194619586359 241
180 0.7 8691.720145089286 4799.158445718685 21610.583984375 1194.717041015625 7490.183981070842 266
190 3.7 6934.8750659839525 2476.9598663828483 21610.583984375 1194.717041015625 7520.992600661058 273
200 3.2 8014.488670349121 3067.5640839065304 21610.583984375 1194.717041015625 7451.0366368447585 310
210 5.4 9512.620795355902 3852.208021620873 21610.583984375 1194.717041015625 7503.757294950429 342
220 3.3 8455.763782848011 3270.796065119509 21610.583984375 1194.717041015625 7777.693226823903 396
230 3.2 8222.317985534664 3376.2206982537637 21610.583984375 1194.717041015625 7829.852500364219 429
240 3.9 7514.222825270433 3181.9449816327765 21610.583984375 1194.717041015625 7857.095223846766 461
250 3.8 10631.94886538857 3770.635655914849 21610.583984375 1194.717041015625 7830.351176757813 500
260 2.9 14061.930041082975 3433.2601483281155 21755.158935546875 1194.717041015625 8028.233541382289 538
270 2.9 19781.421479323817 3983.4497049387414 28068.6669921875 1194.717041015625 8336.835302389909 567
280 3.9 22996.153526893027 5016.682842699537 42437.9609375 1194.717041015625 8893.702750596423 596
290 4.8 25754.36249287923 3390.4851374530595 42437.9609375 1194.717041015625 9759.837522683933 635
300 4.1 28348.78093440358 3861.83816843493 42437.9609375 1194.717041015625 10883.903699213031 683
310 4.2 30418.418352399553 3609.961153830804 42437.9609375 1194.717041015625 11872.936802310838 724
320 7.3 23353.521006126924 9626.090264102028 42437.9609375 1194.717041015625 12889.790882080715 766
330 9.5 24619.181296258223 10680.983196540941 51147.677978515625 1194.717041015625 13800.222704554342 839
340 7.8 26158.42396271534 14434.28640998738 58799.566162109375 943.406005859375 14900.652111633432 934
350 9.9 31612.829017716216 12121.314197635083 58799.566162109375 943.406005859375 15768.345989483618 1012
360 9.8 27926.592447086256 13007.561581706892 58799.566162109375 943.406005859375 17180.23061576177 1111
370 16.9 19017.30990979798 14849.085884386353 60776.822998046875 943.406005859375 18051.317017308338 1209
380 12.5 24399.793048828127 13370.551926801083 66597.701171875 943.406005859375 18169.787843745748 1378
390 17.2 21254.329571391256 13473.465960278956 66597.701171875 515.716064453125 18687.91868249179 1503
400 15.3 21087.00759229473 11593.25818485864 66597.701171875 515.716064453125 18951.454606605646 1675
410 16.1 19132.41238687646 10536.534764738924 66597.701171875 515.716064453125 19130.196185823603 1828
420 11.7 19804.042282234906 10564.509836558804 66597.701171875 515.716064453125 19130.375576657945 1989
430 6.7 27838.792812062733 9493.429786517592 66597.701171875 515.716064453125 19167.801504745556 2106
440 6.6 35483.930845318435 8137.377022370697 66597.701171875 515.716064453125 19435.153744777886 2173
450 6.3 37567.74593874008 4661.167294907957 66597.701171875 515.716064453125 19908.23069369958 2239
460 4.1 47533.46615972751 4259.8898044562675 66597.701171875 515.716064453125 20391.527592238916 2302
463 0 0 0 66597.701171875 515.716064453125 20866.482556501414 2343
