0 9.440625 9.440625
10 19.025 28.465625
20 24.16953125 52.63515625
30 14.54453125 67.1796875
40 16.8765625 84.05625
50 12.290625 96.346875
60 16.63046875 112.97734375
70 26.73125 139.70859375
80 25.09921875 164.8078125
90 28.92421875 193.73203125
100 28.67890625 222.4109375
110 25.21328125 247.62421875
120 19.3 266.92421875
130 48.4296875 315.35390625
140 41.84296875 357.196875
150 26.8390625 384.0359375
160 38.990625 423.0265625
170 32.15625 455.1828125
180 31.76328125 486.94609375
190 69.78984375 556.7359375
200 66.51796875 623.25390625
210 65.6296875 688.88359375
220 53.12265625 742.00625
230 65.99765625 808.00390625
240 76.24609375 884.25
250 82.65625 966.90625
260 63.3828125 1030.2890625
270 83.9140625 1114.203125
280 84.12890625 1198.33203125
290 82.21796875 1280.55
300 85.1140625 1365.6640625
310 117.053125 1482.7171875
320 138.0203125 1620.7375
330 151.184375 1771.921875
340 115.23359375 1887.15546875
350 139.53671875 2026.6921875
360 162.6984375 2189.390625
370 198.08046875 2387.47109375
380 200.00703125 2587.478125
390 226.63046875 2814.10859375
400 197.0703125 3011.17890625
410 218.79375 3229.97265625
420 175.3078125 3405.28046875
430 69.09921875 3474.3796875
440 50.821875 3525.2015625
450 28.13203125 3553.33359375
460 4.16796875 3557.5015625
463 0 3557.5015625
