0 156.50859375 156.50859375
10 319.9265625 476.43515625
20 354.0078125 830.44296875
30 275.43125 1105.87421875
40 255.09453125 1360.96875
50 202.90859375 1563.87734375
60 267.1875 1831.06484375
70 452.8234375 2283.88828125
80 403.175 2687.06328125
90 485.00078125 3172.0640625
100 450.42265625 3622.48671875
110 387.26953125 4009.75625
120 301.6609375 4311.4171875
130 834.3953125 5145.8125
140 661.1921875 5807.0046875
150 433.26328125 6240.26796875
160 615.62421875 6855.8921875
170 480.1 7335.9921875
180 509.25234375 7845.24453125
190 1040.3671875 8885.61171875
200 1010.0953125 9895.70703125
210 1106.53984375 11002.246875
220 874.6203125 11876.8671875
230 1041.94921875 12918.81640625
240 1225.69375 14144.51015625
250 1105.72421875 15250.234375
260 844.90546875 16095.13984375
270 1208.8125 17303.95234375
280 1306.24375 18610.19609375
290 1250 19860.19609375
300 1227.7421875 21087.93828125
310 1484.10703125 22572.0453125
320 1216.66796875 23788.71328125
330 1132.28046875 24920.99375
340 941.16953125 25862.16328125
350 1405.93984375 27268.103125
360 1173.79609375 28441.89921875
370 1044.4578125 29486.35703125
380 1484.24765625 30970.6046875
390 1555.17890625 32525.78359375
400 1507.34453125 34033.128125
410 1492.884375 35526.0125
420 1431.87578125 36957.88828125
430 1279.8921875 38237.78046875
440 1155.33671875 39393.1171875
450 794.78203125 40187.89921875
460 370.59765625 40558.496875
463 0 40558.496875
