0 0.8 8
10 1.9 27
20 0.7 34
30 1.1 45
40 1 55
50 0.5 60
60 1.1 71
70 2 91
80 1.3 104
90 1.6 120
100 1.9 139
110 0.9 148
120 2.1 169
130 2.8 197
140 2 217
150 1.7 234
160 2.2 256
170 1.4 270
180 3 300
190 4.5 345
200 4.4 389
210 3.2 421
220 2.9 450
230 4.4 494
240 5.9 553
250 5.4 607
260 6 667
270 5.3 720
280 4.5 765
290 5.3 818
300 9.3 911
310 10.5 1016
320 8.4 1100
330 9.2 1192
340 8.5 1277
350 10.3 1380
360 13.3 1513
370 15.8 1671
380 15.7 1828
390 15 1978
400 14.1 2119
410 18 2299
420 4.4 2343
430 0 2343
440 0 2343
450 0 2343
460 0 2343
463 0 2343
