0 6 8
10 15 15
20 6 18
30 10 18
40 8 18
50 5 18
60 7 18
70 14 18
80 14 18
90 10 18
100 17 18
110 6 18
120 20 20
130 21 25
140 12 25
150 13 25
160 15 25
170 4 25
180 27 28
190 35 39
200 47 48
210 25 48
220 21 48
230 33 48
240 53 53
250 69 72
260 100 103
270 124 124
280 130 141
290 135 141
300 187 187
310 250 252
320 261 268
330 258 271
340 265 271
350 269 275
360 304 305
370 293 320
380 325 326
390 303 330
400 291 330
410 310 330
420 237 330
430 170 330
440 104 330
450 41 330
460 0 330
463 0 330
