0 1.4 14
10 4.8 62
20 12.6 188
30 16.4 352
40 17.5 527
50 15.3 680
60 18.5 865
70 25.2 1117
80 26.8 1385
90 34.9 1734
100 37.6 2110
110 46.9 2579
120 44.7 3026
130 51.4 3540
140 59.8 4138
150 70.3 4841
160 74 5581
170 70 6281
180 76.9 7050
190 89.6 7946
200 111.7 9063
210 107.6 10139
220 109.1 11230
230 114.9 12379
240 123.4 13613
250 142.6 15039
260 154.3 16582
270 169.8 18280
280 172 20000
290 181.6 21816
300 208.8 23904
310 216.3 26067
320 228.7 28354
330 228.6 30640
340 219.3 32833
350 226 35093
360 235.6 37449
370 232.2 39771
380 242.1 42192
390 252 44712
400 227.4 46986
410 242.6 49412
420 223.2 51644
430 230.2 53946
440 239.5 56341
450 241.7 58758
460 223.1 60989
470 229.5 63284
480 225.1 65535
490 225.8 67793
500 215.8 69951
510 215.7 72108
520 216.5 74273
530 218.8 76461
540 218.9 78650
550 229.4 80944
560 224.5 83189
570 225.2 85441
580 219.7 87638
590 205 89688
600 215.4 91842
610 219.3 94035
620 221.8 96253
630 211 98363
640 186.8 100231
650 159 101821
660 138.9 103210
670 106.4 104274
680 86.3 105137
690 69.3 105830
700 41.1 106241
710 27.9 106520
720 15.1 106671
730 9.1 106762
740 5.9 106821
750 3.4 106855
760 1.3 106868
770 0.2 106870
780 0.3 106873
786 0.3 106876
