0 0.1 1
10 0.5 6
20 0.8 14
30 1.5 29
40 0.9 38
50 0.9 47
60 1.8 65
70 2.7 92
80 2.5 117
90 2.7 144
100 3.5 179
110 4 219
120 5.4 273
130 6.3 336
140 7.2 408
150 7.7 485
160 10.3 588
170 9.1 679
180 10.4 783
190 11.8 901
200 12.2 1023
210 12 1143
220 13 1273
230 12.2 1395
240 13 1525
250 15.2 1677
260 16.2 1839
270 18.9 2028
280 20.8 2236
290 22.1 2457
300 26.1 2718
310 24.3 2961
320 23.6 3197
330 22.6 3423
340 20.7 3630
350 21.8 3848
360 23.2 4080
370 26 4340
380 26.4 4604
390 29.1 4895
400 26.1 5156
410 26.6 5422
420 26 5682
430 27.1 5953
440 30.9 6262
450 29.1 6553
460 29.1 6844
470 29.1 7135
480 28.1 7416
490 26.7 7683
500 24.9 7932
510 22.7 8159
520 25.6 8415
530 26.9 8684
540 25.3 8937
550 28.4 9221
560 30.1 9522
570 30.8 9830
580 31.6 10146
590 27.4 10420
600 28.2 10702
610 27.9 10981
620 32.2 11303
630 35.6 11659
640 33.6 11995
650 31.5 12310
660 28.4 12594
670 19.8 12792
680 17.8 12970
690 14.2 13112
700 7.8 13190
710 5.1 13241
720 3.1 13272
730 1.6 13288
740 0.9 13297
750 0.7 13304
760 0.2 13306
770 0 13306
780 0.1 13307
786 0.1 13308
