0 0.7 7
10 0.5 12
20 1.5 27
30 1.5 42
40 1.1 53
50 1.3 66
60 2.3 89
70 1.8 107
80 1.9 126
90 2.9 155
100 2.9 184
110 2.9 213
120 3.4 247
130 3.4 281
140 3.4 315
150 4 355
160 3.4 389
170 3.4 423
180 3.3 456
190 5.4 510
200 5.1 561
210 7.3 634
220 6 694
230 7.3 767
240 8.1 848
250 10.2 950
260 8.7 1037
270 9.6 1133
280 11 1243
290 9.5 1338
300 14 1478
310 14.6 1624
320 14.5 1769
330 12.3 1892
340 16.7 2059
350 15.4 2213
360 17 2383
370 12.6 2509
380 16.5 2674
390 14.2 2816
400 14 2956
410 14 3096
420 13.2 3228
430 12.1 3349
440 14.2 3491
450 15 3641
460 11.1 3752
470 13.1 3883
480 13.4 4017
490 13.4 4151
500 12.4 4275
510 12 4395
520 10.9 4504
530 13.9 4643
540 10 4743
550 12.4 4867
560 11.1 4978
570 9.2 5070
580 10.3 5173
590 12.6 5299
600 11.2 5411
610 9.5 5506
620 5.6 5562
630 6.3 5625
640 3.5 5660
650 0.7 5667
660 0.2 5669
670 0.2 5671
680 0.1 5672
690 0 5672
700 0 5672
710 0 5672
720 0 5672
730 0 5672
740 0 5672
750 0 5672
760 0 5672
770 0 5672
780 0 5672
786 0 5672
