30 0.3 3
40 0.3 6
50 0.1 7
60 0.1 8
70 0 8
80 0 8
90 0 8
100 0 8
110 0 8
120 0 8
130 0 8
140 0 8
150 0 8
160 0 8
170 0 8
180 0 8
190 0 8
200 0 8
210 0 8
220 0 8
230 0 8
240 0 8
250 0 8
260 0 8
270 0 8
280 0 8
290 0 8
300 0 8
310 0 8
320 0 8
330 0 8
340 0 8
350 0 8
360 0 8
370 0.2 10
380 0 10
390 0 10
400 0 10
410 0 10
420 0.1 11
430 0 11
440 0.2 13
450 0.1 14
460 0.1 15
470 0 15
480 0.2 17
490 0 17
500 0.1 18
510 0 18
520 0 18
530 0 18
540 0.1 19
550 0.2 21
560 0 21
570 0 21
580 0.1 22
590 0 22
600 0.1 23
610 0.1 24
620 0 24
630 0 24
640 0 24
650 0 24
660 0 24
670 0 24
680 0 24
690 0 24
700 0 24
710 0 24
720 0 24
730 0 24
740 0 24
750 0 24
760 0 24
770 0 24
780 0 24
786 0 24
