200 0.3 3
210 1.4 17
220 3 47
230 2.7 74
240 3.1 105
250 3.3 138
260 3.8 176
270 4 216
280 4.5 261
290 4.2 303
300 7.3 376
310 8 456
320 7.4 530
330 7 600
340 5.7 657
350 8.1 738
360 9.4 832
370 13.9 971
380 12.2 1093
390 14.7 1240
400 13.8 1378
410 14.8 1526
420 15.7 1683
430 15.1 1834
440 17.7 2011
450 16.8 2179
460 16.3 2342
470 16.7 2509
480 16.1 2670
490 14.3 2813
500 15.1 2964
510 13.2 3096
520 14.3 3239
530 14.9 3388
540 14.9 3537
550 14.5 3682
560 16.2 3844
570 16.4 4008
580 17.4 4182
590 15.4 4336
600 15 4486
610 14.8 4634
620 18 4814
630 19.6 5010
640 19 5200
650 19.9 5399
660 16.7 5566
670 11 5676
680 10.3 5779
690 7.1 5850
700 4.1 5891
710 2.2 5913
720 1.7 5930
730 0.3 5933
740 0.2 5935
750 0.1 5936
760 0 5936
770 0 5936
780 0 5936
786 0 5936
