200 0.1 1
210 0.1 2
220 0 2
230 0 2
240 0 2
250 0 2
260 0 2
270 0 2
280 0 2
290 0 2
300 0.2 4
310 0 4
320 0.1 5
330 1 15
340 1.5 30
350 2 50
360 6.1 111
370 10.2 213
380 14.1 354
390 15.2 506
400 12.5 631
410 15.5 786
420 12.9 915
430 9.9 1014
440 10.2 1116
450 12.5 1241
460 10.6 1347
470 10.6 1453
480 12.2 1575
490 11.9 1694
500 10.1 1795
510 9.6 1891
520 13.6 2027
530 16.7 2194
540 12.7 2321
550 17.6 2497
560 16.8 2665
570 14.8 2813
580 13.7 2950
590 15.4 3104
600 15.1 3255
610 13.2 3387
620 12.5 3512
630 9.1 3603
640 5.4 3657
650 3.5 3692
660 1.7 3709
670 1.3 3722
680 0.6 3728
690 0 3728
700 0 3728
710 0 3728
720 0 3728
730 0 3728
740 0 3728
750 0 3728
760 0 3728
770 0 3728
780 0 3728
786 0 3728
