320 3.8 38
330 12.3 161
340 36.1 522
350 39.2 914
360 49.8 1412
370 59.4 2006
380 27.7 2283
390 20.3 2486
400 48 2966
410 40.8 3374
420 57.5 3949
430 52 4469
440 45.9 4928
450 36.2 5290
460 50.4 5794
470 56.1 6355
480 66.7 7022
490 53.5 7557
500 81 8367
510 72.9 9096
520 75.1 9847
530 57.8 10425
540 78.8 11213
550 54 11753
560 57.7 12330
570 76.9 13099
580 78.8 13887
590 95.5 14842
600 78 15622
610 50.5 16127
620 4.2 16169
630 0 16169
640 0 16169
650 0 16169
660 0 16169
670 0 16169
680 0 16169
690 0 16169
700 0 16169
710 0 16169
720 0 16169
730 0 16169
740 0 16169
750 0 16169
760 0 16169
770 0 16169
780 0 16169
786 0 16169
