0 0.6 19.8543701171875 42.069257806162746 113.924072265625 1.002197265625 0 0
10 0.7 1.029541015625 0.13870140697627267 113.924072265625 0.846923828125 19.8543701171875 6
20 1.3 1.0447716346153846 0.2043596146611602 113.924072265625 0.846923828125 9.717923677884615 13
30 0.8 1.02337646484375 0.09702752857166845 113.924072265625 0.846923828125 5.38134765625 26
40 0.4 1.26068115234375 0.4056649167194657 113.924072265625 0.846923828125 4.3559426700367645 34
50 0.7 1.6437290736607142 1.3684611073122115 113.924072265625 0.846923828125 4.0301256681743425 38
60 1.9 1.097142269736842 0.21205457434048516 113.924072265625 0.7041015625 3.658908420138889 45
70 1.3 1.0546687199519231 0.11104476477462807 113.924072265625 0.7041015625 2.8983840942382813 64
80 0.9 1.1953125 0.36705389816268985 113.924072265625 0.7041015625 2.5871074726055197 77
90 1.7 1.3598201976102942 0.9196777409905903 113.924072265625 0.7041015625 2.4414545103561047 86
100 1.8 1.1461724175347223 0.2579611251030178 113.924072265625 0.7041015625 2.2629323422330097 103
110 1.3 2.0994403545673075 1.9666930187427123 113.924072265625 0.7041015625 2.0968027666580578 121
120 1.5 1.6024739583333334 1.2775137986368814 113.924072265625 0.7041015625 2.097058652052239 134
130 2.1 2.1845238095238093 1.4586866968296321 113.924072265625 0.7041015625 2.0472682466442955 149
140 2.7 1.0285282841435188 0.19959998464291268 113.924072265625 0.680908203125 2.0642233455882355 170
150 2.5 1.031865234375 0.24955455310529986 113.924072265625 0.680908203125 1.9222752914815993 197
160 1.6 1.1732940673828125 0.4897706640342257 113.924072265625 0.680908203125 1.8220038886542795 222
170 1.6 0.9217681884765625 0.09259348909833422 113.924072265625 0.680908203125 1.7783931443671221 238
180 3.4 1.2159567440257353 0.916863843702397 113.924072265625 0.678955078125 1.7244325172244097 254
190 3.8 0.909558747944079 0.08573321098696024 113.924072265625 0.678955078125 1.6644041273328996 288
200 3.6 0.9204372829861112 0.18516504610898055 113.924072265625 0.6240234375 1.576416015625 326
210 4.5 0.9796278211805556 0.21225467031050954 113.924072265625 0.6240234375 1.5111805615504144 362
220 3.3 1.0448183001893938 0.30970511961788283 113.924072265625 0.6240234375 1.4524093740402335 407
230 3.4 0.9282513786764706 0.10437585336380474 113.924072265625 0.6240234375 1.4218400435014205 440
240 6 1.4281168619791669 2.1012746806998908 113.924072265625 0.6240234375 1.3864349494000527 474
250 5.7 1.3589381167763157 2.0008279618226807 113.924072265625 0.6240234375 1.3911183103639981 534
260 5.5 1.2125177556818179 1.03484244912688 113.924072265625 0.6240234375 1.38801463687077 591
270 5.6 1.2588762555803574 1.7310779354390906 113.924072265625 0.6240234375 1.3730729519398222 646
280 5.8 1.2137745824353448 1.26924258227339 113.924072265625 0.6240234375 1.3639632439681268 702
290 5.7 1.0673956620065785 0.33890320191705053 113.924072265625 0.6240234375 1.3525014776932567 760
300 10 1.19988037109375 1.2219149908828901 113.924072265625 0.6240234375 1.3326103742732558 817
310 9.8 0.9845967195471939 0.2978210905060809 113.924072265625 0.6240234375 1.3181360009712377 917
320 9.9 2.0222809146148992 9.823037110258738 113.924072265625 0.611083984375 1.2859322082820197 1015
330 8.1 0.9018132716049383 0.21605567393150038 113.924072265625 0.611083984375 1.35137073783943 1114
340 11.5 1.1171875000000007 1.101154227031296 113.924072265625 0.611083984375 1.3208986418017783 1195
350 11.4 1.4405646073190796 5.113162163889932 113.924072265625 0.611083984375 1.3030156026359734 1310
360 16.6 0.8631400602409639 0.20964079882695627 113.924072265625 0.593994140625 1.314027250482795 1424
370 20.3 1.0329060671951964 1.4720735702726133 113.924072265625 0.593994140625 1.2669534935141509 1590
380 15.1 902.4292768263659 1833.245062617036 7059.212890625 0.452880859375 1.2404550955538902 1793
390 17.1 632.5887258429278 1891.400010472171 15032.449951171875 0.405029296875 71.24020410859536 1944
400 13.7 723.8536189838048 1916.1365930285633 15033.597900390625 0.405029296875 116.62582927009457 2115
410 17.9 2306.48629129932 5576.243596363124 31079.446044921875 0.405029296875 153.5664186088061 2252
420 14.2 2067.738683566241 5166.908623047748 31079.446044921875 0.405029296875 312.09075312612487 2431
430 12.6 1613.7269713386654 4097.652764584353 31079.446044921875 0.405029296875 408.98232177070184 2573
440 15.2 8590.538919549239 17237.832298840593 63163.448974609375 0.405029296875 465.22456921255565 2699
450 15.4 4931.530761718748 14237.612044358792 63163.448974609375 0.405029296875 898.4226685640729 2851
460 12.8 7093.095899581908 17161.22182943955 63163.448974609375 0.405029296875 1105.1110700102693 3005
470 13.1 8047.073853470897 18095.533765732936 63197.85107421875 0.405029296875 1349.7526461944917 3133
480 15.3 16344.314520143993 21896.360562949252 63241.363037109375 0.405029296875 1618.5483196482935 3264
490 15.3 26090.136795343133 25098.915609588086 63241.363037109375 0.405029296875 2277.9109853421305 3417
500 14.1 29110.86269946808 28136.300030679628 63241.363037109375 0.405029296875 3298.4349486278875 3570
510 14.8 30762.590274295293 29157.469997473992 63241.363037109375 0.405029296875 4279.182001408396 3711
520 14 17936.743321010043 27432.54844270103 63241.363037109375 0.405029296875 5294.871149992811 3859
530 16.1 13449.792862601902 24538.92072714726 63241.363037109375 0.405029296875 5737.447320020921 3999
540 13.7 7189.6996785184765 16219.37294561398 63241.363037109375 0.405029296875 6035.929923952541 4160
550 16.5 3874.549174360794 10733.05387939128 63241.363037109375 0.405029296875 6072.715229136515 4297
560 14.3 3033.854020979021 8687.787247617905 63241.363037109375 0.405029296875 5991.429393404109 4462
570 12.9 4838.294346535855 14796.634622717835 63241.363037109375 0.405029296875 5899.587204857575 4605
580 14.7 5752.628829852255 16210.917063113005 63241.363037109375 0.405029296875 5870.6673107461465 4734
590 11.2 3355.7515302385605 12128.234089920394 63241.363037109375 0.405029296875 5867.112371862434 4881
600 7 2.157362583705357 3.7223187173370698 63241.363037109375 0.405029296875 5810.7790223207 4993
610 1.2 1.3500162760416667 0.8037711937586828 63241.363037109375 0.405029296875 5730.470210118135 5063
620 0.6 1.0616048177083333 0.3052899092150803 63241.363037109375 0.405029296875 5716.92352197506 5075
630 0.4 0.9754638671875 0.0740133756779372 63241.363037109375 0.405029296875 5710.173832641673 5081
640 0.1 1.18701171875 0.0 63241.363037109375 0.405029296875 5705.682821142145 5085
650 0 0 0 63241.363037109375 0.405029296875 5704.5612136294785 5086
660 0 0 0 63241.363037109375 0.405029296875 5704.5612136294785 5086
670 0 0 0 63241.363037109375 0.405029296875 5704.5612136294785 5086
680 0 0 0 63241.363037109375 0.405029296875 5704.5612136294785 5086
690 0 0 0 63241.363037109375 0.405029296875 5704.5612136294785 5086
700 0 0 0 63241.363037109375 0.405029296875 5704.5612136294785 5086
710 0 0 0 63241.363037109375 0.405029296875 5704.5612136294785 5086
720 0 0 0 63241.363037109375 0.405029296875 5704.5612136294785 5086
730 0 0 0 63241.363037109375 0.405029296875 5704.5612136294785 5086
740 0 0 0 63241.363037109375 0.405029296875 5704.5612136294785 5086
750 0 0 0 63241.363037109375 0.405029296875 5704.5612136294785 5086
760 0 0 0 63241.363037109375 0.405029296875 5704.5612136294785 5086
770 0 0 0 63241.363037109375 0.405029296875 5704.5612136294785 5086
780 0 0 0 63241.363037109375 0.405029296875 5704.5612136294785 5086
786 0 0 0 63241.363037109375 0.405029296875 5704.5612136294785 5086
