0 6 6
10 13 7
20 26 13
30 31 5
40 31 0
50 37 6
60 54 17
70 66 12
80 72 6
90 87 15
100 102 15
110 111 9
120 124 13
130 140 16
140 160 20
150 178 18
160 185 7
170 191 6
180 215 24
190 241 26
200 259 18
210 285 26
220 296 11
230 316 20
240 360 44
250 394 34
260 420 26
270 456 36
280 481 25
290 510 29
300 583 73
310 648 65
320 711 63
330 745 34
340 810 65
350 872 62
360 950 78
370 1034 84
380 1042 8
390 1040 -2
400 1033 -7
410 1038 5
420 1039 1
430 1040 1
440 1048 8
450 1037 -11
460 1042 5
470 1040 -2
480 1036 -4
490 1034 -2
500 1033 -1
510 1038 5
520 1038 0
530 1029 -9
540 1026 -3
550 1030 4
560 1035 5
570 1010 -25
580 1001 -9
590 954 -47
600 892 -62
610 805 -87
620 709 -96
630 599 -110
640 511 -88
650 426 -85
660 349 -77
670 262 -87
680 188 -74
690 136 -52
700 81 -55
710 44 -37
720 26 -18
730 16 -10
740 7 -9
750 3 -4
760 1 -2
770 1 0
780 1 0
786 0 -1
