0 0.1 3.114528900414848 0 3.114528900414848 3.114528900414848 0 0
10 0.1 2.1696252465483234 0.0 3.114528900414848 2.1696252465483234 3.114528900414848 1
20 0.1 1.1892963330029733 0.0 3.114528900414848 1.1892963330029733 2.6420770734815857 2
30 0.1 1.4910536779324055 0.0 3.114528900414848 1.1892963330029733 2.1578168266553814 3
40 0.1 2.274975272007913 0.0 3.114528900414848 1.1892963330029733 1.9911260394746375 4
50 0.1 1.8849206349206349 0.0 3.114528900414848 1.1892963330029733 2.047895885981293 5
60 0.1 1.4970059880239521 0.0 3.114528900414848 1.1892963330029733 2.0207333441378497 6
70 0.1 2.1912350597609564 0.0 3.114528900414848 1.1892963330029733 1.945915150407293 7
80 0.1 2.7916251246261217 0.0 3.114528900414848 1.1892963330029733 1.9765801390765008 8
90 0.1 2.404809619238477 0.0 3.114528900414848 1.1892963330029733 2.0671406930264586 9
100 0.1 3.1124497991967868 0.0 3.114528900414848 1.1892963330029733 2.1009075856476604 10
110 0.1 4.091816367265469 0.0 4.091816367265469 1.1892963330029733 2.1928659686975815 11
120 0.1 4.378109452736319 0.0 4.378109452736319 1.1892963330029733 2.3511118352449056 12
130 0.1 3.8272816486751715 0.0 4.378109452736319 1.1892963330029733 2.507034728898091 13
140 0.1 4.403131115459883 0.0 4.403131115459883 1.1892963330029733 2.6013380803107395 14
150 0.1 4.378818737270876 0.0 4.403131115459883 1.1892963330029733 2.721457615987349 15
160 0.1 5.95959595959596 0.0 5.95959595959596 1.1892963330029733 2.8250426860675697 16
170 0.1 5.188199389623601 0.0 5.95959595959596 1.1892963330029733 3.0094281727457104 17
180 0.1 5.487804878048781 0.0 5.95959595959596 1.1892963330029733 3.1304710181278153 18
190 0.1 5.977710233029382 0.0 5.977710233029382 1.1892963330029733 3.2545412212815505 19
200 0.1 6.694129763130793 0.0 6.694129763130793 1.1892963330029733 3.390699671868942 20
210 0.1 7.128099173553719 0.0 7.128099173553719 1.1892963330029733 3.548005866690935 21
220 0.1 8.041237113402062 0.0 8.041237113402062 1.1892963330029733 3.710737380639243 22
230 0.1 7.900207900207901 0.0 8.041237113402062 1.1892963330029733 3.8990199777158874 23
240 0.1 8.333333333333332 0.0 8.333333333333332 1.1892963330029733 4.065736141153055 24
250 0.1 9.508881922675027 0.0 9.508881922675027 1.1892963330029733 4.236440028840266 25
260 0.1 12.008281573498964 0.0 12.008281573498964 1.1892963330029733 4.4392262555262185 26
270 0.1 12.839248434237996 0.0 12.839248434237996 1.1892963330029733 4.719561637673357 27
280 0.1 13.038906414300735 0.0 13.038906414300735 1.1892963330029733 5.009550451836381 28
290 0.1 12.83138918345705 0.0 13.038906414300735 1.1892963330029733 5.2864247953696335 29
300 0.1 15.327695560253698 0.0 15.327695560253698 1.1892963330029733 5.5379236083058805 30
310 0.1 16.61409043112513 0.0 16.61409043112513 1.1892963330029733 5.8537227035300035 31
320 0.1 18.181818181818183 0.0 18.181818181818183 1.1892963330029733 6.1899841950173515 32
330 0.1 18.545837723919917 0.0 18.545837723919917 1.1892963330029733 6.553373103708286 33
340 0.1 18.30835117773019 0.0 18.545837723919917 1.1892963330029733 6.906092651361568 34
350 0.1 19.189765458422176 0.0 19.189765458422176 1.1892963330029733 7.231871466400673 35
360 0.1 19.82758620689655 0.0 19.82758620689655 1.1892963330029733 7.564035188401269 36
370 0.1 21.96969696969697 0.0 21.96969696969697 1.1892963330029733 7.895482513225467 37
380 0.1 22.76595744680851 0.0 22.76595744680851 1.1892963330029733 8.265856577869455 38
390 0.1 22.91220556745182 0.0 22.91220556745182 1.1892963330029733 8.637654036047378 39
400 0.1 22.842105263157894 0.0 22.91220556745182 1.1892963330029733 8.99451782433249 40
410 0.1 21.790722761596548 0.0 22.91220556745182 1.1892963330029733 9.332263859425794 41
420 0.1 22.22222222222222 0.0 22.91220556745182 1.1892963330029733 9.628893833287002 42
430 0.1 22.96137339055794 0.0 22.96137339055794 1.1892963330029733 9.921761935355264 43
440 0.1 21.932681867535287 0.0 22.96137339055794 1.1892963330029733 10.218116741155324 44
450 0.1 21.514818880351264 0.0 22.96137339055794 1.1892963330029733 10.478440410630434 45
460 0.1 23.66167023554604 0.0 23.66167023554604 1.1892963330029733 10.71836168171132 46
470 0.1 23.390557939914164 0.0 23.66167023554604 1.1892963330029733 10.99375122540993 47
480 0.1 21.65058949624866 0.0 23.66167023554604 1.1892963330029733 11.252018031962102 48
490 0.1 20.064377682403432 0.0 23.66167023554604 1.1892963330029733 11.464233776131216 49
500 0.1 20.02129925452609 0.0 23.66167023554604 1.1892963330029733 11.636236654256662 50
510 0.1 20.447284345047922 0.0 23.66167023554604 1.1892963330029733 11.800649646418806 51
520 0.1 19.675675675675674 0.0 23.66167023554604 1.1892963330029733 11.966931082930905 52
530 0.1 18.241042345276874 0.0 23.66167023554604 1.1892963330029733 12.112379094114768 53
540 0.1 19.978517722878625 0.0 23.66167023554604 1.1892963330029733 12.225872858025177 54
550 0.1 21.66488794023479 0.0 23.66167023554604 1.1892963330029733 12.366830037386151 55
560 0.1 20.36637931034483 0.0 23.66167023554604 1.1892963330029733 12.532866785651306 56
570 0.1 21.012931034482758 0.0 23.66167023554604 1.1892963330029733 12.670296829944176 57
580 0.1 21.160042964554243 0.0 23.66167023554604 1.1892963330029733 12.814135350712082 58
590 0.1 22.741433021806852 0.0 23.66167023554604 1.1892963330029733 12.955591411963645 59
600 0.1 20.79314040728832 0.0 23.66167023554604 1.1892963330029733 13.1186887721277 60
610 0.1 18.88412017167382 0.0 23.66167023554604 1.1892963330029733 13.244499454671315 61
620 0.1 18.037974683544302 0.0 23.66167023554604 1.1892963330029733 13.335461079139098 62
640 0.1 15.541264737406216 0.0 23.66167023554604 1.1892963330029733 13.410104152224894 63
650 0.1 12.513484358144552 0.0 23.66167023554604 1.1892963330029733 13.443403536368352 64
660 0.1 12.434691745036574 0.0 23.66167023554604 1.1892963330029733 13.4290970874726 65
670 0.1 8.870116156282998 0.0 23.66167023554604 1.1892963330029733 13.414030339859934 66
680 0.1 6.882168925964546 0.0 23.66167023554604 1.1892963330029733 13.34621072517968 67
690 0.1 5.641025641025641 0.0 23.66167023554604 1.1892963330029733 13.25115128695593 68
700 0.1 4.610655737704918 0.0 23.66167023554604 1.1892963330029733 13.140859610927953 69
710 0.1 2.730030333670374 0.0 23.66167023554604 1.1892963330029733 13.018999555596196 70
720 0.1 2.1042084168336674 0.0 23.66167023554604 1.1892963330029733 12.87408449613245 71
730 0.1 1.7892644135188867 0.0 23.66167023554604 1.1892963330029733 12.724502883919968 72
740 0.1 1.5794669299111548 0.0 23.66167023554604 1.1892963330029733 12.5747050966542 73
750 0.1 1.188118811881188 0.0 23.66167023554604 1.188118811881188 12.42612079710362 74
760 0.1 1.0869565217391304 0.0 23.66167023554604 1.0869565217391304 12.276280770633987 75
770 0.1 0.8902077151335311 0.0 23.66167023554604 0.8902077151335311 12.129052819990633 76
780 0.1 0.8884501480750246 0.0 23.66167023554604 0.8884501480750246 11.983093792654826 77
786 0.1 1.085883514313919 0.0 23.66167023554604 0.8884501480750246 11.840854771570468 78
