0 0 0
10 0 0
20 0 0
30 0.3 3
40 0.4 7
50 0.1 8
60 0.2 10
70 0.1 11
80 0.3 14
90 0.2 16
100 0.3 19
110 0.4 23
120 0.2 25
130 0.5 30
140 0.7 37
150 0.7 44
160 0.9 53
170 1 63
180 1.1 74
190 1.2 86
200 1.7 103
210 1.9 122
220 2.4 146
230 1.3 159
240 1.5 174
250 2.3 197
260 3.1 228
270 1.8 246
280 3.4 280
290 2.7 307
300 2.7 334
310 3.4 368
320 3.5 403
330 5 453
340 4.7 500
350 5.6 556
360 6 616
370 5.8 674
380 5.9 733
390 6.8 801
400 7.7 878
410 7.5 953
420 6.7 1020
430 7 1090
440 8.5 1175
450 8.4 1259
460 6.9 1328
470 7.3 1401
480 8.4 1485
490 9.1 1576
500 8.8 1664
510 10.1 1765
520 8.6 1851
530 9.2 1943
540 9.7 2040
550 9.8 2138
560 8.7 2225
570 10 2325
580 11.1 2436
590 11.4 2550
600 11.3 2663
610 9.9 2762
620 10.4 2866
630 11 2976
640 9.1 3067
650 8.3 3150
660 7.8 3228
670 8.7 3315
680 7.4 3389
690 5.1 3440
700 5.8 3498
710 3.6 3534
720 1.6 3550
730 1 3560
740 1 3570
750 0.3 3573
760 0.2 3575
770 0 3575
780 0 3575
786 0.1 3576
