0 0.1 3159.1875 0 3159.1875 3159.1875 0 0
10 0.1 3159.3046875 0.0 3159.3046875 3159.1875 3159.1875 1
20 0.1 3157.3828125 0.0 3159.3046875 3157.3828125 3159.24609375 2
30 0.1 3153.7890625 0.0 3159.3046875 3153.7890625 3158.625 3
40 0.1 3150.6328125 0.0 3159.3046875 3150.6328125 3157.416015625 4
50 0.1 3149.59375 0.0 3159.3046875 3149.59375 3156.059375 5
60 0.1 3149.37890625 0.0 3159.3046875 3149.37890625 3154.9817708333335 6
70 0.1 3145.04296875 0.0 3159.3046875 3145.04296875 3154.1813616071427 7
80 0.1 3140.125 0.0 3159.3046875 3140.125 3153.0390625 8
90 0.1 3136.265625 0.0 3159.3046875 3136.265625 3151.6041666666665 9
100 0.1 3132.671875 0.0 3159.3046875 3132.671875 3150.0703125 10
110 0.1 3125.93359375 0.0 3159.3046875 3125.93359375 3148.4886363636365 11
120 0.1 3119.43359375 0.0 3159.3046875 3119.43359375 3146.6090494791665 12
130 0.1 3118.2421875 0.0 3159.3046875 3118.2421875 3144.5186298076924 13
140 0.1 3115.890625 0.0 3159.3046875 3115.890625 3142.6417410714284 14
150 0.1 3109.1328125 0.0 3159.3046875 3109.1328125 3140.858333333333 15
160 0.1 3106.50390625 0.0 3159.3046875 3106.50390625 3138.87548828125 16
170 0.1 3104.734375 0.0 3159.3046875 3104.734375 3136.9712775735293 17
180 0.1 3101.0546875 0.0 3159.3046875 3101.0546875 3135.1803385416665 18
190 0.1 3098.375 0.0 3159.3046875 3098.375 3133.3842516447367 19
200 0.1 3092.58984375 0.0 3159.3046875 3092.58984375 3131.6337890625 20
210 0.1 3083.06640625 0.0 3159.3046875 3083.06640625 3129.7745535714284 21
220 0.1 3073.07421875 0.0 3159.3046875 3073.07421875 3127.651455965909 22
230 0.1 3069.9921875 0.0 3159.3046875 3069.9921875 3125.2785326086955 23
240 0.1 3064.8203125 0.0 3159.3046875 3064.8203125 3122.9749348958335 24
250 0.1 3057.09375 0.0 3159.3046875 3057.09375 3120.64875 25
260 0.1 3044.78515625 0.0 3159.3046875 3044.78515625 3118.204326923077 26
270 0.1 3029.4609375 0.0 3159.3046875 3029.4609375 3115.4850983796296 27
280 0.1 3020.7109375 0.0 3159.3046875 3020.7109375 3112.4128069196427 28
290 0.1 3012.33984375 0.0 3159.3046875 3012.33984375 3109.2506734913795 29
300 0.1 2996.61328125 0.0 3159.3046875 2996.61328125 3106.0203125 30
310 0.1 2978.0859375 0.0 3159.3046875 2978.0859375 3102.4910534274195 31
320 0.1 2958.50390625 0.0 3159.3046875 2958.50390625 3098.6033935546875 32
330 0.1 2945.26953125 0.0 3159.3046875 2945.26953125 3094.3579545454545 33
340 0.1 2927.34375 0.0 3159.3046875 2927.34375 3089.9730009191176 34
350 0.1 2917.51953125 0.0 3159.3046875 2917.51953125 3085.3264508928573 35
360 0.1 2906.10546875 0.0 3159.3046875 2906.10546875 3080.6651475694443 36
370 0.1 2899.85546875 0.0 3159.3046875 2899.85546875 3075.947318412162 37
380 0.1 2888.890625 0.0 3159.3046875 2888.890625 3071.3133223684213 38
390 0.1 2879.765625 0.0 3159.3046875 2879.765625 3066.635817307693 39
400 0.1 2870.76953125 0.0 3159.3046875 2870.76953125 3061.9640625 40
410 0.1 2862.9921875 0.0 3159.3046875 2862.9921875 3057.30078125 41
420 0.1 2851.66015625 0.0 3159.3046875 2851.66015625 3052.674386160714 42
430 0.1 2846.30859375 0.0 3159.3046875 2846.30859375 3047.999636627907 43
440 0.1 2846.53125 0.0 3159.3046875 2846.30859375 3043.4157492897725 44
450 0.1 2839.734375 0.0 3159.3046875 2839.734375 3039.0405381944443 45
460 0.1 2828.56640625 0.0 3159.3046875 2828.56640625 3034.7077955163045 46
470 0.1 2826.4453125 0.0 3159.3046875 2826.4453125 3030.321808510638 47
480 0.1 2814.3203125 0.0 3159.3046875 2814.3203125 3026.0743815104165 48
490 0.1 2808.57421875 0.0 3159.3046875 2808.57421875 3021.752869897959 49
500 0.1 2807.30859375 0.0 3159.3046875 2807.30859375 3017.489296875 50
510 0.1 2805.91796875 0.0 3159.3046875 2805.91796875 3013.368106617647 51
520 0.1 2806.79296875 0.0 3159.3046875 2805.91796875 3009.378680889423 52
530 0.1 2805.96484375 0.0 3159.3046875 2805.91796875 3005.556308962264 53
540 0.1 2805.20703125 0.0 3159.3046875 2805.20703125 3001.8601707175926 54
550 0.1 2802.546875 0.0 3159.3046875 2802.546875 2998.284659090909 55
560 0.1 2803.703125 0.0 3159.3046875 2802.546875 2994.7893415178573 56
570 0.1 2803.99609375 0.0 3159.3046875 2802.546875 2991.436951754386 57
580 0.1 2805.99609375 0.0 3159.3046875 2802.546875 2988.205212823276 58
590 0.1 2804.71484375 0.0 3159.3046875 2802.546875 2985.1169226694915 59
600 0.1 2803.9609375 0.0 3159.3046875 2802.546875 2982.1102213541667 60
610 0.1 2803.40625 0.0 3159.3046875 2802.546875 2979.1897412909834 61
620 0.1 2802.125 0.0 3159.3046875 2802.125 2976.354523689516 62
640 0.1 2805.234375 0.0 3159.3046875 2802.125 2973.5889756944443 63
650 0.1 2829.8203125 0.0 3159.3046875 2802.125 2970.9584350585938 64
660 0.1 2831.01953125 0.0 3159.3046875 2802.125 2968.787079326923 65
670 0.1 2835.9140625 0.0 3159.3046875 2802.125 2966.6996922348485 66
680 0.1 2859.1484375 0.0 3159.3046875 2802.125 2964.747667910448 67
690 0.1 2860.125 0.0 3159.3046875 2802.125 2963.1947380514707 68
700 0.1 2873.125 0.0 3159.3046875 2802.125 2961.700973731884 69
710 0.1 2893.4375 0.0 3159.3046875 2802.125 2960.4356026785713 70
720 0.1 2921.53515625 0.0 3159.3046875 2802.125 2959.4919674295775 71
730 0.1 2951.890625 0.0 3159.3046875 2802.125 2958.964789496528 72
740 0.1 2994.92578125 0.0 3159.3046875 2802.125 2958.8678831335615 73
750 0.1 2995.26953125 0.0 3159.3046875 2802.125 2959.355152027027 74
760 0.1 3011.7578125 0.0 3159.3046875 2802.125 2959.834010416667 75
770 0.1 3012.02734375 0.0 3159.3046875 2802.125 2960.517218338816 76
780 0.1 3015.84765625 0.0 3159.3046875 2802.125 2961.1861810064934 77
786 0.1 3016.01953125 0.0 3159.3046875 2802.125 2961.886969150641 78
