0 0.1 0.0 0 0.0 0.0 0 0
10 0.1 0.0 0.0 0.0 0.0 0.0 1
20 0.1 0.0 0.0 0.0 0.0 0.0 2
30 0.1 0.0 0.0 0.0 0.0 0.0 3
40 0.1 0.0 0.0 0.0 0.0 0.0 4
50 0.1 0.0 0.0 0.0 0.0 0.0 5
60 0.1 0.0 0.0 0.0 0.0 0.0 6
70 0.1 0.0 0.0 0.0 0.0 0.0 7
80 0.1 0.0 0.0 0.0 0.0 0.0 8
90 0.1 0.0 0.0 0.0 0.0 0.0 9
100 0.1 0.0 0.0 0.0 0.0 0.0 10
110 0.1 0.0 0.0 0.0 0.0 0.0 11
120 0.1 0.0 0.0 0.0 0.0 0.0 12
130 0.1 0.0 0.0 0.0 0.0 0.0 13
140 0.1 0.0 0.0 0.0 0.0 0.0 14
150 0.1 0.0 0.0 0.0 0.0 0.0 15
160 0.1 0.0 0.0 0.0 0.0 0.0 16
170 0.1 0.0 0.0 0.0 0.0 0.0 17
180 0.1 0.0 0.0 0.0 0.0 0.0 18
190 0.1 0.0 0.0 0.0 0.0 0.0 19
200 0.1 0.0 0.0 0.0 0.0 0.0 20
210 0.1 0.0 0.0 0.0 0.0 0.0 21
220 0.1 0.0 0.0 0.0 0.0 0.0 22
230 0.1 0.0 0.0 0.0 0.0 0.0 23
240 0.1 0.0 0.0 0.0 0.0 0.0 24
250 0.1 0.078125 0.0 0.078125 0.0 0.0 25
260 0.1 0.21875 0.0 0.21875 0.0 0.0030048076923076925 26
270 0.1 0.19140625 0.0 0.21875 0.0 0.01099537037037037 27
280 0.1 0.16015625 0.0 0.21875 0.0 0.017438616071428572 28
290 0.1 0.21875 0.0 0.21875 0.0 0.02235991379310345 29
300 0.1 0.1796875 0.0 0.21875 0.0 0.02890625 30
310 0.1 0.1484375 0.0 0.21875 0.0 0.03377016129032258 31
320 0.1 0.12890625 0.0 0.21875 0.0 0.037353515625 32
330 0.1 0.109375 0.0 0.21875 0.0 0.04012784090909091 33
340 0.1 0.08984375 0.0 0.21875 0.0 0.04216452205882353 34
350 0.1 0.16015625 0.0 0.21875 0.0 0.04352678571428571 35
360 0.1 0.30078125 0.0 0.30078125 0.0 0.04676649305555555 36
370 0.1 0.3203125 0.0 0.3203125 0.0 0.05363175675675676 37
380 0.1 0.26953125 0.0 0.3203125 0.0 0.06064967105263158 38
390 0.1 0.23046875 0.0 0.3203125 0.0 0.06600560897435898 39
400 0.1 0.19921875 0.0 0.3203125 0.0 0.0701171875 40
410 0.1 0.171875 0.0 0.3203125 0.0 0.07326600609756098 41
420 0.1 0.140625 0.0 0.3203125 0.0 0.0756138392857143 42
430 0.1 0.12109375 0.0 0.3203125 0.0 0.07712572674418607 43
440 0.1 0.1015625 0.0 0.3203125 0.0 0.07812500000000001 44
450 0.1 0.08984375 0.0 0.3203125 0.0 0.07864583333333335 45
460 0.1 0.0703125 0.0 0.3203125 0.0 0.07888926630434784 46
470 0.1 0.12890625 0.0 0.3203125 0.0 0.07870678191489362 47
480 0.1 0.19140625 0.0 0.3203125 0.0 0.07975260416666667 48
490 0.1 0.16015625 0.0 0.3203125 0.0 0.08203125 49
500 0.1 0.2109375 0.0 0.3203125 0.0 0.08359375 50
510 0.1 0.1796875 0.0 0.3203125 0.0 0.0860906862745098 51
520 0.1 0.23046875 0.0 0.3203125 0.0 0.087890625 52
530 0.1 0.19140625 0.0 0.3203125 0.0 0.0905807783018868 53
540 0.1 0.16015625 0.0 0.3203125 0.0 0.09244791666666667 54
550 0.1 0.140625 0.0 0.3203125 0.0 0.09367897727272727 55
560 0.1 0.3515625 0.0 0.3515625 0.0 0.09451729910714286 56
570 0.1 0.37109375 0.0 0.37109375 0.0 0.09902686403508772 57
580 0.1 0.3984375 0.0 0.3984375 0.0 0.10371767241379311 58
590 0.1 0.41015625 0.0 0.41015625 0.0 0.10871292372881355 59
600 0.1 0.3515625 0.0 0.41015625 0.0 0.11373697916666667 60
610 0.1 0.2890625 0.0 0.41015625 0.0 0.11763575819672131 61
620 0.1 0.25 0.0 0.41015625 0.0 0.1204007056451613 62
640 0.1 0.2109375 0.0 0.41015625 0.0 0.1224578373015873 63
650 0.1 0.1796875 0.0 0.41015625 0.0 0.12384033203125 64
660 0.1 0.1484375 0.0 0.41015625 0.0 0.12469951923076923 65
670 0.1 0.12890625 0.0 0.41015625 0.0 0.1250591856060606 66
680 0.1 0.109375 0.0 0.41015625 0.0 0.12511660447761194 67
690 0.1 0.08984375 0.0 0.41015625 0.0 0.12488511029411764 68
700 0.1 0.078125 0.0 0.41015625 0.0 0.12437726449275362 69
710 0.1 0.05859375 0.0 0.41015625 0.0 0.12371651785714285 70
720 0.1 0.05078125 0.0 0.41015625 0.0 0.12279929577464789 71
730 0.1 0.05078125 0.0 0.41015625 0.0 0.1217990451388889 72
740 0.1 0.0390625 0.0 0.41015625 0.0 0.12082619863013698 73
750 0.1 0.03125 0.0 0.41015625 0.0 0.11972128378378379 74
760 0.1 0.03125 0.0 0.41015625 0.0 0.11854166666666667 75
770 0.1 0.01953125 0.0 0.41015625 0.0 0.11739309210526316 76
780 0.1 0.01953125 0.0 0.41015625 0.0 0.11612215909090909 77
786 0.1 0.01953125 0.0 0.41015625 0.0 0.1148838141025641 78
