10 0.1 1
20 0.3 4
30 0.8 12
40 0.7 19
50 0.5 24
60 0.9 33
70 0.6 39
80 1 49
90 0.8 57
100 1.3 70
110 1.6 86
120 1.9 105
130 1.1 116
140 1.3 129
150 2.3 152
160 2.1 173
170 2.3 196
180 1.7 213
190 1.6 229
200 4.7 276
210 3.7 313
220 4 353
230 3.5 388
240 4.2 430
250 5 480
260 5.8 538
270 6.4 602
280 6.4 666
290 7.6 742
300 5.1 793
310 7.8 871
320 8.6 957
330 7.8 1035
340 9.8 1133
350 11.6 1249
360 11.8 1367
370 12.4 1491
380 11 1601
390 11.9 1720
400 12.9 1849
410 13.4 1983
420 11.8 2101
430 12.8 2229
440 14 2369
450 11.5 2484
460 10.5 2589
470 11.5 2704
480 12.2 2826
490 11.8 2944
500 12 3064
510 14.5 3209
520 14.9 3358
530 12 3478
540 13.8 3616
550 13.1 3747
560 12.5 3872
570 14.2 4014
580 12.3 4137
590 13.2 4269
600 13.4 4403
610 12.7 4530
620 12 4650
630 12.1 4771
640 8.8 4859
650 5.8 4917
660 4.9 4966
670 5.5 5021
680 4.6 5067
690 2.2 5089
700 2.4 5113
710 1.9 5132
720 0.6 5138
730 0.2 5140
740 0.4 5144
750 0.1 5145
760 0 5145
770 0 5145
780 0 5145
786 0 5145
