0 2.1 32.76211402529762 35.97553086353497 124.64599609375 7.557861328125 0 0
10 4.7 31.67893430019947 36.99466844660298 124.64599609375 4.180908203125 32.76211402529762 21
20 12.4 30.927988360005028 35.866944023950204 124.64599609375 4.180908203125 32.01344568589155 68
30 15.7 34.12549761146497 38.09299251508386 124.64599609375 0.389892578125 31.31242116292317 192
40 17.8 21.44026098358498 27.810659787011616 124.64599609375 0.389892578125 32.57790254521848 349
50 14.6 30.303480174443493 35.23711997136707 124.64599609375 0.389892578125 28.816042587019687 527
60 20.5 23.901059927591465 28.526427472147404 124.64599609375 0.389892578125 29.138725926936292 673
70 26.1 24.03335840217912 30.474521394616666 124.64599609375 0.389892578125 27.91580846695259 878
80 27.1 26.495046017354703 31.865917092119435 124.64599609375 0.389892578125 27.02615134060854 1139
90 35.2 26.045331781560723 41.195171647269646 537.64501953125 0.389892578125 26.924073650820034 1410
100 39 23.817679537259608 29.964412108727938 537.64501953125 0.389892578125 26.748524764339173 1762
110 46.3 26.155166395282127 31.995010799166472 537.64501953125 0.389892578125 26.217377162777357 2152
120 49.6 21.09624259702621 27.89911060139592 537.64501953125 0.389892578125 26.206362407385278 2615
130 57.4 18.473506914198595 23.493875547961736 537.64501953125 0.389892578125 25.391634208755224 3111
140 65.4 19.5914403699589 25.43202126143512 537.64501953125 0.389892578125 24.314020893402308 3685
150 74.1 22.484802328462386 28.451980090378914 537.64501953125 0.389892578125 23.602205345503716 4339
160 81.6 19.070041432100197 24.66722386906672 537.64501953125 0.389892578125 23.439214078647883 5080
170 78.1 18.230962032850513 23.716057477009365 537.64501953125 0.389892578125 22.834525327022558 5896
180 86.2 18.337652998568018 24.97828813002133 537.64501953125 0.389892578125 22.296052519961247 6677
190 98.3 20.899331606052893 27.757153812454792 537.64501953125 0.389892578125 21.843453980706578 7539
200 114.7 25.81489457892874 33.27737822382951 537.64501953125 0.389892578125 21.73455087177856 8522
210 115.8 22.59686458501994 29.916458958454463 537.64501953125 0.389892578125 22.218587921328794 9669
220 118.8 22.734830811368887 30.2395370260489 537.64501953125 0.389892578125 22.259046439529065 10827
230 125 20.686102539062478 27.60587966863122 537.64501953125 0.389892578125 22.306090287531205 12015
240 134.5 23.28049289178671 30.54260654626657 537.64501953125 0.389892578125 22.153434073012857 13265
250 155.6 24.3835384888637 31.650269281129596 537.64501953125 0.389892578125 22.257191370155283 14610
260 163.6 30.472671471481505 39.955873249805165 537.64501953125 0.389892578125 22.46185523980209 16166
270 183.3 35.04552097185282 41.359551262223846 537.64501953125 0.389892578125 23.19804754151131 17802
280 192.7 29.226932955208873 35.718162000058 537.64501953125 0.389892578125 24.30405308252562 19635
290 197.8 39.48889839010372 44.26044361366244 537.64501953125 0.389892578125 24.744011783697157 21562
300 232.8 106.6964221443097 97.54635456390577 679.822998046875 0.389892578125 25.98298313915477 23540
310 237.5 140.63762921463814 104.92821253606591 689.958984375 0.389892578125 33.24681822512974 25868
320 250.9 307.4335931661644 146.71816845169383 871.927978515625 0.389892578125 42.27748692534157 28243
330 255.1 343.1506538106995 156.55979564862238 888.3779296875 0.389892578125 63.91109353818706 30752
340 270.2 357.3359823163398 192.58533173751843 1025.2470703125 0.389892578125 85.30076168385499 33303
350 282.5 344.61494754217404 181.15356623185892 1025.2470703125 0.389892578125 105.71568089365846 36005
360 308.1 330.5846382693334 192.26755216111354 1679.18994140625 0.389892578125 123.09632545410287 38830
370 320.9 481.66558265388863 881.5080010022226 6882.571044921875 0.389892578125 138.3493972439367 41911
380 311.5 712.1922996557735 1770.9143529731773 10139.590087890625 0.386962890625 162.7665434979379 45120
390 317.6 754.0828001853487 1975.240679907443 15593.251953125 0.364013671875 198.24827316377508 48235
400 311.5 729.0579890806823 1910.4023650554257 24051.423828125 0.364013671875 232.5858751909778 51411
410 325.1 789.3815950260505 2129.5500047507985 24324.48193359375 0.364013671875 260.9486862309666 54526
420 317.4 823.6157526546258 2615.0473523435503 40073.97802734375 0.364013671875 290.6825835688834 57777
430 317.3 788.1840335570629 2518.2377438802637 40934.130859375 0.364013671875 318.43487440378595 60951
440 333.9 803.1845055300525 2512.50301089183 42071.070068359375 0.364013671875 341.6791212067513 64124
450 328.7 1083.2495879244934 5076.776552706806 71900.92602539063 0.364013671875 364.52077482807704 67463
460 314.8 890.3394859924704 4059.5182992819123 73612.44702148438 0.364013671875 397.9124583425353 70750
470 328.7 1017.4661123602447 5046.2140683978705 74438.88793945313 0.364013671875 418.889484554909 73898
480 333.6 1120.5598214055706 5286.341071906768 74438.88793945313 0.364013671875 444.38046564704007 77185
490 316.6 1562.7238993930882 7396.556267833859 74438.88793945313 0.364013671875 472.3947020674827 80521
500 326.4 1863.0201502781276 8977.34309487959 79941.69799804688 0.364013671875 513.643429333759 83687
510 313.7 2094.3973249752266 9985.36531196729 79941.69799804688 0.364013671875 564.296850423366 86951
520 327.7 2015.7378688855356 10117.842285971363 87107.52294921875 0.364013671875 617.5772561230062 90088
530 324.3 1798.9356036378824 9322.976958737218 136252.67407226563 0.364013671875 666.6510238948994 93365
540 331.4 1172.2051614451684 6684.588636857674 143214.05102539063 0.364013671875 704.6602870212088 96608
550 333 1046.1741930895744 5118.792865659204 143214.05102539063 0.364013671875 720.1668192547609 99922
560 332.6 884.9047597585778 3849.7515402653235 143214.05102539063 0.364013671875 730.6809454205487 103252
570 351.1 905.9220668496113 4713.467466786318 144159.65209960938 0.364013671875 735.4938374478742 106578
580 345.7 869.5259962095708 4407.16492838991 144159.65209960938 0.364013671875 740.9291989592831 110089
590 342.9 864.7200743685526 4409.567686349459 144159.65209960938 0.364013671875 744.8444326803674 113546
600 333.7 437.54009561650054 1349.6745560051902 144159.65209960938 0.364013671875 748.3584619631098 116975
610 309.5 325.2404672354614 174.3701997302456 144159.65209960938 0.364013671875 739.7375356340766 120312
620 277.7 298.3368454006965 110.37813919905851 144159.65209960938 0.364013671875 729.3421089022567 123407
630 273.5 66.56790367558841 71.54691681614104 144159.65209960938 0.364013671875 719.8567413695755 126184
640 245.1 24.40205289295183 21.006187481008478 144159.65209960938 0.364013671875 705.9973027213308 128919
650 213.7 19.616210023543573 17.016159126850948 144159.65209960938 0.364013671875 693.2806249613449 131370
660 185.8 19.699610452477387 21.322492555562715 144159.65209960938 0.364013671875 682.4975135535379 133507
670 138.5 14.826638826996842 11.245624253350178 144159.65209960938 0.364013671875 673.400047414124 135365
680 115.1 16.143914216917363 12.240924881932084 144159.65209960938 0.364013671875 666.7300351955267 136750
690 90.6 14.6428761598027 10.691934546949367 144159.65209960938 0.364013671875 661.2998742449435 137901
700 53 14.606609761939858 8.736248575186366 144159.65209960938 0.364013671875 657.0791127540595 138807
710 35.2 13.438146417791188 7.305260914306706 144159.65209960938 0.364013671875 654.635322328072 139337
720 19.9 14.046667664494347 8.640772186179694 144159.65209960938 0.364013671875 653.0195801728528 139689
730 11 13.243603515625 11.478623097468176 144159.65209960938 0.364013671875 652.110598633413 139888
740 7 11.901381138392855 4.637561029335537 144159.65209960938 0.364013671875 651.6086245376191 139998
750 4.2 13.25849841889881 5.894418933484894 144159.65209960938 0.364013671875 651.2889261979701 140068
760 1.5 11.894075520833333 2.120649175011751 144159.65209960938 0.364013671875 651.0976673444499 140110
770 0.2 12.1138916015625 0.2359619140625 144159.65209960938 0.364013671875 651.0292423390807 140125
780 0.4 11.39971923828125 2.3899313934943183 144159.65209960938 0.364013671875 651.0201232492445 140127
786 0.4 11.701171875 2.558940235002405 144159.65209960938 0.364013671875 651.0018654646284 140131
