10 0.1 89 0 89 89 0 0
20 0.1 186.0 0.0 186 89 89.0 1
30 0.1 493.0 0.0 493 89 137.5 2
40 0.1 574.0 0.0 574 89 256.0 3
50 0.1 475.0 0.0 574 89 335.5 4
60 0.1 432.0 0.0 574 89 363.4 5
70 0.1 613.0 0.0 613 89 374.8333333333333 6
80 0.1 808.0 0.0 808 89 408.85714285714283 7
90 0.1 849.0 0.0 849 89 458.75 8
100 0.1 1090.0 0.0 1090 89 502.1111111111111 9
110 0.1 1177.0 0.0 1177 89 560.9 10
120 0.1 1415.0 0.0 1415 89 616.9090909090909 11
130 0.1 1359.0 0.0 1415 89 683.4166666666666 12
140 0.1 1579.0 0.0 1579 89 735.3846153846154 13
150 0.1 1939.0 0.0 1939 89 795.6428571428571 14
160 0.1 2179.0 0.0 2179 89 871.8666666666667 15
170 0.1 2133.0 0.0 2179 89 953.5625 16
180 0.1 2197.0 0.0 2197 89 1022.9411764705883 17
190 0.1 2625.0 0.0 2625 89 1088.1666666666667 18
200 0.1 3028.0 0.0 3028 89 1169.0526315789473 19
210 0.1 3328.0 0.0 3328 89 1262.0 20
220 0.1 3466.0 0.0 3466 89 1360.3809523809523 21
230 0.1 3545.0 0.0 3545 89 1456.090909090909 22
240 0.1 3512.0 0.0 3545 89 1546.9130434782608 23
250 0.1 4072.0 0.0 4072 89 1628.7916666666667 24
260 0.1 4646.0 0.0 4646 89 1726.52 25
270 0.1 5556.0 0.0 5556 89 1838.8076923076924 26
280 0.1 5762.0 0.0 5762 89 1976.4814814814815 27
290 0.1 5846.0 0.0 5846 89 2111.6785714285716 28
300 0.1 7671.0 0.0 7671 89 2240.448275862069 29
310 0.1 8455.0 0.0 8455 89 2421.4666666666667 30
320 0.1 8949.0 0.0 8949 89 2616.0967741935483 31
330 0.1 9211.0 0.0 9211 89 2814.0 32
340 0.1 9608.0 0.0 9608 89 3007.848484848485 33
350 0.1 9585.0 0.0 9608 89 3201.970588235294 34
360 0.1 9990.0 0.0 9990 89 3384.342857142857 35
370 0.1 10664.0 0.0 10664 89 3567.8333333333335 36
380 0.1 10620.0 0.0 10664 89 3759.6216216216217 37
390 0.1 10861.0 0.0 10861 89 3940.157894736842 38
400 0.1 10614.0 0.0 10861 89 4117.615384615385 39
410 0.1 10734.0 0.0 10861 89 4280.025 40
420 0.1 10671.0 0.0 10861 89 4437.4390243902435 41
430 0.1 10472.0 0.0 10861 89 4585.857142857142 42
440 0.1 10850.0 0.0 10861 89 4722.744186046511 43
450 0.1 10861.0 0.0 10861 89 4861.999999999999 44
460 0.1 10769.0 0.0 10861 89 4995.31111111111 45
470 0.1 10708.0 0.0 10861 89 5120.826086956521 46
480 0.1 10572.0 0.0 10861 89 5239.702127659574 47
490 0.1 10263.0 0.0 10861 89 5350.791666666667 48
500 0.1 10370.0 0.0 10861 89 5451.040816326531 49
510 0.1 9928.0 0.0 10861 89 5549.42 50
520 0.1 10208.0 0.0 10861 89 5635.274509803921 51
530 0.1 10271.0 0.0 10861 89 5723.211538461538 52
540 0.1 10250.0 0.0 10861 89 5809.018867924528 53
550 0.1 10711.0 0.0 10861 89 5891.259259259259 54
560 0.1 10297.0 0.0 10861 89 5978.890909090909 55
570 0.1 10517.0 0.0 10861 89 6056.0 56
580 0.1 10646.0 0.0 10861 89 6134.263157894737 57
590 0.1 10168.0 0.0 10861 89 6212.051724137931 58
600 0.1 10078.0 0.0 10861 89 6279.1016949152545 59
610 0.1 9584.0 0.0 10861 89 6342.416666666667 60
620 0.1 8797.0 0.0 10861 89 6395.55737704918 61
640 0.1 7566.0 0.0 10861 89 6434.290322580645 62
650 0.1 5550.0 0.0 10861 89 6452.253968253968 63
660 0.1 4532.0 0.0 10861 89 6438.15625 64
670 0.1 3866.0 0.0 10861 89 6408.830769230769 65
680 0.1 2867.0 0.0 10861 89 6370.30303030303 66
690 0.1 2295.0 0.0 10861 89 6318.014925373134 67
700 0.1 1795.0 0.0 10861 89 6258.85294117647 68
710 0.1 1087.0 0.0 10861 89 6194.159420289855 69
720 0.1 713.0 0.0 10861 89 6121.2 70
730 0.1 386.0 0.0 10861 89 6045.028169014085 71
740 0.1 190.0 0.0 10861 89 5966.430555555556 72
750 0.1 147.0 0.0 10861 89 5887.301369863014 73
760 0.1 68.0 0.0 10861 68 5809.72972972973 74
770 0.1 23.0 0.0 10861 23 5733.173333333333 75
780 0.1 4.0 0.0 10861 4 5658.039473684211 76
786 0.1 19.0 0.0 10861 4 5584.61038961039 77
