0 2.2 31.268876509232953 34.64543625977873 124.64599609375 7.557861328125 0 0
10 5.8 25.659857388200432 30.445965403485197 124.64599609375 4.180908203125 31.268876509232953 22
20 14.9 25.72896785864094 30.598987742432442 124.64599609375 4.180908203125 27.202337646484374 80
30 19.7 27.18504991870241 31.8422414366659 124.64599609375 0.389892578125 26.24368219500546 229
40 19.8 19.268358635179922 23.717255374520256 124.64599609375 0.389892578125 26.679009522630576 426
50 17.6 25.12844571200285 29.27287876676221 124.64599609375 0.389892578125 24.327552991035656 624
60 22.7 21.57934892965309 24.929594093940153 124.64599609375 0.389892578125 24.503749389648437 800
70 29.7 21.11393475773358 25.974577365361863 124.64599609375 0.389892578125 23.857362919912365 1027
80 31.2 23.005586281800877 26.842888565257383 124.64599609375 0.389892578125 23.241956451508212 1324
90 40.5 22.84707392939815 36.34213651291987 526.4189453125 0.389892578125 23.19687852183297 1636
100 44 20.904965487393476 25.213776406556793 526.4189453125 0.389892578125 23.127466047586964 2041
110 53.8 22.661868864718866 26.975265052454116 526.4189453125 0.389892578125 22.733310365811416 2481
120 53.5 19.39139484155959 24.867643698383613 526.4189453125 0.389892578125 22.720579154288465 3019
130 61.1 17.351368705886852 20.75831052801179 526.4189453125 0.389892578125 22.21942169584447 3554
140 70.4 18.19597799127756 22.611848052143248 526.4189453125 0.389892578125 21.505284750618994 4165
150 82 20.313192227991618 24.660862764209416 526.4189453125 0.389892578125 21.026798006199943 4869
160 87.7 17.74020291788409 21.813846597578667 526.4189453125 0.389892578125 20.923940432262377 5689
170 82.5 17.25621833570078 21.302870508132603 526.4189453125 0.389892578125 20.49869861074094 6566
180 90.6 17.444444264797156 22.914796723822967 526.4189453125 0.389892578125 20.136765688685994 7391
190 106.8 19.307420137669713 24.39608282915161 526.4189453125 0.389892578125 19.842774702782258 8297
200 129.4 22.813974843327383 27.897201582385364 526.4189453125 0.389892578125 19.781721987828686 9365
210 128.3 20.390870853224868 26.06120049387041 526.4189453125 0.389892578125 20.149836744842975 10659
220 131.2 20.5811568469536 26.17241626248831 526.4189453125 0.389892578125 20.175732470940275 11942
230 137 18.869475828296075 23.853010842334722 526.4189453125 0.389892578125 20.21586501819616 13254
240 147.7 21.258451860824284 26.530644624658333 526.4189453125 0.389892578125 20.089733098737522 14624
250 171.3 22.088540669010893 27.164045260232058 526.4189453125 0.389892578125 20.196943682651696 16101
260 183 27.235634258666337 33.925026535413686 526.4189453125 0.389892578125 20.378840260491224 17814
270 202.3 31.839555680958092 34.94857143800521 526.4189453125 0.389892578125 21.01760695854969 19644
280 208.3 26.946280740856043 30.961770525417965 526.4189453125 0.389892578125 22.028028441239133 21667
290 217.4 35.9240216182369 37.15773916254256 526.4189453125 0.389892578125 22.459385053453957 23750
300 256.4 97.05813736699852 79.00234833206879 526.4189453125 0.389892578125 23.5885364148117 25924
310 263 128.01342754871672 81.53343931052538 526.4189453125 0.389892578125 30.201006817837783 28488
320 278.3 277.34104567982445 94.87647807594404 592.37109375 0.389892578125 38.46781916188983 31118
330 283.8 308.5501086159095 96.81880915211515 599.364990234375 0.389892578125 58.07739378798971 33901
340 300 321.3512754720054 137.74418552464738 711.970947265625 0.389892578125 77.42581276187677 36739
350 312.5 312.37964460937553 131.52965105504902 736.958984375 0.389892578125 95.84037750005301 39739
360 341.1 298.49929198502946 145.06125321344007 1679.18994140625 0.3720703125 111.62717317280014 42864
370 354.5 435.2370551062233 837.9774395365218 6882.571044921875 0.3720703125 125.40179872155248 46275
380 338.9 657.4651520774947 1708.492398011553 10139.590087890625 0.3720703125 147.44848647513854 49820
390 345.6 695.4360949904819 1886.6512909637365 15593.251953125 0.364013671875 179.93258652825708 53209
400 341.8 659.1611738835538 1808.059736165085 24051.423828125 0.364013671875 211.3731605200589 56665
410 354.3 724.577512822379 2046.8927770117773 24324.48193359375 0.364013671875 236.84691232466963 60083
420 348.6 750.2123794424355 2501.212911822454 40073.97802734375 0.364013671875 264.0060849516363 63626
430 346.4 721.736697859908 2415.9948170911716 40934.130859375 0.364013671875 289.2611085330364 67112
440 358.6 747.1646999480382 2429.153104065874 42071.070068359375 0.364013671875 310.4878065809321 70576
450 351.4 1014.054650121613 4915.225141599936 71900.92602539063 0.364013671875 331.60270827741334 74162
460 340.7 821.9865814379174 3906.9909002841428 73612.44702148438 0.364013671875 362.47628729333223 77676
470 355.1 945.133461112407 4863.540993581918 74438.88793945313 0.364013671875 381.78429972689537 81083
480 361.8 1030.6017005629387 5075.356526943356 74438.88793945313 0.364013671875 405.4208154543802 84634
490 345.6 1454.103315918535 7187.665123265449 74438.88793945313 0.364013671875 431.0508798418475 88252
500 359.4 1675.3609111023798 8470.427579378482 74438.88793945313 0.364013671875 469.6044326298381 91708
510 346.1 1895.3457151168855 9517.791517323834 74438.88793945313 0.364013671875 515.0755537356944 95302
520 356 1855.9478968931048 9718.75616198229 87107.52294921875 0.364013671875 563.4450344981287 98763
530 349 1598.5929421673547 8397.780186405702 87107.52294921875 0.364013671875 608.4135185156625 102323
540 360.7 1045.4870900576375 5967.234533243225 87107.52294921875 0.364013671875 641.0723240361979 105813
550 356.5 961.1031166451154 4471.914650623388 87107.52294921875 0.364013671875 654.403744809725 109420
560 356.4 804.1088254780882 3553.2424529629006 87107.52294921875 0.364013671875 664.0809874578038 112985
570 373.3 779.5464255667354 3155.0344162597116 87107.52294921875 0.364013671875 668.3629565412303 116549
580 371.6 778.2668566749978 3635.883607432268 87107.52294921875 0.364013671875 671.8135799917235 120282
590 371.3 795.3471046486794 4233.42046295554 87107.52294921875 0.364013671875 675.0037957706478 123998
600 363 401.9617160597453 1285.5431941170036 87107.52294921875 0.364013671875 678.502591535023 127711
610 335.3 299.8895738774058 132.607141895832 87107.52294921875 0.364013671875 670.8595602045531 131341
620 294.3 281.32458773997615 71.37799286104622 87107.52294921875 0.364013671875 661.6248328658822 134694
630 281.6 63.91203394803124 62.13461227729108 87107.52294921875 0.364013671875 653.4931268463849 137637
640 248.3 24.083165230599356 19.870661684299296 87107.52294921875 0.364013671875 641.6723728745811 140453
650 214.6 19.533731224152504 16.860566908545714 87107.52294921875 0.364013671875 630.9439769310819 142936
660 185.9 19.68898231050797 21.316390455827495 87107.52294921875 0.364013671875 621.9002196952631 145082
670 138.7 14.805177189415105 11.230802887478347 87107.52294921875 0.364013671875 614.2814428372162 146941
680 115.1 16.143914216917363 12.240924881932084 87107.52294921875 0.364013671875 608.6758014178382 148328
690 90.6 14.6428761598027 10.691934546949367 87107.52294921875 0.364013671875 604.1132595078157 149479
700 53 14.606609761939858 8.736248575186366 87107.52294921875 0.364013671875 600.5619733601726 150385
710 35.2 13.438146417791188 7.305260914306706 87107.52294921875 0.364013671875 598.5041504618056 150915
720 19.9 14.046667664494347 8.640772186179694 87107.52294921875 0.364013671875 597.1426953299956 151267
730 11 13.243603515625 11.478623097468176 87107.52294921875 0.364013671875 596.3766084886885 151466
740 7 11.901381138392855 4.637561029335537 87107.52294921875 0.364013671875 595.9534238780177 151576
750 4.2 13.25849841889881 5.894418933484894 87107.52294921875 0.364013671875 595.6838246601565 151646
760 1.5 11.894075520833333 2.120649175011751 87107.52294921875 0.364013671875 595.5225603300702 151688
770 0.2 12.1138916015625 0.2359619140625 87107.52294921875 0.364013671875 595.4648526560483 151703
780 0.4 11.39971923828125 2.3899313934943183 87107.52294921875 0.364013671875 595.4571620596796 151705
786 0.4 11.701171875 2.558940235002405 87107.52294921875 0.364013671875 595.4417626452 151709
