10 0.1 92 0 92 92 0 0
20 0.1 190.0 0.0 190 92 92.0 1
30 0.1 461.0 0.0 461 92 141.0 2
40 0.1 539.0 0.0 539 92 247.66666666666666 3
50 0.1 506.0 0.0 539 92 320.5 4
60 0.1 422.0 0.0 539 92 357.6 5
70 0.1 655.0 0.0 655 92 368.3333333333333 6
80 0.1 846.0 0.0 846 92 409.2857142857143 7
90 0.1 895.0 0.0 895 92 463.875 8
100 0.1 1116.0 0.0 1116 92 511.77777777777777 9
110 0.1 1243.0 0.0 1243 92 572.2 10
120 0.1 1433.0 0.0 1433 92 633.1818181818181 11
130 0.1 1491.0 0.0 1491 92 699.8333333333334 12
140 0.1 1729.0 0.0 1729 92 760.6923076923077 13
150 0.1 2062.0 0.0 2062 92 829.8571428571429 14
160 0.1 2295.0 0.0 2295 92 912.0 15
170 0.1 2293.0 0.0 2295 92 998.4375 16
180 0.1 2348.0 0.0 2348 92 1074.5882352941176 17
190 0.1 2838.0 0.0 2838 92 1145.3333333333333 18
200 0.1 3255.0 0.0 3255 92 1234.421052631579 19
210 0.1 3458.0 0.0 3458 92 1335.45 20
220 0.1 3703.0 0.0 3703 92 1436.5238095238096 21
230 0.1 3807.0 0.0 3807 92 1539.5454545454545 22
240 0.1 3884.0 0.0 3884 92 1638.1304347826087 23
250 0.1 4351.0 0.0 4351 92 1731.7083333333333 24
260 0.1 4927.0 0.0 4927 92 1836.48 25
270 0.1 5539.0 0.0 5539 92 1955.3461538461538 26
280 0.1 5752.0 0.0 5752 92 2088.074074074074 27
290 0.1 5967.0 0.0 5967 92 2218.928571428571 28
300 0.1 6720.0 0.0 6720 92 2348.1724137931033 29
310 0.1 7301.0 0.0 7301 92 2493.9 30
320 0.1 7568.0 0.0 7568 92 2648.967741935484 31
330 0.1 7732.0 0.0 7732 92 2802.6875 32
340 0.1 8148.0 0.0 8148 92 2952.060606060606 33
350 0.1 8278.0 0.0 8278 92 3104.8823529411766 34
360 0.1 8890.0 0.0 8890 92 3252.6857142857143 35
370 0.1 9662.0 0.0 9662 92 3409.277777777778 36
380 0.1 9780.0 0.0 9780 92 3578.2702702702704 37
390 0.1 10015.0 0.0 10015 92 3741.4736842105262 38
400 0.1 10063.0 0.0 10063 92 3902.3333333333335 39
410 0.1 10334.0 0.0 10334 92 4056.35 40
420 0.1 10423.0 0.0 10423 92 4209.463414634146 41
430 0.1 10435.0 0.0 10435 92 4357.4047619047615 42
440 0.1 10773.0 0.0 10773 92 4498.744186046511 43
450 0.1 10868.0 0.0 10868 92 4641.340909090908 44
460 0.1 10852.0 0.0 10868 92 4779.71111111111 45
470 0.1 10813.0 0.0 10868 92 4911.717391304346 46
480 0.1 10499.0 0.0 10868 92 5037.276595744679 47
490 0.1 9892.0 0.0 10868 92 5151.062499999998 48
500 0.1 9825.0 0.0 10868 92 5247.81632653061 49
510 0.1 9478.0 0.0 10868 92 5339.359999999998 50
520 0.1 9818.0 0.0 10868 92 5420.509803921566 51
530 0.1 9761.0 0.0 10868 92 5505.076923076921 52
540 0.1 9751.0 0.0 10868 92 5585.377358490564 53
550 0.1 10133.0 0.0 10868 92 5662.518518518516 54
560 0.1 9.7e3 0.0 10868 92 5743.799999999997 55
570 0.1 9921.0 0.0 10868 92 5814.446428571427 56
580 0.1 9967.0 0.0 10868 92 5886.491228070174 57
590 0.1 9594.0 0.0 10868 92 5956.844827586205 58
600 0.1 9446.0 0.0 10868 92 6018.491525423727 59
610 0.1 8750.0 0.0 10868 92 6075.616666666665 60
620 0.1 7891.0 0.0 10868 92 6119.459016393441 61
640 0.1 7513.0 0.0 10868 92 6148.032258064514 62
650 0.1 6573.0 0.0 10868 92 6169.698412698411 63
660 0.1 5688.0 0.0 10868 92 6175.999999999998 64
670 0.1 4927.0 0.0 10868 92 6168.492307692306 65
680 0.1 3812.0 0.0 10868 92 6149.681818181816 66
690 0.1 2993.0 0.0 10868 92 6114.791044776118 67
700 0.1 2372.0 0.0 10868 92 6068.882352941175 68
710 0.1 1456.0 0.0 10868 92 6015.304347826085 69
720 0.1 928.0 0.0 10868 92 5950.171428571427 70
730 0.1 537.0 0.0 10868 92 5879.436619718308 71
740 0.1 257.0 0.0 10868 92 5805.2361111111095 72
750 0.1 199.0 0.0 10868 92 5729.232876712327 73
760 0.1 96.0 0.0 10868 92 5654.499999999998 74
770 0.1 31.0 0.0 10868 31 5580.386666666665 75
780 0.1 6.0 0.0 10868 6 5507.36842105263 76
786 0.1 24.0 0.0 10868 6 5435.922077922077 77
