30 0.3 32177.297281901043 3119.5849065826283 36455.058837890625 29103.9208984375 0 0
40 0.4 29003.216857910156 6654.973011809448 36775.037841796875 19687.952880859375 32177.297281901043 3
50 0.1 25991.9921875 0.0 36775.037841796875 19687.952880859375 30363.537039620536 7
60 0.2 43984.60998535156 2392.6710205078125 46377.281005859375 19687.952880859375 29817.09393310547 8
70 0.1 61236.515869140625 0.0 61236.515869140625 19687.952880859375 32650.59714355469 10
80 0.3 73019.43774414063 6523.721751151843 79353.3681640625 19687.952880859375 35249.31702769886 11
90 0.2 73237.03454589844 2376.1785888671875 79353.3681640625 19687.952880859375 43342.91432407924 14
100 0.3 84086.8252766927 11505.394741492179 100099.59887695313 19687.952880859375 47079.67935180664 16
110 0.4 78474.8423461914 7052.355914886752 100099.59887695313 19687.952880859375 52922.91291889391 19
120 0.2 76302.13659667969 16907.590454101563 100099.59887695313 19687.952880859375 57366.72673233696 23
130 0.5 93406.632421875 20839.0147955138 124314.12182617188 19687.952880859375 58881.55952148438 25
140 0.7 96143.85777064732 21069.11400812942 129424.76416015625 19687.952880859375 64635.73833821614 30
150 0.7 90950.48402622768 15849.489032641122 129424.76416015625 19687.952880859375 70596.73390651394 37
160 0.9 100785.34811740452 21980.157988107072 140476.2490234375 19687.952880859375 73834.8305164684 44
170 1 99174.09228515625 20877.685029751614 140476.2490234375 19687.952880859375 78411.3335053066 53
180 1.1 97886.71453302557 31067.82903619411 143261.419921875 19687.952880859375 81707.00950210814 63
190 1.2 125880.01161702473 27547.336686819188 184701.6220703125 19687.952880859375 84112.10079048775 74
200 1.7 95503.24979894301 22039.330493115187 184701.6220703125 19687.952880859375 89940.18137093478 86
210 1.9 108415.79857113487 22668.72688892385 184701.6220703125 19687.952880859375 90858.35771342157 103
220 2.4 106168.10719807942 26119.03845309989 184701.6220703125 19687.952880859375 93592.71325683594 122
230 1.3 114796.51938100961 25584.685288068205 184701.6220703125 19687.952880859375 95659.90130197185 146
240 1.5 101335.26276041666 24429.969788326092 184701.6220703125 19687.952880859375 97224.53045308815 159
250 2.3 109926.38124150815 31807.39484986747 184701.6220703125 19687.952880859375 97578.90392785784 174
260 3.1 104649.62646484375 24855.558409668378 184701.6220703125 19687.952880859375 99020.48757361398 197
270 1.8 108751.10841200087 19958.987871301 184701.6220703125 19687.952880859375 99785.85294917593 228
280 3.4 98802.58172966453 24347.153831457897 184701.6220703125 19687.952880859375 100441.84725133383 246
290 2.7 99541.83473488137 25071.869653125785 184701.6220703125 19687.952880859375 100242.79358084542 280
300 2.7 113484.92045536748 30573.843102663028 185701.10986328125 19687.952880859375 100181.1457344577 307
310 3.4 108082.67861040901 28179.746517917793 185701.10986328125 19687.952880859375 101256.60057716598 334
320 3.5 100050.50412248884 22631.01617271364 185701.10986328125 19687.952880859375 101887.27083023735 368
330 5 104779.79197753906 27836.176573489385 185701.10986328125 19687.952880859375 101727.75014842296 403
340 4.7 99090.96383082613 33408.791071038635 185701.10986328125 19687.952880859375 102064.62010748655 453
350 5.6 104921.76729038784 30606.91756599337 185701.10986328125 19687.952880859375 101785.09641748047 500
360 6 95000.34120686847 32374.092048971517 185701.10986328125 19687.952880859375 102101.02010252149 556
370 5.8 88812.43336223734 31130.493106429672 185701.10986328125 19687.952880859375 101409.39553476308 616
380 5.9 104349.41447629766 35978.689449232814 185701.10986328125 19687.952880859375 100325.38395315107 674
390 6.8 102884.78216552734 32821.97844045743 185701.10986328125 19687.952880859375 100649.28272650122 733
400 7.7 96711.63351638598 33672.93553250908 185701.10986328125 19687.952880859375 100839.06295353464 801
410 7.5 102779.93672526041 28742.82116494489 185701.10986328125 19687.952880859375 100477.09021246352 878
420 6.7 108442.6344085238 38492.6155657862 196763.39404296875 19687.952880859375 100658.32157496065 953
430 7 107168.87880161831 32209.272915594414 196763.39404296875 19687.952880859375 101169.64408461627 1020
440 8.5 108605.18798253677 28065.75788054202 196763.39404296875 19687.952880859375 101554.91603891915 1090
450 8.4 112709.5195951916 32824.87717431183 196763.39404296875 19687.952880859375 102064.93571143618 1175
460 6.9 112243.47301715353 31727.913783748303 202696.88598632813 19687.952880859375 102775.1382898599 1259
470 7.3 120222.75727070848 36729.346294402305 202696.88598632813 19687.952880859375 103267.0924285521 1328
480 8.4 115506.88280959356 27523.59261614278 202696.88598632813 19687.952880859375 104150.57817692998 1401
490 9.1 114443.23121726906 28530.75422050536 202696.88598632813 19687.952880859375 104792.95500463621 1485
500 8.8 123627.74693991919 32250.003779345574 219201.02587890625 19687.952880859375 105350.17273011184 1576
510 10.1 118384.71460202661 37454.448875679875 219201.02587890625 19687.952880859375 106316.77521236126 1664
520 8.6 117646.96453431595 34462.99580717454 219201.02587890625 19687.952880859375 107007.34851454607 1765
530 9.2 123895.99933392068 37321.53313524269 222882.576171875 19687.952880859375 107501.67967483793 1851
540 9.7 140130.70892900295 43109.44585794329 252684.05200195313 19687.952880859375 108277.94185118153 1943
550 9.8 138151.38846759408 38238.58547525698 257863.11108398438 19687.952880859375 109792.50969752892 2040
560 8.7 139182.739434604 37366.091551195816 258420.96606445313 19687.952880859375 111092.40217623163 2138
570 10 143976.63918457032 39939.42809778151 306656.7900390625 19687.952880859375 112190.76592521067 2225
580 11.1 159232.93036493522 41762.05801186393 306656.7900390625 19687.952880859375 113557.90025894657 2325
590 11.4 163481.63651958262 41337.59640220877 306656.7900390625 19687.952880859375 115639.15163077119 2436
600 11.3 179808.1729941579 40259.20181374005 322056.8918457031 19687.952880859375 117777.99213168275 2550
610 9.9 194035.40495038268 42385.47078260071 330429.796875 19687.952880859375 120410.14024939199 2663
620 10.4 199149.45002629206 42012.99211768607 330429.796875 19687.952880859375 123049.13416879752 2762
630 11 199754.14517267398 33357.032269701514 330429.796875 19687.952880859375 125810.62504429628 2866
640 9.1 213014.38222226992 32829.81175278122 330429.796875 19687.952880859375 128543.75246839625 2976
650 8.3 227146.93521743224 35685.77992549226 383169.9870605469 19687.952880859375 131050.05416634295 3067
660 7.8 232760.35655799278 30704.74990480824 383169.9870605469 19687.952880859375 133582.13071467323 3150
670 8.7 239733.81933874372 25456.946717111095 383169.9870605469 19687.952880859375 135978.63059564563 3228
680 7.4 246694.42611776816 24818.504259986417 383169.9870605469 19687.952880859375 138701.6174495369 3315
690 5.1 253780.81823012407 21999.136967174145 383169.9870605469 19687.952880859375 141059.67818764522 3389
700 5.8 263770.70948949346 29805.32609933183 397007.2561035156 19687.952880859375 142730.8346243215 3440
710 3.6 257765.4042900933 23870.82990479656 397007.2561035156 19687.952880859375 144737.78509378404 3498
720 1.6 271798.54638671875 23145.38407855706 397007.2561035156 19687.952880859375 145889.17000919636 3534
730 1 274462.64741210936 22177.313174197432 397007.2561035156 19687.952880859375 146456.64888864435 3550
740 1 283618.7341796875 13677.900948251307 397007.2561035156 19687.952880859375 146816.21630022713 3560
750 0.3 284135.2666829427 7718.5598243384775 397007.2561035156 19687.952880859375 147199.4166304217 3570
760 0.2 282182.2275390625 1073.122314453125 397007.2561035156 19687.952880859375 147314.3921552349 3573
770 0 0 0 397007.2561035156 19687.952880859375 147389.84269251255 3575
780 0 0 0 397007.2561035156 19687.952880859375 147389.84269251255 3575
786 0.1 408872.2629394531 0.0 408872.2629394531 19687.952880859375 147389.84269251255 3575
