0 55.93125 55.93125
10 189.96015625 245.89140625
20 475.53984375 721.43125
30 653.4328125 1374.8640625
40 606.75078125 1981.61484375
50 589.06796875 2570.6828125
60 779.02421875 3349.70703125
70 1069.98515625 4419.6921875
80 1135.42421875 5555.11640625
90 1440.2546875 6995.37109375
100 1517.83359375 8513.2046875
110 1946.4828125 10459.6875
120 1948.61875 12408.30625
130 2227.3984375 14635.7046875
140 2667.91171875 17303.61640625
150 3172.45859375 20476.075
160 3455.61015625 23931.68515625
170 3465.803125 27397.48828125
180 4133.96328125 31531.4515625
190 4193.628125 35725.0796875
200 4776.3546875 40501.434375
210 4779.08046875 45280.51484375
220 4627.26015625 49907.775
230 4126.7484375 54034.5234375
240 5330.67421875 59365.19765625
250 6215.5921875 65580.78984375
260 7185.4140625 72766.20390625
270 9447.81640625 82214.0203125
280 9409.684375 91623.7046875
290 10475.61875 102099.3234375
300 9775.28203125 111874.60546875
310 9324.4328125 121199.03828125
320 8740.4234375 129939.46171875
330 10119.04921875 140058.5109375
340 9583.49765625 149642.00859375
350 9578.38515625 159220.39375
360 7529.934375 166750.328125
370 7248.21875 173998.546875
380 7220.80078125 181219.34765625
390 7633.9328125 188853.28046875
400 6957.76015625 195811.040625
410 7277.51015625 203088.55078125
420 6793.0859375 209881.63671875
430 6736.37265625 216618.009375
440 6716.20546875 223334.21484375
450 6712.92109375 230047.1359375
460 6392.8046875 236439.940625
470 6505.425 242945.365625
480 6567.221875 249512.5875
490 6684.43203125 256197.01953125
500 6483.60859375 262680.628125
510 6556.9375 269237.565625
520 6467.7796875 275705.3453125
530 6227.5171875 281932.8625
540 6311.03046875 288243.89296875
550 6364.828125 294608.72109375
560 6287.4296875 300896.15078125
570 6035.36484375 306931.515625
580 5929.84453125 312861.36015625
590 5682.0734375 318543.43359375
600 6051.315625 324594.74921875
610 5945.52421875 330540.2734375
620 5540.03515625 336080.30859375
630 4889.4703125 340969.77890625
640 3700.7546875 344670.53359375
650 2892.74609375 347563.2796875
660 2327.3203125 349890.6
670 1709.5859375 351600.1859375
680 1311.83125 352912.0171875
690 998.60390625 353910.62109375
700 523.35625 354433.97734375
710 367.9921875 354801.96953125
720 167.8015625 354969.77109375
730 104.3640625 355074.13515625
740 65.21640625 355139.3515625
750 35.5015625 355174.853125
760 8.57109375 355183.42421875
770 0.0125 355183.43671875
780 4.26171875 355187.6984375
786 4.26171875 355191.96015625
