0 8.45625 8.45625
10 25.4625 33.91875
20 64.47890625 98.39765625
30 88.63671875 187.034375
40 87.24921875 274.28359375
50 78.40390625 352.6875
60 97.19296875 449.88046875
70 131.97109375 581.8515625
80 139.44140625 721.29296875
90 179.7078125 901.00078125
100 194.26171875 1095.2625
110 240.25703125 1335.51953125
120 236.0921875 1571.61171875
130 266.590625 1838.20234375
140 308.28515625 2146.4875
150 361.384375 2507.871875
160 389.21953125 2897.09140625
170 361.9796875 3259.07109375
180 393.021875 3652.09296875
190 469.709375 4121.80234375
200 573.07578125 4694.878125
210 565.40625 5260.284375
220 581.9234375 5842.2078125
230 603.41171875 6445.61953125
240 644.071875 7089.69140625
250 749.915625 7839.60703125
260 806.79296875 8646.4
270 891.32578125 9537.72578125
280 910.6015625 10448.32734375
290 960.609375 11408.93671875
300 1128.76015625 12537.696875
310 1179.75546875 13717.45234375
320 1219.01875 14936.47109375
330 1239.5640625 16176.03515625
340 1311.98515625 17488.0203125
350 1353.84921875 18841.86953125
360 1481.82109375 20323.690625
370 1549.87890625 21873.56953125
380 1455.6328125 23329.20234375
390 1487.96953125 24817.171875
400 1469.3921875 26286.5640625
410 1524.65234375 27811.21640625
420 1503.3015625 29314.51796875
430 1493.69453125 30808.2125
440 1532.446875 32340.659375
450 1520.57734375 33861.23671875
460 1464.6046875 35325.84140625
470 1535.19609375 36861.0375
480 1553.7203125 38414.7578125
490 1489.5296875 39904.2875
500 1550.8953125 41455.1828125
510 1490.221875 42945.4046875
520 1518.54765625 44463.95234375
530 1489.7296875 45953.68203125
540 1549.10546875 47502.7875
550 1512.41875 49015.20625
560 1510.246875 50525.453125
570 1579.95546875 52105.40859375
580 1577.17890625 53682.5875
590 1572.9140625 55255.5015625
600 1512.90703125 56768.40859375
610 1440.1328125 58208.54140625
620 1253.20859375 59461.75
630 1182.70078125 60644.45078125
640 1066.446875 61710.89765625
650 924.89453125 62635.7921875
660 806.55234375 63442.34453125
670 599.9828125 64042.32734375
680 501.87734375 64544.2046875
690 396.128125 64940.3328125
700 233.121875 65173.4546875
710 154.603125 65328.0578125
720 87.52421875 65415.58203125
730 48.57890625 65464.1609375
740 30.85390625 65495.01484375
750 18.65078125 65513.665625
760 6.6984375 65520.3640625
770 0.89375 65521.2578125
780 1.78515625 65523.04296875
786 1.78515625 65524.828125
