0 7 7
10 14 14
20 27 27
30 31 32
40 33 33
50 37 38
60 55 55
70 68 68
80 77 77
90 91 91
100 105 105
110 113 113
120 129 129
130 145 145
140 163 163
150 181 181
160 187 188
170 193 197
180 224 225
190 245 246
200 267 267
210 289 289
220 300 303
230 319 322
240 367 367
250 406 406
260 430 433
270 462 462
280 492 492
290 523 523
300 599 599
310 664 665
320 720 720
330 757 761
340 828 828
350 882 886
360 976 976
370 1097 1097
380 1153 1154
390 1242 1242
400 1326 1328
410 1416 1418
420 1540 1540
430 1675 1676
440 1788 1788
450 1905 1905
460 2039 2041
470 2156 2156
480 2091 2168
490 2000 2168
500 1912 2168
510 1811 2168
520 1725 2168
530 1633 2168
540 1536 2168
550 1438 2168
560 1351 2168
570 1251 2168
580 1140 2168
590 1026 2168
600 913 2168
610 814 2168
620 710 2168
630 600 2168
640 509 2168
650 426 2168
660 348 2168
670 261 2168
680 187 2168
690 136 2168
700 78 2168
710 42 2168
720 26 2168
730 16 2168
740 6 2168
750 3 2168
760 1 2168
770 1 2168
780 1 2168
786 0 2168
