0 0.7 7
10 0.7 14
20 1.3 27
30 0.7 34
40 0.6 40
50 0.5 45
60 2 65
70 1.4 79
80 1.2 91
90 1.6 107
100 1.7 124
110 1.2 136
120 1.8 154
130 2.1 175
140 2.5 200
150 2.5 225
160 1.5 240
170 1.6 256
180 4.2 298
190 3.3 331
200 3.9 370
210 4.1 411
220 3.5 446
230 3.2 478
240 6.3 541
250 6.2 603
260 5.5 658
270 5 708
280 6.4 772
290 5.8 830
300 10.3 933
310 9.9 1032
320 9.1 1123
330 8.7 1210
340 11.8 1328
350 11 1438
360 15.4 1592
370 17.9 1771
380 11.5 1886
390 15.7 2043
400 16.1 2204
410 16.5 2369
420 19.1 2560
430 20.5 2765
440 19.8 2963
450 20.1 3164
460 20.3 3367
470 19 3557
480 1.9 3576
490 0 3576
500 0 3576
510 0 3576
520 0 3576
530 0 3576
540 0 3576
550 0 3576
560 0 3576
570 0 3576
580 0 3576
590 0 3576
600 0 3576
610 0 3576
620 0 3576
630 0 3576
640 0 3576
650 0 3576
660 0 3576
670 0 3576
680 0 3576
690 0 3576
700 0 3576
710 0 3576
720 0 3576
730 0 3576
740 0 3576
750 0 3576
760 0 3576
770 0 3576
780 0 3576
786 0 3576
