0 2.4 24
10 6 84
20 8.5 169
30 11.8 287
40 13.5 422
50 15.7 579
60 13.3 712
70 16 872
80 14.4 1016
90 15.5 1171
100 14.8 1319
110 16.7 1486
120 13.8 1624
130 17.1 1795
140 14.5 1940
150 11.7 2057
160 13.9 2196
170 14.6 2342
180 13.3 2475
190 16.6 2641
200 15.9 2800
210 16 2960
220 15.7 3117
230 13.7 3254
240 14.7 3401
250 13.3 3534
260 11.6 3650
270 11.9 3769
280 11.9 3888
290 14.2 4030
300 12.4 4154
310 12.7 4281
320 11.9 4400
330 12.4 4524
340 13.6 4660
350 11.5 4775
360 9.8 4873
370 13.2 5005
380 11.4 5119
390 12.8 5247
400 10.8 5355
410 12.5 5480
420 10.7 5587
430 13.5 5722
440 11.8 5840
450 21 6050
460 23 6280
470 28.7 6567
480 34.2 6909
490 22.7 7136
500 23.7 7373
510 18.7 7560
520 16.2 7722
530 9.3 7815
540 9.5 7910
550 6.2 7972
560 2.6 7998
570 0.2 8000
578 0.2 8002
