80 0.1 1
90 0.2 3
100 0.5 8
110 0.2 10
120 0.1 11
130 0.5 16
140 0.2 18
150 0.3 21
160 0.3 24
170 0.2 26
180 0.5 31
190 0.3 34
200 0 34
210 0.1 35
220 0.6 41
230 0 41
240 0.3 44
250 0.3 47
260 0 47
270 0 47
280 0.3 50
290 0 50
300 0 50
310 0 50
320 0 50
330 0 50
340 0 50
350 0 50
360 0 50
370 0 50
380 0 50
390 0 50
400 0 50
410 0 50
420 0 50
430 0 50
440 0 50
450 0 50
460 0 50
470 0 50
480 0 50
490 0.1 51
500 0.6 57
510 0.7 64
520 0.8 72
530 0.5 77
540 0.8 85
550 0.3 88
560 0.2 90
570 0 90
578 0 90
