0 0.3 3
10 0.7 10
20 1.3 23
30 1.6 39
40 1.6 55
50 0.9 64
60 1.6 80
70 1.6 96
80 1.8 114
90 2.3 137
100 2.3 160
110 1.8 178
120 2.4 202
130 1.3 215
140 1.7 232
150 2.2 254
160 2.2 276
170 2.4 300
180 2.8 328
190 2.7 355
200 3.1 386
210 3 416
220 3.2 448
230 3 478
240 2.6 504
250 3 534
260 3.8 572
270 3.9 611
280 4.2 653
290 3.7 690
300 4 730
310 4 770
320 3.6 806
330 3.4 840
340 3.6 876
350 3.8 914
360 3.9 953
370 3.8 991
380 4.2 1033
390 3.9 1072
400 3.7 1109
410 3.9 1148
420 3.8 1186
430 3.7 1223
440 3.6 1259
450 2.3 1282
460 2.1 1303
470 3.5 1338
480 2.3 1361
490 0.8 1369
500 0.1 1370
510 0 1370
520 0 1370
530 0 1370
540 0 1370
550 0 1370
560 0 1370
570 0 1370
578 0 1370
