20 0.1 1
30 0 1
40 0 1
50 0.1 2
60 0 2
70 0 2
80 0 2
90 0 2
100 0.2 4
110 0 4
120 0.1 5
130 0 5
140 0.4 9
150 0.3 12
160 0.6 18
170 0.8 26
180 0.4 30
190 0.7 37
200 1.2 49
210 0.9 58
220 0.8 66
230 0.7 73
240 0.9 82
250 1.9 101
260 1.5 116
270 2.5 141
280 1.8 159
290 2.6 185
300 1.5 200
310 2.8 228
320 2.6 254
330 2.5 279
340 3.1 310
350 4.1 351
360 4.6 397
370 4.4 441
380 4.6 487
390 6 547
400 5.6 603
410 6.5 668
420 7.1 739
430 5.2 791
440 4.7 838
450 2.9 867
460 0.5 872
470 0 872
480 0 872
490 0 872
500 0 872
510 0 872
520 0 872
530 0 872
540 0 872
550 0 872
560 0 872
570 0 872
578 0 872
