120 3.4 34
130 8.1 115
140 23.8 353
150 41.6 769
160 44.3 1212
170 39.8 1610
180 38.9 1999
190 49.9 2498
200 50.5 3003
210 59 3593
220 48.8 4081
230 69.3 4774
240 74.9 5523
250 119.5 6718
260 137.1 8089
270 145.7 9546
280 140.4 10950
290 135.4 12304
300 125 13554
310 158 15134
320 192.2 17056
330 227.3 19329
340 234.7 21676
350 251.2 24188
360 256.9 26757
370 282.2 29579
380 323.6 32815
390 379.7 36612
400 404.2 40654
410 392.9 44583
420 370.9 48292
430 278.3 51075
440 198.4 53059
450 106.6 54125
460 33.1 54456
470 2 54476
480 0 54476
490 0 54476
500 0 54476
510 0 54476
520 0 54476
530 0 54476
540 0 54476
550 0 54476
560 0 54476
570 0 54476
578 0 54476
