0 10 10
10 15 5
20 27 12
30 41 14
40 51 10
50 58 7
60 67 9
70 80 13
80 94 14
90 114 20
100 123 9
110 134 11
120 147 13
130 167 20
140 187 20
150 204 17
160 206 2
170 203 -3
180 222 19
190 239 17
200 242 3
210 248 6
220 264 16
230 284 20
240 330 46
250 355 25
260 388 33
270 393 5
280 414 21
290 420 6
300 436 16
310 478 42
320 521 43
330 583 62
340 595 12
350 611 16
360 652 41
370 712 60
380 788 76
390 849 61
400 875 26
410 911 36
420 853 -58
430 737 -116
440 621 -116
450 508 -113
460 443 -65
470 383 -60
480 313 -70
490 233 -80
500 169 -64
510 117 -52
520 77 -40
530 49 -28
540 32 -17
550 14 -18
560 2 -12
570 1 -1
578 0 -1
