0 1 12.952587890625 33.738001576066424 114.113037109375 0.9091796875 0 0
10 0.5 3.818603515625 3.885426957813096 114.113037109375 0.9091796875 12.952587890625 10
20 1.3 3.724496694711539 3.2235315554094304 114.113037109375 0.81494140625 9.907926432291667 15
30 1.4 2.678955078125 2.585452095543704 114.113037109375 0.760986328125 7.03704833984375 28
40 1 2.0148681640625 2.0687718844048555 114.113037109375 0.75 5.5843505859375 42
50 0.8 4.348052978515625 3.8813340865529167 114.113037109375 0.75 4.897911658653846 52
60 0.9 3.7080891927083335 3.1415849929703055 114.113037109375 0.75 4.82459716796875 60
70 1.3 3.4178372896634617 3.215844149065219 114.113037109375 0.736083984375 4.678965692934782 69
80 1.4 2.985630580357143 1.9966019089069553 114.113037109375 0.736083984375 4.479030702172256 82
90 2 3.1040283203125 2.47254757622767 114.113037109375 0.736083984375 4.261243184407552 96
100 1.1 4.246759588068182 3.2088793458885583 114.113037109375 0.736083984375 4.061723380253233 116
110 1.2 1.9547119140625 2.016161643898917 114.113037109375 0.736083984375 4.077750138410433 127
120 1.4 3.1051199776785716 2.227348425487552 114.113037109375 0.736083984375 3.8944662629271583 139
130 2.1 3.573916480654763 2.837722021603814 114.113037109375 0.736083984375 3.822238498263889 153
140 2.6 13.121694711538462 28.726306608992513 137.2529296875 0.736083984375 3.7922685995869254 174
150 2.3 1.9505562160326086 1.7532001001656017 137.2529296875 0.736083984375 5.005093994140625 200
160 1.3 3.195087139423077 2.3053050311016237 137.2529296875 0.736083984375 4.690051981151906 223
170 1.2 2.2670084635416665 1.8670828252134883 137.2529296875 0.736083984375 4.6077022229210804 236
180 2.7 2.623345269097222 2.9766594039210093 137.2529296875 0.67919921875 4.494442847467238 248
190 3.1 4.436909337197581 3.5921732418357144 137.2529296875 0.67919921875 4.310735085227273 275
200 2.9 2.490764749461207 2.6747929432292903 137.2529296875 0.67919921875 4.32351744408701 306
210 2.9 2.8462503367456895 2.3588241990515804 137.2529296875 0.67919921875 4.164861240671642 335
220 3.2 2.985687255859375 3.407227038517113 137.2529296875 0.64501953125 4.05980707524897 364
230 3.9 2.1935221354166665 2.332052072936333 137.2529296875 0.64501953125 3.9730095140861743 396
240 6.6 3.065170750473485 3.178637591016144 137.2529296875 0.623046875 3.813469266343391 435
250 6 3.39261474609375 3.1683187633421985 137.2529296875 0.623046875 3.7148910187437623 501
260 6.4 3.4711761474609375 5.422181214574097 137.2529296875 0.623046875 3.680422968192959 561
270 5.4 3.614384403935185 3.2763387581195 137.2529296875 0.623046875 3.65899609375 625
280 6 2.760868326822916 2.8137787989880287 137.2529296875 0.623046875 3.6554481832198085 679
290 5.7 3.2540775767543852 3.4846356264092897 137.2529296875 0.623046875 3.5828165304676927 739
300 6.4 3.2988967895507813 3.0485916420085157 137.2529296875 0.623046875 3.559276178254554 796
310 10.2 3.5186408547794117 3.5009688635604665 137.2529296875 0.623046875 3.5398991074672965 860
320 9.7 2.8849996979703607 2.6256667887966247 137.2529296875 0.623046875 3.5376451139390594 962
330 11.2 3.265110560825893 2.9822662317822832 137.2529296875 0.623046875 3.4778655054886687 1059
340 9.1 2.5451928442651104 2.6398350692181936 137.2529296875 0.623046875 3.457516612403928 1171
350 9.2 2.5146829356317935 2.5021954675542686 137.2529296875 0.623046875 3.391730984114996 1262
360 12.7 3.0834557240403546 5.675994314760003 137.2529296875 0.623046875 3.3321383545282495 1354
370 15.4 2.90107231635552 2.9325195289475974 137.2529296875 0.619873046875 3.310813105323683 1481
380 16.6 3.068906485316264 2.981779303882992 137.2529296875 0.619873046875 3.2722197833046636 1635
390 17.8 2.8751783049508415 3.0126205113583113 137.2529296875 0.610107421875 3.2534801900419907 1801
400 18.9 3.6639010313326725 3.109679965295014 137.2529296875 0.60205078125 3.2194540477750757 1979
410 24.8 3.017066217237902 3.1771588182597537 137.2529296875 0.386962890625 3.2581996565815268 2168
420 16.2 3.322363582658179 3.34746725011499 137.2529296875 0.386962890625 3.233447548569433 2416
430 1.6 4.1843109130859375 2.628684410706724 137.2529296875 0.386962890625 3.2390349797262896 2578
440 0.2 3.138671875 1.929443359375 137.2529296875 0.386962890625 3.244865517480243 2594
450 0 0 0 137.2529296875 0.386962890625 3.24478370419636 2596
460 0 0 0 137.2529296875 0.386962890625 3.24478370419636 2596
470 0 0 0 137.2529296875 0.386962890625 3.24478370419636 2596
480 0 0 0 137.2529296875 0.386962890625 3.24478370419636 2596
490 0 0 0 137.2529296875 0.386962890625 3.24478370419636 2596
500 0 0 0 137.2529296875 0.386962890625 3.24478370419636 2596
510 0 0 0 137.2529296875 0.386962890625 3.24478370419636 2596
520 0 0 0 137.2529296875 0.386962890625 3.24478370419636 2596
530 0 0 0 137.2529296875 0.386962890625 3.24478370419636 2596
540 0 0 0 137.2529296875 0.386962890625 3.24478370419636 2596
550 0 0 0 137.2529296875 0.386962890625 3.24478370419636 2596
560 0 0 0 137.2529296875 0.386962890625 3.24478370419636 2596
570 0 0 0 137.2529296875 0.386962890625 3.24478370419636 2596
578 0 0 0 137.2529296875 0.386962890625 3.24478370419636 2596
