0 0.1 1.2883640403124508 0 1.2883640403124508 1.2883640403124508 0 0
10 0.1 2.649656526005888 0.0 2.649656526005888 1.2883640403124508 1.2883640403124508 1
20 0.1 1.8756169792694966 0.0 2.649656526005888 1.2883640403124508 1.9690102831591694 2
30 0.1 2.073050345508391 0.0 2.649656526005888 1.2883640403124508 1.9378791818626118 3
40 0.1 1.881188118811881 0.0 2.649656526005888 1.2883640403124508 1.9716719727740566 4
50 0.1 1.693227091633466 0.0 2.649656526005888 1.2883640403124508 1.9535752019816215 5
60 0.1 2.2682445759368837 0.0 2.649656526005888 1.2883640403124508 1.9101838502569288 6
70 0.1 1.593625498007968 0.0 2.649656526005888 1.2883640403124508 1.9613353824969224 7
80 0.1 2.6600985221674875 0.0 2.6600985221674875 1.2883640403124508 1.915371646935803 8
90 0.1 2.3785926660059467 0.0 2.6600985221674875 1.2883640403124508 1.9981190775171014 9
100 0.1 2.766798418972332 0.0 2.766798418972332 1.2883640403124508 2.0361664363659857 10
110 0.1 2.2794846382556986 0.0 2.766798418972332 1.2883640403124508 2.1025875256938353 11
120 0.1 2.857142857142857 0.0 2.857142857142857 1.2883640403124508 2.117328951740657 12
130 0.1 2.576808721506442 0.0 2.857142857142857 1.2883640403124508 2.1742377136946724 13
140 0.1 3.5538005923000986 0.0 3.5538005923000986 1.2883640403124508 2.2029927856812273 14
150 0.1 4.043392504930966 0.0 4.043392504930966 1.2883640403124508 2.2930466394558184 15
160 0.1 4.563492063492063 0.0 4.563492063492063 1.2883640403124508 2.402443256048015 16
170 0.1 4.536489151873767 0.0 4.563492063492063 1.2883640403124508 2.529563774132959 17
180 0.1 4.257425742574258 0.0 4.563492063492063 1.2883640403124508 2.641059628451893 18
190 0.1 5.2527254707631315 0.0 5.2527254707631315 1.2883640403124508 2.7261315291951753 19
200 0.1 5.980392156862745 0.0 5.980392156862745 1.2883640403124508 2.852461226273573 20
210 0.1 6.200787401574804 0.0 6.200787401574804 1.2883640403124508 3.001410318206391 21
220 0.1 5.742574257425743 0.0 6.200787401574804 1.2883640403124508 3.1468365492685915 22
230 0.1 6.41025641025641 0.0 6.41025641025641 1.2883640403124508 3.2596947104928153 23
240 0.1 7.677165354330709 0.0 7.677165354330709 1.2883640403124508 3.3909681146496315 24
250 0.1 8.669950738916256 0.0 8.669950738916256 1.2883640403124508 3.5624160042368747 25
260 0.1 10.76923076923077 0.0 10.76923076923077 1.2883640403124508 3.7588596478783893 26
270 0.1 12.390243902439025 0.0 12.390243902439025 1.2883640403124508 4.0185030227432925 27
280 0.1 11.557296767874632 0.0 12.390243902439025 1.2883640403124508 4.317493768446711 28
290 0.1 12.121212121212121 0.0 12.390243902439025 1.2883640403124508 4.5671421477373295 29
300 0.1 10.99116781157998 0.0 12.390243902439025 1.2883640403124508 4.818944480186489 30
310 0.1 13.0859375 0.0 13.0859375 1.2883640403124508 5.018048458618536 31
320 0.1 14.327485380116958 0.0 14.327485380116958 1.2883640403124508 5.2701699911617075 32
330 0.1 15.670910871694419 0.0 15.670910871694419 1.2883640403124508 5.544634093857321 33
340 0.1 18.54368932038835 0.0 18.54368932038835 1.2883640403124508 5.842465763793706 34
350 0.1 18.1640625 0.0 18.54368932038835 1.2883640403124508 6.205357865410696 35
360 0.1 19.594594594594593 0.0 19.594594594594593 1.2883640403124508 6.537544105260399 36
370 0.1 22.55639097744361 0.0 22.55639097744361 1.2883640403124508 6.890437361728891 37
380 0.1 25.023969319271334 0.0 25.023969319271334 1.2883640403124508 7.302699298984541 38
390 0.1 26.174496644295303 0.0 26.174496644295303 1.2883640403124508 7.757090837966253 39
400 0.1 27.852998065764023 0.0 27.852998065764023 1.2883640403124508 8.217525983124478 40
410 0.1 30.323193916349812 0.0 30.323193916349812 1.2883640403124508 8.696439936359589 41
420 0.1 28.7776708373436 0.0 30.323193916349812 1.2883640403124508 9.21136265016888 42
430 0.1 23.568702290076335 0.0 30.323193916349812 1.2883640403124508 9.666393073126432 43
440 0.1 18.557692307692307 0.0 30.323193916349812 1.2883640403124508 9.98235464623893 44
450 0.1 16.872037914691944 0.0 30.323193916349812 1.2883640403124508 10.17291770538234 45
460 0.1 11.590038314176246 0.0 30.323193916349812 1.2883640403124508 10.318550753410808 46
470 0.1 9.01077375122429 0.0 30.323193916349812 1.2883640403124508 10.345603680235604 47
480 0.1 8.325074331020813 0.0 30.323193916349812 1.2883640403124508 10.317794723381201 48
490 0.1 6.200787401574804 0.0 30.323193916349812 1.2883640403124508 10.277126960271806 49
500 0.1 5.429417571569595 0.0 30.323193916349812 1.2883640403124508 10.195600169097867 50
510 0.1 3.582089552238806 0.0 30.323193916349812 1.2883640403124508 10.102145608362017 51
520 0.1 3.3630069238377844 0.0 30.323193916349812 1.2883640403124508 9.976759914975032 52
530 0.1 2.178217821782178 0.0 30.323193916349812 1.2883640403124508 9.851972122689425 53
540 0.1 2.1696252465483234 0.0 30.323193916349812 1.2883640403124508 9.709865561561513 54
550 0.1 1.678183613030602 0.0 30.323193916349812 1.2883640403124508 9.572770283106728 55
560 0.1 1.2858555885262115 0.0 30.323193916349812 1.2858555885262115 9.431795521141082 56
570 0.1 0.8902077151335311 0.0 30.323193916349812 0.8902077151335311 9.288884294253101 57
