0 0 0
10 0 0
20 0.1 1
30 0 1
40 0 1
50 0.1 2
60 0 2
70 0 2
80 0 2
90 0 2
100 0.1 3
110 0.2 5
120 0.1 6
130 0.1 7
140 0.6 13
150 0.6 19
160 1 29
170 1.5 44
180 0.9 53
190 1.3 66
200 2.3 89
210 2.5 114
220 1.5 129
230 2 149
240 1.8 167
250 3.6 203
260 3.1 234
270 5.1 285
280 4.1 326
290 4.6 372
300 5.5 427
310 5.5 482
320 5.4 536
330 4.3 579
340 8.7 666
350 7 736
360 9.1 827
370 9.2 919
380 8.7 1006
390 11 1116
400 12 1236
410 12.2 1358
420 13.8 1496
430 13.1 1627
440 11.7 1744
450 12 1864
460 6.7 1931
470 6.4 1995
480 6.7 2062
490 8 2142
500 6.3 2205
510 5.3 2258
520 3.9 2297
530 2.8 2325
540 1.7 2342
550 1.9 2361
560 1.1 2372
570 0.1 2373
578 0.1 2374
