0 0.1 3158.39453125 0 3158.39453125 3158.39453125 0 0
10 0.1 3158.30078125 0.0 3158.39453125 3158.30078125 3158.39453125 1
20 0.1 3156.50390625 0.0 3158.39453125 3156.50390625 3158.34765625 2
30 0.1 3155.6953125 0.0 3158.39453125 3155.6953125 3157.7330729166665 3
40 0.1 3153.28125 0.0 3158.39453125 3153.28125 3157.2236328125 4
50 0.1 3151.12890625 0.0 3158.39453125 3151.12890625 3156.43515625 5
60 0.1 3149.8125 0.0 3158.39453125 3149.8125 3155.55078125 6
70 0.1 3148.14453125 0.0 3158.39453125 3148.14453125 3154.731026785714 7
80 0.1 3146.84375 0.0 3158.39453125 3146.84375 3153.90771484375 8
90 0.1 3144.08203125 0.0 3158.39453125 3144.08203125 3153.1228298611113 9
100 0.1 3141.42578125 0.0 3158.39453125 3141.42578125 3152.21875 10
110 0.1 3139.05078125 0.0 3158.39453125 3139.05078125 3151.2375710227275 11
120 0.1 3137.3828125 0.0 3158.39453125 3137.3828125 3150.2220052083335 12
130 0.1 3135.8359375 0.0 3158.39453125 3135.8359375 3149.234375 13
140 0.1 3133.62890625 0.0 3158.39453125 3133.62890625 3148.27734375 14
150 0.1 3131.765625 0.0 3158.39453125 3131.765625 3147.30078125 15
160 0.1 3131.0625 0.0 3158.39453125 3131.0625 3146.329833984375 16
170 0.1 3129.6484375 0.0 3158.39453125 3129.6484375 3145.431755514706 17
180 0.1 3129.2578125 0.0 3158.39453125 3129.2578125 3144.5549045138887 18
190 0.1 3128.6640625 0.0 3158.39453125 3128.6640625 3143.7497944078946 19
200 0.1 3126.66796875 0.0 3158.39453125 3126.66796875 3142.9955078125 20
210 0.1 3126.22265625 0.0 3158.39453125 3126.22265625 3142.2180059523807 21
220 0.1 3126.05078125 0.0 3158.39453125 3126.05078125 3141.4909446022725 22
230 0.1 3125.11328125 0.0 3158.39453125 3125.11328125 3140.819633152174 23
240 0.1 3123.5859375 0.0 3158.39453125 3123.5859375 3140.1652018229165 24
250 0.1 3121.9453125 0.0 3158.39453125 3121.9453125 3139.50203125 25
260 0.1 3120.03125 0.0 3158.39453125 3120.03125 3138.8267728365386 26
270 0.1 3119.0390625 0.0 3158.39453125 3119.0390625 3138.1306423611113 27
280 0.1 3117.859375 0.0 3158.39453125 3117.859375 3137.448800223214 28
290 0.1 3116.2578125 0.0 3158.39453125 3116.2578125 3136.773302801724 29
300 0.1 3114.92578125 0.0 3158.39453125 3114.92578125 3136.089453125 30
310 0.1 3114.48046875 0.0 3158.39453125 3114.48046875 3135.406754032258 31
320 0.1 3113.4453125 0.0 3158.39453125 3113.4453125 3134.7528076171875 32
330 0.1 3110.35546875 0.0 3158.39453125 3110.35546875 3134.1071259469695 33
340 0.1 3106.140625 0.0 3158.39453125 3106.140625 3133.4085477941176 34
350 0.1 3105.4921875 0.0 3158.39453125 3105.4921875 3132.629464285714 35
360 0.1 3102.515625 0.0 3158.39453125 3102.515625 3131.8756510416665 36
370 0.1 3101.20703125 0.0 3158.39453125 3101.20703125 3131.082136824324 37
380 0.1 3097.46484375 0.0 3158.39453125 3097.46484375 3130.2959498355262 38
390 0.1 3092.484375 0.0 3158.39453125 3092.484375 3129.454126602564 39
400 0.1 3087.2421875 0.0 3158.39453125 3087.2421875 3128.5298828125 40
410 0.1 3082.0390625 0.0 3158.39453125 3082.0390625 3127.5228658536585 41
420 0.1 3080.66796875 0.0 3158.39453125 3080.66796875 3126.439918154762 42
430 0.1 3079.9140625 0.0 3158.39453125 3079.9140625 3125.3754542151164 43
440 0.1 3079.80078125 0.0 3158.39453125 3079.80078125 3124.3422407670455 44
450 0.1 3079.7421875 0.0 3158.39453125 3079.7421875 3123.3524305555557 45
460 0.1 3079.78125 0.0 3158.39453125 3079.7421875 3122.4043817934785 46
470 0.1 3079.640625 0.0 3158.39453125 3079.640625 3121.497506648936 47
480 0.1 3079.14453125 0.0 3158.39453125 3079.14453125 3120.62548828125 48
490 0.1 3078.76171875 0.0 3158.39453125 3078.76171875 3119.778938137755 49
500 0.1 3081.15625 0.0 3158.39453125 3078.76171875 3118.95859375 50
510 0.1 3081.27734375 0.0 3158.39453125 3078.76171875 3118.2173713235293 51
520 0.1 3085.96875 0.0 3158.39453125 3078.76171875 3117.5069861778848 52
530 0.1 3086.28515625 0.0 3158.39453125 3078.76171875 3116.9119251179245 53
540 0.1 3105.89453125 0.0 3158.39453125 3078.76171875 3116.3447627314813 54
550 0.1 3108.98828125 0.0 3158.39453125 3078.76171875 3116.154758522727 55
560 0.1 3109.3125 0.0 3158.39453125 3078.76171875 3116.026785714286 56
570 0.1 3109.47265625 0.0 3158.39453125 3078.76171875 3115.90899122807 57
