0 0.1 0.0 0 0.0 0.0 0 0
10 0.1 0.0 0.0 0.0 0.0 0.0 1
20 0.1 0.0 0.0 0.0 0.0 0.0 2
30 0.1 0.0 0.0 0.0 0.0 0.0 3
40 0.1 0.0 0.0 0.0 0.0 0.0 4
50 0.1 0.0 0.0 0.0 0.0 0.0 5
60 0.1 0.0 0.0 0.0 0.0 0.0 6
70 0.1 0.0 0.0 0.0 0.0 0.0 7
80 0.1 0.078125 0.0 0.078125 0.0 0.0 8
90 0.1 0.0703125 0.0 0.078125 0.0 0.008680555555555556 9
100 0.1 0.05859375 0.0 0.078125 0.0 0.01484375 10
110 0.1 0.05078125 0.0 0.078125 0.0 0.018821022727272728 11
120 0.1 0.0390625 0.0 0.078125 0.0 0.021484375 12
130 0.1 0.0390625 0.0 0.078125 0.0 0.02283653846153846 13
140 0.1 0.03125 0.0 0.078125 0.0 0.023995535714285716 14
150 0.1 0.03125 0.0 0.078125 0.0 0.024479166666666666 15
160 0.1 0.01953125 0.0 0.078125 0.0 0.02490234375 16
170 0.1 0.01953125 0.0 0.078125 0.0 0.02458639705882353 17
180 0.1 0.01953125 0.0 0.078125 0.0 0.024305555555555556 18
190 0.1 0.01171875 0.0 0.078125 0.0 0.024054276315789474 19
200 0.1 0.01171875 0.0 0.078125 0.0 0.0234375 20
210 0.1 0.01171875 0.0 0.078125 0.0 0.022879464285714284 21
220 0.1 0.01171875 0.0 0.078125 0.0 0.02237215909090909 22
230 0.1 0.01171875 0.0 0.078125 0.0 0.021908967391304348 23
240 0.1 0.01171875 0.0 0.078125 0.0 0.021484375 24
250 0.1 0.078125 0.0 0.078125 0.0 0.02109375 25
260 0.1 0.0703125 0.0 0.078125 0.0 0.023287259615384616 26
270 0.1 0.05859375 0.0 0.078125 0.0 0.025028935185185185 27
280 0.1 0.19921875 0.0 0.19921875 0.0 0.026227678571428572 28
290 0.1 0.328125 0.0 0.328125 0.0 0.03219288793103448 29
300 0.1 0.28125 0.0 0.328125 0.0 0.04205729166666667 30
310 0.1 0.30859375 0.0 0.328125 0.0 0.04977318548387097 31
320 0.1 0.33984375 0.0 0.33984375 0.0 0.057861328125 32
330 0.1 0.2890625 0.0 0.33984375 0.0 0.06640625 33
340 0.1 0.3203125 0.0 0.33984375 0.0 0.07295496323529412 34
350 0.1 0.26953125 0.0 0.33984375 0.0 0.08002232142857142 35
360 0.1 0.30859375 0.0 0.33984375 0.0 0.08528645833333331 36
370 0.1 0.26171875 0.0 0.33984375 0.0 0.09132179054054052 37
380 0.1 0.30078125 0.0 0.33984375 0.0 0.09580592105263155 38
390 0.1 0.26171875 0.0 0.33984375 0.0 0.10106169871794869 39
400 0.1 0.30078125 0.0 0.33984375 0.0 0.10507812499999998 40
410 0.1 0.25 0.0 0.33984375 0.0 0.1098513719512195 41
420 0.1 0.37109375 0.0 0.37109375 0.0 0.11318824404761903 42
430 0.1 0.30859375 0.0 0.37109375 0.0 0.11918604651162788 43
440 0.1 0.26171875 0.0 0.37109375 0.0 0.12349076704545453 44
450 0.1 0.30078125 0.0 0.37109375 0.0 0.12656249999999997 45
460 0.1 0.25 0.0 0.37109375 0.0 0.13034986413043476 46
470 0.1 0.2109375 0.0 0.37109375 0.0 0.13289561170212763 47
480 0.1 0.1796875 0.0 0.37109375 0.0 0.13452148437499997 48
490 0.1 0.2109375 0.0 0.37109375 0.0 0.13544323979591832 49
500 0.1 0.26171875 0.0 0.37109375 0.0 0.13695312499999995 50
510 0.1 0.21875 0.0 0.37109375 0.0 0.13939950980392152 51
520 0.1 0.1796875 0.0 0.37109375 0.0 0.14092548076923073 52
530 0.1 0.1484375 0.0 0.37109375 0.0 0.14165683962264147 53
540 0.1 0.12890625 0.0 0.37109375 0.0 0.14178240740740738 54
550 0.1 0.109375 0.0 0.37109375 0.0 0.14154829545454545 55
560 0.1 0.08984375 0.0 0.37109375 0.0 0.14097377232142858 56
570 0.1 0.078125 0.0 0.37109375 0.0 0.14007675438596492 57
