10 0.2 2
20 0.2 4
30 0.6 10
40 0.5 15
50 0.7 22
60 0.7 29
70 0.7 36
80 0.4 40
90 1.3 53
100 0.4 57
110 0.7 64
120 0.4 68
130 0.6 74
140 1.2 86
150 2.2 108
160 3.8 146
170 3.9 185
180 3.1 216
190 4.6 262
200 3.7 299
210 4 339
220 4.3 382
230 4.3 425
240 4.9 474
250 7.2 546
260 8.2 628
270 10.7 735
280 10.7 842
290 10.7 949
300 9.5 1044
310 9.7 1141
320 11.4 1255
330 15.8 1413
340 16.6 1579
350 16.9 1748
360 18.9 1937
370 17.7 2114
380 20.9 2323
390 24.3 2566
400 28.8 2854
410 28 3134
420 26.9 3403
430 23 3633
440 20.1 3834
450 13.3 3967
460 7.7 4044
470 6.6 4110
480 7.2 4182
490 8 4262
500 6.4 4326
510 5.2 4378
520 4 4418
530 2.8 4446
540 1.7 4463
550 1.7 4480
560 0.9 4489
570 0.1 4490
578 0.1 4491
