0 2.2 196.31263316761363 331.67838367105963 1356.623046875 6.038818359375 0 0
10 3.9 479.9910231370192 497.27160627738266 2102.153076171875 6.038818359375 196.31263316761363 22
20 6.7 339.54050183652055 480.9575481880507 2843.5341796875 0.416015625 377.68078413165983 61
30 8.5 1461.1057961856616 1029.7065849238936 4598.011962890625 0.416015625 357.71673011779785 128
40 10.3 1932.3627597845873 988.9818602945977 4598.011962890625 0.416015625 798.0363104735181 213
50 11.7 2343.9886672843213 1242.2752106027149 4664.45703125 0.40283203125 1167.7692986983286 316
60 9.8 2995.163800920759 1354.4775214018402 5134.861083984375 0.40283203125 1485.593007992927 433
70 12.7 3089.6084618756154 1399.5603273330444 5603.429931640625 0.40283203125 1764.1955272150128 531
80 11.7 4361.832519531249 1699.8518488776274 7486.170166015625 0.40283203125 2020.0123094367402 658
90 13.5 5386.878090639468 2106.363182018915 9431.69091796875 0.40283203125 2373.5516185735887 775
100 13.1 5501.550250104364 2311.307676443236 9806.9990234375 0.40283203125 2820.583567726219 910
110 14.1 6653.532117478391 2513.6340820659916 11351.135009765625 0.40283203125 3157.9578572473883 1041
120 14.3 5572.708630968638 3891.7838224503025 12192.150146484375 0.40283203125 3574.9426040262133 1182
130 19.8 6025.539519955415 4578.232265009064 13607.973876953125 0.40283203125 3790.5505601415093 1325
140 30 3167.5388541666675 4287.039873959457 13607.973876953125 0.40283203125 4081.113799828412 1523
150 40.7 2173.2363449209165 4382.0971904420485 15318.098876953125 0.362060546875 3930.7723386663038 1823
160 45.2 2499.6498186229596 4530.119494657253 15318.098876953125 0.362060546875 3610.002316489455 2230
170 43.6 2920.9121586510882 4955.993600003403 15318.098876953125 0.362060546875 3422.873558459755 2682
180 43.4 2268.7130965131782 3898.2877610896653 15318.098876953125 0.362060546875 3352.682676382597 3118
190 56.2 1993.2344114907687 3500.564701179736 15318.098876953125 0.362060546875 3220.2381950584618 3552
200 57.6 1693.365763770209 3034.156334527425 15318.098876953125 0.362060546875 3052.6212465010863 4114
210 61.8 1905.1168406464928 3560.22721796819 15318.098876953125 0.362060546875 2885.6849654663347 4690
220 53.6 2097.292283243204 3629.0923118369765 15318.098876953125 0.362060546875 2771.5193473166246 5308
230 67.6 1343.4382248376241 2898.852549327225 15318.098876953125 0.35302734375 2709.680588530972 5844
240 72.5 1386.5695810883637 3057.4488089381157 15318.098876953125 0.345947265625 2568.027239166447 6520
250 105.6 1037.8008237896572 2880.0842357899655 15318.098876953125 0.345947265625 2449.799937288378 7245
260 115.1 978.2144178296045 2842.593437314184 15318.098876953125 0.324951171875 2270.174462784746 8301
270 124.5 801.2785150367087 2509.7172203987707 15318.098876953125 0.324951171875 2112.848392985405 9452
280 124.1 882.3675333494919 2621.0693249416313 15318.098876953125 0.324951171875 1960.197696711111 10697
290 124.8 914.6690873366138 2469.4506279388193 15318.098876953125 0.324951171875 1848.1531974037086 11938
300 114.4 922.022247954682 2507.709278126837 15318.098876953125 0.324951171875 1759.8028129532509 13186
310 142.1 668.7720566708631 2063.2173214073064 15318.098876953125 0.324951171875 1692.9206799205667 14330
320 157.3 761.482598190163 2554.587377194842 15318.098876953125 0.324951171875 1600.5255816005981 15751
330 185.2 590.3671529617466 2095.0291126761517 15318.098876953125 0.324951171875 1524.3414086091054 17324
340 196.1 542.7376703381952 1885.2847628338282 15318.098876953125 0.324951171875 1434.139055591849 19176
350 210.1 540.379661563691 1961.0538878017117 15318.098876953125 0.324951171875 1351.43866686675 21137
360 215.4 454.1320858586133 1822.803931607217 15318.098876953125 0.324951171875 1278.108992620183 23238
370 235.7 468.46111783467524 1780.2747323713131 15318.098876953125 0.324951171875 1208.21114065246 25392
380 265.6 446.0538541495082 1800.9452214267214 15318.098876953125 0.324951171875 1145.3767753138345 27749
390 304.8 373.12682496719174 1555.066971733284 15318.098876953125 0.320068359375 1084.2880833680213 30405
400 324.1 359.6328213887983 1598.5558377345624 15318.098876953125 0.320068359375 1019.4921154247658 33453
410 326.2 390.89506511115223 1562.3530233387494 15318.098876953125 0.320068359375 961.2099992212836 36694
420 322.3 335.35029074171445 1281.3760384696889 15318.098876953125 0.320068359375 914.6495999053549 39956
430 250.6 495.5801739886772 1721.5866658971288 15318.098876953125 0.320068359375 871.4090970351075 43179
440 197.3 580.6837436001268 1719.162989570363 15318.098876953125 0.320068359375 850.7934183406924 45685
450 139.9 832.0776391619011 1523.2999064953012 15318.098876953125 0.320068359375 839.611111314314 47658
460 83.1 1247.9017370708298 1178.3355905901246 15318.098876953125 0.320068359375 839.3962729112069 49057
470 71.6 1232.1168066269838 551.4947414257302 15318.098876953125 0.320068359375 846.2008760365406 49888
480 73.9 373.91995094722597 431.2252305680976 15318.098876953125 0.320068359375 851.6612310737463 50604
490 50.6 14.939264470880678 19.23814275898223 15318.098876953125 0.320068359375 844.7849128606794 51343
500 40.9 13.015611867741445 13.56862760138069 15318.098876953125 0.320068359375 836.6863594057382 51849
510 28.7 12.458606680095823 16.435737249468918 15318.098876953125 0.320068359375 830.2398567507756 52258
520 22.2 11.011468010979733 13.23685812662936 15318.098876953125 0.320068359375 825.7731478580116 52545
530 12.4 11.054183467741936 13.487469719197781 15318.098876953125 0.320068359375 822.3453029373975 52767
540 11.3 10.59656733960177 9.734100366968853 15318.098876953125 0.320068359375 820.4432761499623 52891
550 6.9 10.48038029325181 9.576867886501985 15318.098876953125 0.320068359375 818.7167521499704 53004
560 2.9 13.754613415948276 16.840933725965368 15318.098876953125 0.320068359375 817.665967199843 53073
570 0.2 13.2125244140625 3.8365478515625 15318.098876953125 0.320068359375 817.2269361038441 53102
578 0.2 5.468017578125 0.048095703125 15318.098876953125 0.320068359375 817.1966553561908 53104
