10 0.1 158 0 158 158 0 0
20 0.1 308.0 0.0 308 158 158.0 1
30 0.1 440.0 0.0 440 158 233.0 2
40 0.1 579.0 0.0 579 158 302.0 3
50 0.1 653.0 0.0 653 158 371.25 4
60 0.1 645.0 0.0 653 158 427.6 5
70 0.1 681.0 0.0 681 158 463.8333333333333 6
80 0.1 739.0 0.0 739 158 494.85714285714283 7
90 0.1 730.0 0.0 739 158 525.375 8
100 0.1 779.0 0.0 779 158 548.1111111111111 9
110 0.1 751.0 0.0 779 158 571.2 10
120 0.1 809.0 0.0 809 158 587.5454545454545 11
130 0.1 728.0 0.0 809 158 606.0 12
140 0.1 968.0 0.0 968 158 615.3846153846154 13
150 0.1 1060.0 0.0 1060 158 640.5714285714286 14
160 0.1 1255.0 0.0 1255 158 668.5333333333333 15
170 0.1 1207.0 0.0 1255 158 705.1875 16
180 0.1 1292.0 0.0 1292 158 734.7058823529412 17
190 0.1 1389.0 0.0 1389 158 765.6666666666666 18
200 0.1 1581.0 0.0 1581 158 798.4736842105264 19
210 0.1 1528.0 0.0 1581 158 837.6 20
220 0.1 1526.0 0.0 1581 158 870.4761904761905 21
230 0.1 1638.0 0.0 1638 158 900.2727272727273 22
240 0.1 1753.0 0.0 1753 158 932.3478260869565 23
250 0.1 2096.0 0.0 2096 158 966.5416666666666 24
260 0.1 2488.0 0.0 2488 158 1011.72 25
270 0.1 2709.0 0.0 2709 158 1068.5 26
280 0.1 2586.0 0.0 2709 158 1129.2592592592594 27
290 0.1 2817.0 0.0 2817 158 1181.2857142857142 28
300 0.1 2542.0 0.0 2817 158 1237.6896551724137 29
310 0.1 2810.0 0.0 2817 158 1281.1666666666667 30
320 0.1 3198.0 0.0 3198 158 1330.483870967742 31
330 0.1 3820.0 0.0 3820 158 1388.84375 32
340 0.1 4174.0 0.0 4174 158 1462.5151515151515 33
350 0.1 4379.0 0.0 4379 158 1542.264705882353 34
360 0.1 4317.0 0.0 4379 158 1623.3142857142857 35
370 0.1 4752.0 0.0 4752 158 1698.138888888889 36
380 0.1 6025.0 0.0 6025 158 1780.6756756756756 37
390 0.1 6183.0 0.0 6183 158 1892.3684210526317 38
400 0.1 6984.0 0.0 6984 158 2002.3846153846155 39
410 0.1 8372.0 0.0 8372 158 2126.925 40
420 0.1 8403.0 0.0 8403 158 2279.243902439024 41
430 0.1 5647.0 0.0 8403 158 2425.047619047619 42
440 0.1 3913.0 0.0 8403 158 2499.9767441860463 43
450 0.1 3312.0 0.0 8403 158 2532.0909090909086 44
460 0.1 2529.0 0.0 8403 158 2549.4222222222215 45
470 0.1 2694.0 0.0 8403 158 2548.9782608695646 46
480 0.1 2758.0 0.0 8403 158 2552.0638297872333 47
490 0.1 1754.0 0.0 8403 158 2556.354166666666 48
500 0.1 1334.0 0.0 8403 158 2539.979591836734 49
510 0.1 933.0 0.0 8403 158 2515.859999999999 50
520 0.1 736.0 0.0 8403 158 2484.823529411764 51
530 0.1 415.0 0.0 8403 158 2451.1923076923067 52
540 0.1 371.0 0.0 8403 158 2412.7735849056594 53
550 0.1 232.0 0.0 8403 158 2374.9629629629617 54
560 0.1 143.0 0.0 8403 143 2335.9999999999986 55
570 0.1 18.0 0.0 8403 18 2296.8392857142844 56
