0 2.7 159.9449508101852 305.58128473498004 1356.623046875 6.038818359375 0 0
10 6.7 279.3699605002332 390.4227391787006 2102.153076171875 6.038818359375 159.9449508101852 27
20 9.9 287.4313520951705 417.592436630105 2805.0390625 0.416015625 245.06703218500664 94
30 13.4 998.3863980876865 681.0125118059087 4598.011962890625 0.416015625 266.79795276068654 193
40 15.1 1336.9877670995445 495.08281525673164 4598.011962890625 0.416015625 566.5926061974388 327
50 16.7 1601.6292600346183 579.729433315143 4598.011962890625 0.40283203125 809.9601151853426 478
60 14.9 2100.1600202522036 542.9457607055989 4598.011962890625 0.40283203125 1014.9349170300387 645
70 17.6 2269.3075603138313 507.0361781277481 4598.011962890625 0.40283203125 1218.5854716649287 794
80 16.3 3294.507655231499 489.6783417903039 4620.882080078125 0.40283203125 1409.2319537290596 970
90 18 4084.3714965820313 428.32567028399774 5360.881103515625 0.40283203125 1680.4587316151121 1133
100 17.8 4285.658392402564 713.763537482299 6022.8681640625 0.40283203125 2010.0126521741718 1313
110 18.7 5081.645060003763 522.1533640610309 6398.258056640625 0.40283203125 2281.685986688359 1491
120 19.8 4451.380039407752 2200.6349852874105 7494.0380859375 0.40283203125 2593.7195663724956 1678
130 27 4159.854235387736 2826.811262088236 8306.740966796875 0.40283203125 2789.783944656601 1876
140 40.6 2456.6370807516173 2992.7678219131644 8306.740966796875 0.40283203125 2962.159983099008 2146
150 56 1801.365582711356 3117.910012823757 8705.465087890625 0.362060546875 2881.7358849982866 2552
160 61.4 1693.9200725741816 2819.3676577964175 8764.39599609375 0.362060546875 2687.324776617605 3112
170 58 2069.785506044584 3233.92169452572 9336.48486328125 0.362060546875 2523.6236257097516 3726
180 56.4 1792.2267369480003 2729.752766178923 9336.48486328125 0.362060546875 2462.4935492104955 4306
190 70.6 1517.4154377794125 2453.7173509399713 9336.48486328125 0.362060546875 2384.8692202338943 4870
200 71.1 1411.2903937703281 2348.569583459899 9336.48486328125 0.362060546875 2275.037374750956 5576
210 79.6 1465.8042022858433 2587.394844972208 9336.48486328125 0.362060546875 2177.3557931576324 6287
220 69.4 1557.865413083122 2504.1156798266975 9336.48486328125 0.362060546875 2097.390373655452 7083
230 87.3 1106.234072970361 2252.1527687385515 9336.48486328125 0.35302734375 2049.24451758792 7777
240 94.1 1070.691109441418 2196.1300731127285 9336.48486328125 0.345947265625 1954.0713247380788 8650
250 138.5 755.284620550824 2010.4344299767508 9336.48486328125 0.345947265625 1867.4004058981084 9591
260 154.7 734.0683052442723 2150.6034655062954 9336.48486328125 0.324951171875 1727.0687401996763 10976
270 164.7 643.0846290426251 1938.0901725708884 9336.48486328125 0.324951171875 1604.4007155349786 12523
280 160 645.7646240234372 1826.6307304784016 9336.48486328125 0.324951171875 1492.665528911626 14170
290 158.4 690.9960909756742 1814.0596408214735 9336.48486328125 0.324951171875 1406.7402627213216 15770
300 144.9 752.2529611949523 1974.6197967629605 9336.48486328125 0.324951171875 1341.4101504679445 17354
310 179.9 544.3333122079529 1582.6806145355408 9336.48486328125 0.324951171875 1296.0084184434502 18803
320 211.7 545.256735490413 1833.8654822894594 9336.48486328125 0.324951171875 1230.370931009334 20602
330 247.3 441.99426353445375 1574.882589385741 9336.48486328125 0.324951171875 1166.5306760723404 22719
340 257.3 412.84104319875286 1435.393903303495 9336.48486328125 0.324951171875 1095.405773396642 25192
350 272.7 405.0866987496274 1509.0691329698707 9336.48486328125 0.324951171875 1032.1520708647072 27765
360 277.4 364.0380452767328 1462.4074987775546 9336.48486328125 0.324951171875 976.0715490964459 30492
370 306.2 356.06201905413116 1339.407472811902 9336.48486328125 0.324951171875 925.0350271342056 33266
380 345.8 335.2618867820091 1412.1904372743256 9336.48486328125 0.324951171875 877.077656765862 36328
390 403.9 287.4772161609848 1265.9807259570332 9336.48486328125 0.320068359375 829.9857417051833 39786
400 431.5 265.39602002688594 1235.3150249486941 9336.48486328125 0.320068359375 779.9870666413381 43825
410 427.3 293.5622583733428 1247.623710842291 9336.48486328125 0.320068359375 733.8620071037112 48140
420 404.4 277.16352453335537 1100.6585698717906 9336.48486328125 0.320068359375 697.9663166008805 52413
430 306.6 394.85476188883655 1379.6724194392077 9336.48486328125 0.320068359375 667.8243237369121 56457
440 228.1 503.11429570192627 1429.1460365381877 9336.48486328125 0.320068359375 653.7637979464412 59523
450 150.1 754.6781312458351 1262.1787269608028 9336.48486328125 0.320068359375 648.2037773228611 61804
460 87.8 1181.9509346859898 997.5126411102208 9336.48486328125 0.320068359375 650.7283489244469 63305
470 74.2 1172.3562873778635 376.89948235492466 9336.48486328125 0.320068359375 657.9952798921273 64183
480 75.8 356.2580927141733 383.9174996765573 9336.48486328125 0.320068359375 663.87369140625 64925
490 50.7 14.909690119575936 18.930652436237285 9336.48486328125 0.320068359375 660.3237222542838 65683
500 40.9 13.015611867741445 13.56862760138069 9336.48486328125 0.320068359375 655.3800009324483 66190
510 28.7 12.458606680095823 16.435737249468918 9336.48486328125 0.320068359375 651.435091322282 66599
520 22.2 11.011468010979733 13.23685812662936 9336.48486328125 0.320068359375 648.69331799016 66886
530 12.4 11.054183467741936 13.487469719197781 9336.48486328125 0.320068359375 646.5838024227854 67108
540 11.3 10.59656733960177 9.734100366968853 9336.48486328125 0.320068359375 645.4116571236656 67232
550 6.9 10.48038029325181 9.576867886501985 9336.48486328125 0.320068359375 644.3464836862076 67345
560 2.9 13.754613415948276 16.840933725965368 9336.48486328125 0.320068359375 643.6977050774007 67414
570 0.2 13.2125244140625 3.8365478515625 9336.48486328125 0.320068359375 643.4268341247713 67443
578 0.2 5.468017578125 0.048095703125 9336.48486328125 0.320068359375 643.4081458807292 67445
