10 0.1 163 0 163 163 0 0
20 0.1 246.0 0.0 246 163 163.0 1
30 0.1 389.0 0.0 389 163 204.5 2
40 0.1 502.0 0.0 502 163 266.0 3
50 0.1 537.0 0.0 537 163 325.0 4
60 0.1 517.0 0.0 537 163 367.4 5
70 0.1 549.0 0.0 549 163 392.3333333333333 6
80 0.1 615.0 0.0 615 163 414.7142857142857 7
90 0.1 622.0 0.0 622 163 439.75 8
100 0.1 670.0 0.0 670 163 460.0 9
110 0.1 656.0 0.0 670 163 481.0 10
120 0.1 675.0 0.0 675 163 496.90909090909093 11
130 0.1 645.0 0.0 675 163 511.75 12
140 0.1 902.0 0.0 902 163 522.0 13
150 0.1 1088.0 0.0 1088 163 549.1428571428571 14
160 0.1 1431.0 0.0 1431 163 585.0666666666667 15
170 0.1 1417.0 0.0 1431 163 637.9375 16
180 0.1 1380.0 0.0 1431 163 683.7647058823529 17
190 0.1 1541.0 0.0 1541 163 722.4444444444445 18
200 0.1 1711.0 0.0 1711 163 765.5263157894736 19
210 0.1 1742.0 0.0 1742 163 812.8 20
220 0.1 1788.0 0.0 1788 163 857.047619047619 21
230 0.1 1821.0 0.0 1821 163 899.3636363636364 22
240 0.1 2170.0 0.0 2170 163 939.4347826086956 23
250 0.1 2653.0 0.0 2653 163 990.7083333333334 24
260 0.1 3299.0 0.0 3299 163 1057.2 25
270 0.1 3563.0 0.0 3563 163 1143.423076923077 26
280 0.1 3450.0 0.0 3563 163 1233.037037037037 27
290 0.1 3663.0 0.0 3663 163 1312.2142857142858 28
300 0.1 3351.0 0.0 3663 163 1393.2758620689656 29
310 0.1 3661.0 0.0 3663 163 1458.5333333333333 30
320 0.1 4330.0 0.0 4330 163 1529.5806451612902 31
330 0.1 5079.0 0.0 5079 163 1617.09375 32
340 0.1 5421.0 0.0 5421 163 1722.0 33
350 0.1 5657.0 0.0 5657 163 1830.7941176470588 34
360 0.1 5722.0 0.0 5722 163 1940.1142857142856 35
370 0.1 6412.0 0.0 6412 163 2045.1666666666667 36
380 0.1 7502.0 0.0 7502 163 2163.189189189189 37
390 0.1 8057.0 0.0 8057 163 2303.684210526316 38
400 0.1 8986.0 0.0 8986 163 2451.2051282051284 39
410 0.1 9693.0 0.0 9693 163 2614.5750000000003 40
420 0.1 9479.0 0.0 9693 163 2787.219512195122 41
430 0.1 7167.0 0.0 9693 163 2946.5476190476193 42
440 0.1 5089.0 0.0 9693 163 3044.697674418605 43
450 0.1 4025.0 0.0 9693 163 3091.159090909091 44
460 0.1 2692.0 0.0 9693 163 3111.911111111111 45
470 0.1 2679.0 0.0 9693 163 3102.782608695652 46
480 0.1 2737.0 0.0 9693 163 3093.7659574468084 47
490 0.1 1996.0 0.0 9693 163 3086.3333333333335 48
500 0.1 1675.0 0.0 9693 163 3064.081632653061 49
510 0.1 1189.0 0.0 9693 163 3036.3 50
520 0.1 954.0 0.0 9693 163 3000.078431372549 51
530 0.1 527.0 0.0 9693 163 2960.730769230769 52
540 0.1 473.0 0.0 9693 163 2914.811320754717 53
550 0.1 274.0 0.0 9693 163 2869.5925925925926 54
560 0.1 173.0 0.0 9693 163 2822.4 55
570 0.1 25.0 0.0 9693 25 2775.089285714286 56
