20 0.1 17870.97802734375 0 17870.97802734375 17870.97802734375 0 0
30 0 0 0 17870.97802734375 17870.97802734375 17870.97802734375 1
40 0 0 0 17870.97802734375 17870.97802734375 17870.97802734375 1
50 0.1 52571.950927734375 0.0 52571.950927734375 17870.97802734375 17870.97802734375 1
60 0 0 0 52571.950927734375 17870.97802734375 35221.46447753906 2
70 0 0 0 52571.950927734375 17870.97802734375 35221.46447753906 2
80 0 0 0 52571.950927734375 17870.97802734375 35221.46447753906 2
90 0 0 0 52571.950927734375 17870.97802734375 35221.46447753906 2
100 0.1 92075.94018554688 0.0 92075.94018554688 17870.97802734375 35221.46447753906 2
110 0.2 105687.41284179688 5429.492919921875 111116.90576171875 17870.97802734375 54172.956380208336 3
120 0.1 80410.92114257813 0.0 111116.90576171875 17870.97802734375 74778.73896484375 5
130 0.1 84671.94189453125 0.0 111116.90576171875 17870.97802734375 75717.43599446614 6
140 0.6 87478.67932128906 15008.374617226274 117538.38403320313 17870.97802734375 76996.65112304688 7
150 0.6 101062.00280761719 23577.379858646847 136335.35815429688 17870.97802734375 81834.51029146634 13
160 1 109853.34992675782 26215.173142438387 147807.68212890625 17870.97802734375 87906.35003340871 19
170 1.5 104928.49116210938 43143.74538632889 158661.64990234375 17870.97802734375 95474.2810311153 29
180 0.9 86351.46571180556 51892.361640132505 165809.873046875 17870.97802734375 98697.307212136 44
190 1.3 104464.00760591947 41865.221624488644 165809.873046875 17870.97802734375 96600.8435611365 53
200 2.3 109290.28792671535 44318.38067795581 185403.6171875 17870.97802734375 98149.64860026042 66
210 2.5 110594.90455078126 48602.34905860746 205343.53295898438 17870.97802734375 101028.69022395102 89
220 1.5 118233.95594075522 52946.56710221402 214505.36108398438 17870.97802734375 103126.54424299274 114
230 2 105964.45880126953 49200.862554262836 214505.36108398438 17870.97802734375 104883.22002180232 129
240 1.8 104120.66681586372 55265.61422097381 242603.05395507813 17870.97802734375 105028.35274387847 149
250 3.6 103421.76001654731 60614.38050980634 247089.46484375 17870.97802734375 104930.51833247568 167
260 3.1 102803.58433089718 67721.60804962124 265680.2409667969 17504.033935546875 104662.95528137508 203
270 5.1 91450.07941750922 57891.73229305162 267615.6682128906 17504.033935546875 104416.62836058527 234
280 4.1 90222.37323146916 58553.034039631646 273917.35107421875 17504.033935546875 102096.29854971902 285
290 4.6 74382.72240149457 43849.32408053263 273917.35107421875 17504.033935546875 100602.95211398821 326
300 5.5 90870.12346857245 60819.17943002051 277340.2600097656 17504.033935546875 97360.66564416373 372
310 5.5 77220.75120294742 44490.86067912808 277340.2600097656 15608.956787109375 96524.64733114846 427
320 5.4 76133.26589626736 46104.585751857594 277340.2600097656 15608.956787109375 94321.92059452801 482
330 4.3 74966.21279410427 38478.531032248065 277340.2600097656 15608.956787109375 92489.48150179279 536
340 8.7 72302.04352999282 36819.920183765884 277340.2600097656 15608.956787109375 91188.09885165357 579
350 7 62799.75479910714 33097.279891252685 277340.2600097656 15608.956787109375 88721.00153486006 666
360 9.1 65592.32827792325 34948.51535460044 277340.2600097656 15608.956787109375 86255.66556814442 736
370 9.2 69849.37747325067 36688.71145096806 277340.2600097656 15608.956787109375 83981.948889293 827
380 8.7 65432.16757868622 36667.54897190995 277340.2600097656 11117.9541015625 82567.15392707767 919
390 11 64255.60526455966 35745.74944291678 277340.2600097656 11117.9541015625 81085.30123094442 1006
400 12 62969.70842692058 35415.417510964624 277340.2600097656 11117.9541015625 79426.46023067352 1116
410 12.2 58838.295390144725 32731.465342443258 277340.2600097656 11117.9541015625 77828.71733710526 1236
420 13.8 57470.86312379699 31009.467478251365 277340.2600097656 11117.9541015625 76122.65586617067 1358
430 13.1 63603.84779602517 28874.03322973185 277340.2600097656 11117.9541015625 74402.10279234208 1496
440 11.7 67349.87170931825 32975.00225422792 277340.2600097656 11117.9541015625 73532.66738698405 1627
450 12 72202.03853556313 30377.81122587973 277340.2600097656 11117.9541015625 73117.88120906724 1744
460 6.7 86192.75532736706 25848.82532597395 277340.2600097656 11117.9541015625 73058.92138030088 1864
470 6.4 97316.54321670532 21242.143241991813 277340.2600097656 11117.9541015625 73514.62664930835 1931
480 6.7 100247.86493921993 18596.29826094971 277340.2600097656 11117.9541015625 74278.19690510455 1995
490 8 103494.52712707517 16026.989392694057 277340.2600097656 11117.9541015625 75122.02220010247 2062
500 6.3 108001.35193452382 17442.89303905099 277340.2600097656 11117.9541015625 76181.68624966261 2142
510 5.3 110988.70683317364 14304.787583815827 277340.2600097656 11117.9541015625 77090.81955494436 2205
520 3.9 117399.2206655649 13506.12109386846 277340.2600097656 11117.9541015625 77886.47412790546 2258
530 2.8 126192.83124651227 12867.91127675088 277340.2600097656 11117.9541015625 78557.34792632457 2297
540 1.7 134843.07223690258 13125.553852328578 277340.2600097656 11117.9541015625 79131.02256415908 2325
550 1.9 141417.11418071546 9970.145387473864 277340.2600097656 11117.9541015625 79535.42258313288 2342
560 1.1 150053.89084694601 6031.927936871746 277340.2600097656 11117.9541015625 80033.41163029682 2361
570 0.1 160185.25 0.0 277340.2600097656 11117.9541015625 80358.1271747248 2372
578 0.1 173075.84301757813 0.0 277340.2600097656 11117.9541015625 80391.76692307089 2373
