0 101.90078125 101.90078125
10 255.16171875 357.0625
20 356.0234375 713.0859375
30 505.63671875 1218.72265625
40 567.1453125 1785.86796875
50 654.84375 2440.71171875
60 557.5453125 2998.25703125
70 671.203125 3669.46015625
80 612.06953125 4281.5296875
90 653.06796875 4934.59765625
100 606.33671875 5540.934375
110 668.48671875 6209.42109375
120 590.1640625 6799.58515625
130 711.8953125 7511.48046875
140 694.709375 8206.18984375
150 642.19140625 8848.38125
160 726.33828125 9574.71953125
170 748.65859375 10323.378125
180 698.528125 11021.90625
190 859.25 11881.15625
200 824.7546875 12705.9109375
210 859.08515625 13564.99609375
220 835.42578125 14400.421875
230 815.43671875 15215.85859375
240 879.8703125 16095.72890625
250 1021.61015625 17117.3390625
260 995.0234375 18112.3625
270 1052.91953125 19165.28203125
280 1049.8515625 20215.13359375
290 1129.01875 21344.15234375
300 995.996875 22340.14921875
310 1163.06171875 23503.2109375
320 1243.171875 24746.3828125
330 1407.246875 26153.6296875
340 1488.70703125 27642.33671875
350 1465.4734375 29107.81015625
360 1413.1234375 30520.93359375
370 1656.76484375 32177.6984375
380 1737.00234375 33914.70078125
390 2001.62421875 35916.325
400 2030.2796875 37946.6046875
410 2063.14296875 40009.74765625
420 1929.30546875 41939.053125
430 1694.9140625 43633.9671875
440 1364.2875 44998.2546875
450 1481.225 46479.4796875
460 1448.20390625 47927.68359375
470 1708.2015625 49635.88515625
480 1900.53984375 51536.425
490 1261.78828125 52798.21328125
500 1133.67578125 53931.8890625
510 794.28203125 54726.17109375
520 702.9296875 55429.10078125
530 389.5875 55818.68828125
540 395.70625 56214.39453125
550 214.61796875 56429.0125
560 106.89921875 56535.91171875
570 7.76015625 56543.671875
578 8.9890625 56552.6609375
