0 9.8953125 9.8953125
10 32.65234375 42.54765625
20 49.5734375 92.12109375
30 66.01875 158.13984375
40 74.278125 232.41796875
50 72.97734375 305.3953125
60 73.04375 378.4390625
70 88.2 466.6390625
80 80.934375 547.5734375
90 79.98828125 627.56171875
100 89.1125 716.67421875
110 85.24765625 801.921875
120 94.14296875 896.06484375
130 119.88359375 1015.9484375
140 177.83984375 1193.78828125
150 234.884375 1428.67265625
160 264.8796875 1693.55234375
170 247.634375 1941.18671875
180 240.00625 2181.19296875
190 286.2078125 2467.40078125
200 292.32890625 2759.7296875
210 331.0203125 3090.75
220 288.846875 3379.596875
230 348.371875 3727.96875
240 356.63984375 4084.60859375
250 498.9359375 4583.54453125
260 540.221875 5123.76640625
270 600.00390625 5723.7703125
280 593.07265625 6316.84296875
290 551.34609375 6868.1890625
300 518.525 7386.7140625
310 633.26015625 8019.97421875
320 712.55 8732.52421875
330 808.18125 9540.70546875
340 848.26328125 10388.96875
350 886.92109375 11275.88984375
360 865.99375 12141.88359375
370 939.72265625 13081.60625
380 1021.03125 14102.6375
390 1196.2421875 15298.8796875
400 1242.40546875 16541.28515625
410 1212.815625 17754.10078125
420 1155.84453125 18909.9453125
430 895.25859375 19805.20390625
440 721.1703125 20526.37421875
450 500.25859375 21026.6328125
460 284.4875 21311.1203125
470 225.6390625 21536.759375
480 213.425 21750.184375
490 156.0875 21906.271875
500 136.27421875 22042.54609375
510 99.8875 22142.43359375
520 80.853125 22223.28671875
530 46.840625 22270.12734375
540 45.53671875 22315.6640625
550 28.878125 22344.5421875
560 12.11796875 22356.66015625
570 0.79375 22357.45390625
578 0.7625 22358.21640625
