0 1 10
10 0.9 19
20 1.1 30
30 1.4 44
40 0.8 52
50 0.8 60
60 1.1 71
70 1.4 85
80 1.6 101
90 1.7 118
100 1.3 131
110 1.1 142
120 1.7 159
130 2.1 180
140 2.5 205
150 2.2 227
160 1.1 238
170 1.3 251
180 3.5 286
190 2.9 315
200 2.9 344
210 2.8 372
220 3.2 404
230 4.3 447
240 7.1 518
250 6 578
260 6.1 639
270 5.7 696
280 5.8 754
290 6.2 816
300 6.8 884
310 11.3 997
320 9.6 1093
330 9.9 1192
340 10.2 1294
350 8.6 1380
360 13.8 1518
370 15.6 1674
380 17.2 1846
390 17.1 2017
400 16.6 2183
410 15.8 2341
420 3.3 2374
430 0 2374
440 0 2374
450 0 2374
460 0 2374
470 0 2374
480 0 2374
490 0 2374
500 0 2374
510 0 2374
520 0 2374
530 0 2374
540 0 2374
550 0 2374
560 0 2374
570 0 2374
578 0 2374
