0 10 10
10 19 19
20 29 29
30 43 43
40 51 51
50 58 59
60 69 69
70 83 83
80 99 99
90 116 116
100 128 129
110 137 137
120 153 153
130 173 173
140 192 192
150 208 208
160 209 213
170 207 213
180 233 233
190 249 249
200 255 257
210 258 259
220 275 275
230 298 298
240 351 351
250 375 375
260 405 406
270 411 417
280 428 432
290 444 444
300 457 460
310 515 518
320 557 557
330 613 614
340 628 630
350 644 648
360 691 691
370 755 757
380 840 842
390 901 901
400 947 950
410 983 984
420 878 991
430 747 991
440 630 991
450 510 991
460 443 991
470 379 991
480 312 991
490 232 991
500 169 991
510 116 991
520 77 991
530 49 991
540 32 991
550 13 991
560 2 991
570 1 991
578 0 991
