0 1.5 15
10 3.2 47
20 3.2 79
30 3.3 112
40 4.9 161
50 5 211
60 3.9 250
70 6.2 312
80 5.7 369
90 4.1 410
100 5.5 465
110 5.1 516
120 5.7 573
130 5.1 624
140 7.3 697
150 7.1 768
160 8.8 856
170 7.1 927
180 6.2 989
190 10.9 1098
200 10.8 1206
210 10.3 1309
220 8.5 1394
230 7.5 1469
240 6.2 1531
250 10.4 1635
260 7.9 1714
270 8.6 1800
280 8.4 1884
290 7.7 1961
300 10.5 2066
310 5.7 2123
320 10.1 2224
330 11.3 2337
340 9.5 2432
350 8.3 2515
360 8.6 2601
370 7.6 2677
380 9.3 2770
390 10.1 2871
400 10.7 2978
410 9.9 3077
420 5.3 3130
430 6.3 3193
440 7.3 3266
450 6.6 3332
460 4.2 3374
466 0.2 3376
