0 0.8 14.687957763671875 33.875732434287784 104.2041015625 0.760986328125 0 0
10 0.7 2.6100027901785716 2.5640145649339767 104.2041015625 0.72705078125 14.687957763671875 8
20 0.7 1.4690987723214286 1.1217948263853728 104.2041015625 0.72705078125 9.051578776041667 15
30 0.9 0.7828776041666666 0.03364419624117238 104.2041015625 0.7109375 6.638971502130682 22
40 1.2 1.333984375 1.4011244436246992 104.2041015625 0.7109375 4.938815209173387 31
50 1.4 2.0151192801339284 2.1142216229626136 104.2041015625 0.593994140625 3.932815906613372 43
60 1 0.783740234375 0.031064014113920842 104.2041015625 0.593994140625 3.461802700109649 57
70 1.7 1.6432531020220589 1.9929177914062832 104.2041015625 0.593994140625 3.062091884328358 67
80 1.2 2.08740234375 2.3277136121313493 104.2041015625 0.593994140625 2.7749459402901784 84
90 1.1 3.270751953125 3.4609266735387436 104.2041015625 0.593994140625 2.6890029907226563 96
100 1.5 2.235953776041667 3.043596088435442 104.2041015625 0.5390625 2.7488089588200935 107
110 1 0.7522705078125 0.06949616736540608 104.2041015625 0.5390625 2.6857529937243854 122
120 1.7 1.6522863051470589 2.208481884151261 104.2041015625 0.5390625 2.5392770478219697 132
130 1.6 2.5763092041015625 3.3310692427791655 104.2041015625 0.5390625 2.4380767617449663 149
140 2 2.62191162109375 2.4763280730803054 104.2041015625 0.529052734375 2.4514811197916666 165
150 1.2 2.6122639973958335 2.580572465167496 104.2041015625 0.529052734375 2.4699060388513514 185
160 2.6 3.4335561899038463 3.633427156138971 104.2041015625 0.529052734375 2.4785775896256346 197
170 2.1 2.674746558779762 2.4012123671051957 104.2041015625 0.529052734375 2.5899203860706277 223
180 1.8 3.8288981119791665 3.417502512543322 104.2041015625 0.529052734375 2.5972209992955944 244
190 3.7 3.6080883129222974 3.87814050085127 104.2041015625 0.529052734375 2.6818400375715647 262
200 4.3 3.642566769622093 3.7544769646265728 104.2041015625 0.529052734375 2.7964593893708196 299
210 3.1 2.860871345766129 3.5798153524415297 104.2041015625 0.529052734375 2.902841311449196 342
220 5.2 3.2180645282451925 3.0040187431284253 104.2041015625 0.529052734375 2.8993531909768766 373
230 4.5 3.3203450520833337 3.2402154469743594 104.2041015625 0.509033203125 2.938348460477941 425
240 4.7 3.8540194896941498 3.309916095462628 104.2041015625 0.509033203125 2.9749226022273936 470
250 7.1 3.4999484209947185 3.6058258808141423 104.2041015625 0.509033203125 3.0548405010880075 517
260 5.4 3.5311595775462963 3.3171551921486886 104.2041015625 0.509033203125 3.1085865254304847 588
270 6.6 3.415875059185605 3.168030599021829 104.2041015625 0.509033203125 3.1441300531785434 642
280 5.9 3.786724543167374 3.4384402971924692 104.2041015625 0.509033203125 3.169462214755473 708
290 6.8 3.204672420726103 2.9738673917231915 104.2041015625 0.509033203125 3.2169439323256195 767
300 6.2 3.5185468119959675 3.0272371769838577 104.2041015625 0.509033203125 3.2159445756923652 835
310 9.5 2.7570132606907896 2.95621403458494 104.2041015625 0.5029296875 3.2368602263621793 897
320 10.4 3.1962867149939904 3.114235078727002 104.2041015625 0.5029296875 3.1909071399319555 992
330 9.5 3.6595703125 3.6038526986985113 104.2041015625 0.5029296875 3.1914176105582803 1096
340 9.2 3.6538192085597827 3.733211386689807 104.2041015625 0.5029296875 3.2287597656250004 1191
350 10 2.64419677734375 2.8049932596171154 104.2041015625 0.49609375 3.2592394762641272 1283
360 11.5 3.1679623811141315 3.5170656813744205 104.2041015625 0.49609375 3.2147678422134853 1383
370 16 3.282884216308594 3.361772657786743 104.2041015625 0.48486328125 3.2111746325830275 1498
380 15.2 3.2085635536595394 3.567206324861488 104.2041015625 0.484130859375 3.2180947371645052 1658
390 13.8 2.9502837692481885 3.200306543097936 104.2041015625 0.47607421875 3.217294328383978 1810
400 18.2 3.0464940333104398 3.192242476137859 104.2041015625 0.47607421875 3.1983787959606005 1948
410 16.9 3.3371437569341715 3.3499154135437026 104.2041015625 0.47607421875 3.1854008491050467 2130
420 7.2 3.8161417643229165 3.573112628563392 104.2041015625 0.47607421875 3.1965555039215414 2299
430 0 0 0 104.2041015625 0.47607421875 3.2153704388641393 2371
440 0 0 0 104.2041015625 0.47607421875 3.2153704388641393 2371
450 0 0 0 104.2041015625 0.47607421875 3.2153704388641393 2371
460 0 0 0 104.2041015625 0.47607421875 3.2153704388641393 2371
466 0 0 0 104.2041015625 0.47607421875 3.2153704388641393 2371
