0 0.1 4.1671353519441245 0 4.1671353519441245 4.1671353519441245 0 0
10 0.1 2.259332023575639 0.0 4.1671353519441245 2.259332023575639 4.1671353519441245 1
20 0.1 1.5779092702169626 0.0 4.1671353519441245 1.5779092702169626 3.2132336877598817 2
30 0.1 1.5732546705998034 0.0 4.1671353519441245 1.5732546705998034 2.668125548578909 3
40 0.1 1.6765285996055226 0.0 4.1671353519441245 1.5732546705998034 2.3944078290841326 4
50 0.1 1.7751479289940828 0.0 4.1671353519441245 1.5732546705998034 2.2508319831884105 5
60 0.1 1.8682399213372665 0.0 4.1671353519441245 1.5732546705998034 2.1715513074893558 6
70 0.1 1.7716535433070866 0.0 4.1671353519441245 1.5732546705998034 2.1282211094676287 7
80 0.1 1.7769002961500493 0.0 4.1671353519441245 1.5732546705998034 2.083650163697561 8
90 0.1 1.673228346456693 0.0 4.1671353519441245 1.5732546705998034 2.049566845081171 9
100 0.1 1.477832512315271 0.0 4.1671353519441245 1.477832512315271 2.011932995218723 10
110 0.1 1.8700787401574805 0.0 4.1671353519441245 1.477832512315271 1.9633784058638637 11
120 0.1 1.7786561264822136 0.0 4.1671353519441245 1.477832512315271 1.955603433721665 12
130 0.1 1.9646365422396856 0.0 4.1671353519441245 1.477832512315271 1.9419921023955535 13
140 0.1 2.3506366307541624 0.0 4.1671353519441245 1.477832512315271 1.94360956238442 14
150 0.1 2.167487684729064 0.0 4.1671353519441245 1.477832512315271 1.9707447002757363 15
160 0.1 2.073050345508391 0.0 4.1671353519441245 1.477832512315271 1.9830411368040692 16
170 0.1 2.1696252465483234 0.0 4.1671353519441245 1.477832512315271 1.9883357961396175 17
180 0.1 1.7786561264822136 0.0 4.1671353519441245 1.477832512315271 1.9984074322734342 18
190 0.1 2.2571148184494603 0.0 4.1671353519441245 1.477832512315271 1.9868415740738963 19
200 0.1 2.8599605522682445 0.0 4.1671353519441245 1.477832512315271 2.000355236292674 20
210 0.1 2.371541501976284 0.0 4.1671353519441245 1.477832512315271 2.0412888227677013 21
220 0.1 3.155818540433925 0.0 4.1671353519441245 1.477832512315271 2.056300308186273 22
230 0.1 2.649656526005888 0.0 4.1671353519441245 1.477832512315271 2.10410544871878 23
240 0.1 3.3366045142296366 0.0 4.1671353519441245 1.477832512315271 2.1268367436057427 24
250 0.1 4.117647058823529 0.0 4.1671353519441245 1.477832512315271 2.1752274544306984 25
260 0.1 4.715127701375246 0.0 4.715127701375246 1.477832512315271 2.2499359007534996 26
270 0.1 4.035433070866142 0.0 4.715127701375246 1.477832512315271 2.341239300776527 27
280 0.1 3.721841332027424 0.0 4.715127701375246 1.477832512315271 2.4017462211368708 28
290 0.1 3.9138943248532287 0.0 4.715127701375246 1.477832512315271 2.447266742202062 29
300 0.1 4.203323558162268 0.0 4.715127701375246 1.477832512315271 2.4961543282904346 30
310 0.1 4.887585532746823 0.0 4.887585532746823 1.477832512315271 2.5512243034475905 31
320 0.1 5.744888023369036 0.0 5.744888023369036 1.477832512315271 2.6242355918631914 32
330 0.1 5.258033106134373 0.0 5.744888023369036 1.477832512315271 2.718800817060338 33
340 0.1 5.6751467710371815 0.0 5.744888023369036 1.477832512315271 2.7934841196801625 34
350 0.1 4.630541871921182 0.0 5.744888023369036 1.477832512315271 2.875817338290363 35
360 0.1 5.46875 0.0 5.744888023369036 1.477832512315271 2.9245596864467744 36
370 0.1 7.053140096618357 0.0 7.053140096618357 1.477832512315271 2.9933215868130776 37
380 0.1 7.879377431906614 0.0 7.879377431906614 1.477832512315271 3.1001589160184797 38
390 0.1 7.662463627546072 0.0 7.879377431906614 1.477832512315271 3.2227029805284317 39
400 0.1 9.33589990375361 0.0 9.33589990375361 1.477832512315271 3.3336969967038725 40
410 0.1 9.344894026974952 0.0 9.344894026974952 1.477832512315271 3.480092189558744 41
420 0.1 8.670520231213873 0.0 9.344894026974952 1.477832512315271 3.6197303285448443 42
430 0.1 2.644466209598433 0.0 9.344894026974952 1.477832512315271 3.737190558839473 43
440 0.1 2.06286836935167 0.0 9.344894026974952 1.477832512315271 3.71235591453854 44
450 0.1 1.8682399213372665 0.0 9.344894026974952 1.477832512315271 3.6757006357566095 45
460 0.1 1.7664376840039255 0.0 9.344894026974952 1.477832512315271 3.636408011530102 46
