0 0.2 2
10 0.7 9
20 0.8 17
30 0.8 25
40 1.3 38
50 1.1 49
60 0.9 58
70 1.3 71
80 1.8 89
90 0.8 97
100 1.3 110
110 1.4 124
120 1.5 139
130 1.2 151
140 1.4 165
150 2.3 188
160 1.9 207
170 1.4 221
180 2 241
190 1.6 257
200 2 277
210 2.3 300
220 1.2 312
230 2.5 337
240 4 377
250 6.7 444
260 6.3 507
270 6.2 569
280 6.3 632
290 5.3 685
300 6.2 747
310 10 847
320 8.4 931
330 9 1021
340 9.6 1117
350 9.5 1212
360 11.1 1323
370 13.9 1462
380 14.3 1605
390 15.2 1757
400 16.2 1919
410 16.4 2083
420 14.7 2230
430 3.4 2264
440 4.1 2305
450 3.3 2338
460 3.2 2370
466 0.1 2371
