0 0.1 3162.84375 0 3162.84375 3162.84375 0 0
10 0.1 3161.6640625 0.0 3162.84375 3161.6640625 3162.84375 1
20 0.1 3160.59375 0.0 3162.84375 3160.59375 3162.25390625 2
30 0.1 3160.6015625 0.0 3162.84375 3160.59375 3161.7005208333335 3
40 0.1 3160.58984375 0.0 3162.84375 3160.58984375 3161.42578125 4
50 0.1 3160.37890625 0.0 3162.84375 3160.37890625 3161.25859375 5
60 0.1 3159.5390625 0.0 3162.84375 3159.5390625 3161.1119791666665 6
70 0.1 3160.15234375 0.0 3162.84375 3159.5390625 3160.887276785714 7
80 0.1 3159.07421875 0.0 3162.84375 3159.07421875 3160.79541015625 8
90 0.1 3158.9609375 0.0 3162.84375 3158.9609375 3160.6041666666665 9
100 0.1 3159.0 0.0 3162.84375 3158.9609375 3160.43984375 10
110 0.1 3158.85546875 0.0 3162.84375 3158.85546875 3160.3089488636365 11
120 0.1 3158.77734375 0.0 3162.84375 3158.77734375 3160.1878255208335 12
130 0.1 3158.77734375 0.0 3162.84375 3158.77734375 3160.079326923077 13
140 0.1 3158.640625 0.0 3162.84375 3158.640625 3159.986328125 14
150 0.1 3158.41015625 0.0 3162.84375 3158.41015625 3159.8966145833333 15
160 0.1 3158.2890625 0.0 3162.84375 3158.2890625 3159.8037109375 16
170 0.1 3157.20703125 0.0 3162.84375 3157.20703125 3159.7146139705883 17
180 0.1 3157.21484375 0.0 3162.84375 3157.20703125 3159.5753038194443 18
190 0.1 3156.98828125 0.0 3162.84375 3156.98828125 3159.4510690789475 19
200 0.1 3155.65234375 0.0 3162.84375 3155.65234375 3159.3279296875 20
210 0.1 3153.71484375 0.0 3162.84375 3153.71484375 3159.152901785714 21
220 0.1 3151.5546875 0.0 3162.84375 3151.5546875 3158.9057173295455 22
230 0.1 3149.6015625 0.0 3162.84375 3149.6015625 3158.5861073369565 23
240 0.1 3148.47265625 0.0 3162.84375 3148.47265625 3158.2117513020835 24
250 0.1 3147.14453125 0.0 3162.84375 3147.14453125 3157.8221875 25
260 0.1 3146.375 0.0 3162.84375 3146.375 3157.4115084134614 26
270 0.1 3146.1171875 0.0 3162.84375 3146.1171875 3157.0027488425926 27
280 0.1 3146.125 0.0 3162.84375 3146.1171875 3156.6139787946427 28
290 0.1 3148.15234375 0.0 3162.84375 3146.1171875 3156.2522898706898 29
300 0.1 3148.15625 0.0 3162.84375 3146.1171875 3155.9822916666667 30
310 0.1 3148.1328125 0.0 3162.84375 3146.1171875 3155.7298387096776 31
320 0.1 3148.08203125 0.0 3162.84375 3146.1171875 3155.492431640625 32
330 0.1 3148.06640625 0.0 3162.84375 3146.1171875 3155.2678740530305 33
340 0.1 3147.640625 0.0 3162.84375 3146.1171875 3155.0560661764707 34
350 0.1 3147.37109375 0.0 3162.84375 3146.1171875 3154.8441964285716 35
360 0.1 3147.703125 0.0 3162.84375 3146.1171875 3154.636610243056 36
370 0.1 3147.39453125 0.0 3162.84375 3146.1171875 3154.4492187500005 37
380 0.1 3146.75 0.0 3162.84375 3146.1171875 3154.263569078948 38
390 0.1 3146.58984375 0.0 3162.84375 3146.1171875 3154.070913461539 39
400 0.1 3146.43359375 0.0 3162.84375 3146.1171875 3153.8838867187505 40
410 0.1 3145.5078125 0.0 3162.84375 3145.5078125 3153.7021722560985 41
420 0.1 3145.2265625 0.0 3162.84375 3145.2265625 3153.5070684523826 42
430 0.1 3145.1171875 0.0 3162.84375 3145.1171875 3153.314498546513 43
440 0.1 3145.1484375 0.0 3162.84375 3145.1171875 3153.1281960227284 44
450 0.1 3145.19921875 0.0 3162.84375 3145.1171875 3152.950868055557 45
460 0.1 3145.48828125 0.0 3162.84375 3145.1171875 3152.782353940219 46
