0 0.1 0.0 0 0.0 0.0 0 0
10 0.1 0.0 0.0 0.0 0.0 0.0 1
20 0.1 0.0 0.0 0.0 0.0 0.0 2
30 0.1 0.0 0.0 0.0 0.0 0.0 3
40 0.1 0.0 0.0 0.0 0.0 0.0 4
50 0.1 0.0 0.0 0.0 0.0 0.0 5
60 0.1 0.0 0.0 0.0 0.0 0.0 6
70 0.1 0.0 0.0 0.0 0.0 0.0 7
80 0.1 0.0 0.0 0.0 0.0 0.0 8
90 0.1 0.0 0.0 0.0 0.0 0.0 9
100 0.1 0.0 0.0 0.0 0.0 0.0 10
110 0.1 0.0 0.0 0.0 0.0 0.0 11
120 0.1 0.0 0.0 0.0 0.0 0.0 12
130 0.1 0.0 0.0 0.0 0.0 0.0 13
140 0.1 0.0 0.0 0.0 0.0 0.0 14
150 0.1 0.0 0.0 0.0 0.0 0.0 15
160 0.1 0.0 0.0 0.0 0.0 0.0 16
170 0.1 0.0 0.0 0.0 0.0 0.0 17
180 0.1 0.0 0.0 0.0 0.0 0.0 18
190 0.1 0.0 0.0 0.0 0.0 0.0 19
200 0.1 0.078125 0.0 0.078125 0.0 0.0 20
210 0.1 0.0703125 0.0 0.078125 0.0 0.003720238095238095 21
220 0.1 0.05859375 0.0 0.078125 0.0 0.006747159090909091 22
230 0.1 0.05078125 0.0 0.078125 0.0 0.009001358695652174 23
240 0.1 0.0390625 0.0 0.078125 0.0 0.0107421875 24
250 0.1 0.0390625 0.0 0.078125 0.0 0.011875 25
260 0.1 0.03125 0.0 0.078125 0.0 0.012920673076923076 26
270 0.1 0.03125 0.0 0.078125 0.0 0.013599537037037037 27
280 0.1 0.01953125 0.0 0.078125 0.0 0.014229910714285714 28
290 0.1 0.01953125 0.0 0.078125 0.0 0.01441271551724138 29
300 0.1 0.01953125 0.0 0.078125 0.0 0.014583333333333334 30
310 0.1 0.01171875 0.0 0.078125 0.0 0.014742943548387098 31
320 0.1 0.01171875 0.0 0.078125 0.0 0.0146484375 32
330 0.1 0.01171875 0.0 0.078125 0.0 0.01455965909090909 33
340 0.1 0.01171875 0.0 0.078125 0.0 0.014476102941176471 34
350 0.1 0.01171875 0.0 0.078125 0.0 0.014397321428571428 35
360 0.1 0.01171875 0.0 0.078125 0.0 0.014322916666666666 36
370 0.1 0.0 0.0 0.078125 0.0 0.014252533783783784 37
380 0.1 0.0 0.0 0.078125 0.0 0.013877467105263159 38
390 0.1 0.0 0.0 0.078125 0.0 0.013521634615384616 39
400 0.1 0.0 0.0 0.078125 0.0 0.01318359375 40
410 0.1 0.0 0.0 0.078125 0.0 0.012862042682926829 41
420 0.1 0.0 0.0 0.078125 0.0 0.012555803571428572 42
430 0.1 0.0 0.0 0.078125 0.0 0.012263808139534883 43
440 0.1 0.0 0.0 0.078125 0.0 0.011985085227272728 44
450 0.1 0.0 0.0 0.078125 0.0 0.01171875 45
460 0.1 0.0 0.0 0.078125 0.0 0.011463994565217392 46
