10 0.1 159 0 159 159 0 0
20 0.1 330.0 0.0 330 159 159.0 1
30 0.1 279.0 0.0 330 159 244.5 2
40 0.1 354.0 0.0 354 159 256.0 3
50 0.1 467.0 0.0 467 159 280.5 4
60 0.1 479.0 0.0 479 159 317.8 5
70 0.1 396.0 0.0 479 159 344.6666666666667 6
80 0.1 572.0 0.0 572 159 352.0 7
90 0.1 517.0 0.0 572 159 379.5 8
100 0.1 398.0 0.0 572 159 394.77777777777777 9
110 0.1 508.0 0.0 572 159 395.1 10
120 0.1 542.0 0.0 572 159 405.3636363636364 11
130 0.1 499.0 0.0 572 159 416.75 12
140 0.1 491.0 0.0 572 159 423.0769230769231 13
150 0.1 742.0 0.0 742 159 427.92857142857144 14
160 0.1 676.0 0.0 742 159 448.8666666666667 15
170 0.1 851.0 0.0 851 159 463.0625 16
180 0.1 621.0 0.0 851 159 485.88235294117646 17
190 0.1 686.0 0.0 851 159 493.3888888888889 18
200 0.1 1084.0 0.0 1084 159 503.5263157894737 19
210 0.1 995.0 0.0 1084 159 532.55 20
220 0.1 982.0 0.0 1084 159 554.5714285714286 21
230 0.1 806.0 0.0 1084 159 574.0 22
240 0.1 873.0 0.0 1084 159 584.0869565217391 23
250 0.1 1062.0 0.0 1084 159 596.125 24
260 0.1 1301.0 0.0 1301 159 614.76 25
270 0.1 1083.0 0.0 1301 159 641.1538461538462 26
280 0.1 1166.0 0.0 1301 159 657.5185185185185 27
290 0.1 1122.0 0.0 1301 159 675.6785714285714 28
300 0.1 1163.0 0.0 1301 159 691.0689655172414 29
310 0.1 1305.0 0.0 1305 159 706.8 30
320 0.1 1310.0 0.0 1310 159 726.0967741935484 31
330 0.1 1593.0 0.0 1593 159 744.34375 32
340 0.1 1655.0 0.0 1655 159 770.060606060606 33
350 0.1 1340.0 0.0 1655 159 796.0882352941177 34
360 0.1 1382.0 0.0 1655 159 811.6285714285714 35
370 0.1 1779.0 0.0 1779 159 827.4722222222222 36
380 0.1 1927.0 0.0 1927 159 853.1891891891892 37
390 0.1 1891.0 0.0 1927 159 881.4473684210526 38
400 0.1 2076.0 0.0 2076 159 907.3333333333334 39
410 0.1 2110.0 0.0 2110 159 936.55 40
420 0.1 1776.0 0.0 2110 159 965.170731707317 41
430 0.1 761.0 0.0 2110 159 984.4761904761905 42
440 0.1 759.0 0.0 2110 159 979.2790697674419 43
450 0.1 663.0 0.0 2110 159 974.2727272727273 44
460 0.1 640.0 0.0 2110 159 967.3555555555556 45
