0 1.5 132.54557291666666 200.93356935873103 801.2490234375 5.77685546875 0 0
10 3.2 1065.8525009155273 1152.9217085976818 4076.02783203125 5.77685546875 132.54557291666666 15
20 3.2 385.7809600830078 1177.8739954911564 6784.97607421875 5.37890625 767.9885877244016 47
30 3.3 146.14234138257578 280.108163769045 6784.97607421875 5.37890625 613.1703081734573 79
40 4.9 98.49538624043367 86.17262580562208 6784.97607421875 5.37890625 475.56385367257263 112
50 5 237.43029296875 328.7892013285206 6784.97607421875 5.286865234375 360.8038853236608 161
60 3.9 122.85547501001602 104.86238274954967 6784.97607421875 5.286865234375 331.5684368983264 211
70 6.2 198.56487446446573 227.9751300685913 6784.97607421875 5.286865234375 299.00921484375 250
80 5.7 164.48760879248903 181.5918396398463 6784.97607421875 5.286865234375 279.0491215632512 312
90 4.1 135.5167980659299 139.30093518815914 6784.97607421875 5.286865234375 261.35262772061316 369
100 5.5 105.26718306107955 78.75854994599594 6784.97607421875 4.541015625 248.76904475514482 410
110 5.1 163.90182674632354 143.06790681724607 6784.97607421875 4.541015625 231.7957062752016 465
120 5.7 110.12748852110745 130.70412064858272 6784.97607421875 4.541015625 225.08526469385902 516
130 5.1 146.22475298713235 152.7819881447936 6784.97607421875 4.541015625 213.64967439395178 573
140 7.3 952.3460609749571 667.3725637158933 6784.97607421875 4.4189453125 208.13898370204828 624
150 7.1 840.1838103818221 508.2597812172461 6784.97607421875 4.4189453125 286.0831969601865 697
160 8.8 1054.3963179154825 3044.0511878411676 23261.14501953125 4.4189453125 337.30864429473877 768
170 7.1 986.3759009132923 569.656489429206 23261.14501953125 4.4189453125 411.0279378445349 856
180 6.2 1345.474877142137 650.9034977106393 23261.14501953125 4.4189453125 455.09450243771914 927
190 10.9 1826.7037902272075 3237.6984694888756 23261.14501953125 4.4189453125 510.9120790117069 989
200 10.8 2589.0879154911754 820.9826973517231 23261.14501953125 4.4189453125 641.5325676478541 1098
210 10.3 4514.998912033527 789.255951851507 23261.14501953125 4.4189453125 815.9405092457633 1206
220 8.5 6234.923828125003 897.771427502618 23261.14501953125 4.4189453125 1107.0046922000333 1309
230 13.1 5630.894046696088 4922.606215212818 23261.14501953125 0.60009765625 1419.6826882930193 1394
240 20.5 4507.473006383389 6980.664829776933 27217.77197265625 0.60009765625 1781.4326476050205 1525
250 27 5033.289335575811 6559.418339028249 31093.077880859375 0.598876953125 2104.4605513908964 1730
260 26.2 3442.523742209863 5261.065364803579 31093.077880859375 0.586181640625 2499.85243725586 2000
270 23.3 4895.152999681467 6480.268273896698 31093.077880859375 0.5859375 2609.038945610391 2262
280 23.2 4367.666233457366 5808.926449372612 31093.077880859375 0.5859375 2822.531761080756 2495
290 25.3 3902.8699299808536 5908.9652378762985 31093.077880859375 0.572998046875 2953.9843454560305 2727
300 24.7 5047.7182300891955 6058.0566198897695 32834.419189453125 0.571044921875 3034.5440947462253 2980
310 37.4 1787.2095927682153 4235.767728861205 32834.419189453125 0.571044921875 3188.6358243494833 3227
320 38.7 3844.3901026526173 6646.536166467683 32834.419189453125 0.571044921875 3043.0836414526784 3601
330 39.8 2709.9092398025277 4299.000455966176 32834.419189453125 0.571044921875 3120.843320611248 3988
340 38.9 2412.5306443555187 4245.941319285412 32834.419189453125 0.571044921875 3083.553816698373 4386
350 36.9 2684.2887799849705 4980.954618686452 32834.419189453125 0.571044921875 3028.888264019552 4775
360 42.2 2689.1189196256664 5365.751811163996 32834.419189453125 0.571044921875 3004.168744266683 5144
370 59.5 1637.9742823496579 4344.89805331971 32834.419189453125 0.548095703125 2980.2824657904866 5566
380 61.3 1808.804503100148 4276.131569226786 32834.419189453125 0.548095703125 2850.648742507368 6161
390 58.2 2032.1438315480013 4518.784349850377 33396.501953125 0.548095703125 2756.369067462103 6774
400 66.1 1603.1942938315522 3639.1722260022793 33396.501953125 0.548095703125 2699.0690284052775 7356
410 70.9 1411.5797014115399 3489.3510796081127 33396.501953125 0.548095703125 2608.7143820845554 8017
420 47.2 1580.9862603656316 4507.052421157547 33396.501953125 0.548095703125 2511.4454743837564 8726
430 10.3 10828.286343768963 8835.633252427906 33396.501953125 0.548095703125 2463.698491450885 9198
440 7.3 15371.149972575984 2389.9706045204816 33396.501953125 0.548095703125 2556.3285902347534 9301
450 6.6 11577.21639737216 1749.8556188386394 33396.501953125 0.548095703125 2656.1239775732333 9374
460 4.2 6176.123134068081 4359.57327458802 33396.501953125 0.548095703125 2718.4960220336916 9440
466 0.2 213.6470947265625 134.5989990234375 33396.501953125 0.548095703125 2733.811392072232 9482
