10 0.1 146 0 146 146 0 0
20 0.1 266.0 0.0 266 146 146.0 1
30 0.1 210.0 0.0 266 146 206.0 2
40 0.1 285.0 0.0 285 146 207.33333333333334 3
50 0.1 372.0 0.0 372 146 226.75 4
60 0.1 388.0 0.0 388 146 255.8 5
70 0.1 324.0 0.0 388 146 277.8333333333333 6
80 0.1 455.0 0.0 455 146 284.42857142857144 7
90 0.1 415.0 0.0 455 146 305.75 8
100 0.1 327.0 0.0 455 146 317.8888888888889 9
110 0.1 399.0 0.0 455 146 318.8 10
120 0.1 466.0 0.0 466 146 326.09090909090907 11
130 0.1 400.0 0.0 466 146 337.74999999999994 12
140 0.1 384.0 0.0 466 146 342.5384615384615 13
150 0.1 627.0 0.0 627 146 345.49999999999994 14
160 0.1 584.0 0.0 627 146 364.2666666666666 15
170 0.1 664.0 0.0 664 146 377.99999999999994 16
180 0.1 525.0 0.0 664 146 394.82352941176464 17
190 0.1 579.0 0.0 664 146 402.0555555555555 18
200 0.1 914.0 0.0 914 146 411.3684210526315 19
210 0.1 874.0 0.0 914 146 436.4999999999999 20
220 0.1 828.0 0.0 914 146 457.33333333333326 21
230 0.1 696.0 0.0 914 146 474.1818181818181 22
240 0.1 849.0 0.0 914 146 483.82608695652164 23
250 0.1 1044.0 0.0 1044 146 499.0416666666666 24
260 0.1 1336.0 0.0 1336 146 520.8399999999999 25
270 0.1 1138.0 0.0 1336 146 552.1923076923076 26
280 0.1 1140.0 0.0 1336 146 573.8888888888888 27
290 0.1 1153.0 0.0 1336 146 594.1071428571429 28
300 0.1 1179.0 0.0 1336 146 613.3793103448276 29
310 0.1 1425.0 0.0 1425 146 632.2333333333333 30
320 0.1 1574.0 0.0 1574 146 657.8064516129032 31
330 0.1 1710.0 0.0 1710 146 686.4375 32
340 0.1 1814.0 0.0 1814 146 717.4545454545455 33
350 0.1 1499.0 0.0 1814 146 749.7058823529412 34
360 0.1 1657.0 0.0 1814 146 771.1142857142858 35
370 0.1 2141.0 0.0 2141 146 795.7222222222222 36
380 0.1 2359.0 0.0 2359 146 832.081081081081 37
390 0.1 2374.0 0.0 2374 146 872.2631578947369 38
400 0.1 2510.0 0.0 2510 146 910.7692307692307 39
410 0.1 2622.0 0.0 2622 146 950.75 40
420 0.1 2403.0 0.0 2622 146 991.5121951219512 41
430 0.1 783.0 0.0 2622 146 1025.1190476190477 42
440 0.1 621.0 0.0 2622 146 1019.4883720930233 43
450 0.1 530.0 0.0 2622 146 1010.4318181818181 44
460 0.1 519.0 0.0 2622 146 999.7555555555556 45
