0 0.2 4753.3973388671875 1238.5474853515625 5991.94482421875 3514.849853515625 0 0
10 0.7 8411.0830078125 1968.5670412772752 12465.967041015625 3514.849853515625 4753.3973388671875 2
20 0.8 9296.193481445313 3941.1986999804963 17210.893798828125 3514.849853515625 7598.263970269098 9
30 0.8 7435.544708251953 3057.868611394844 17210.893798828125 1799.2021484375 8397.289622587316 17
40 1.3 5994.6650390625 3601.2012400193985 17210.893798828125 1715.9140625 8089.53125 25
50 1.1 7445.230735085227 5004.016362376979 19099.636962890625 1715.9140625 7372.866493626645 38
60 0.9 6312.981743706598 3132.50659497106 19099.636962890625 1685.35595703125 7389.111527423469 49
70 1.3 6906.432692307692 3854.2188285769903 19099.636962890625 816.505126953125 7222.125871329472 58
80 1.8 7704.008395724826 3956.7266276385703 19099.636962890625 816.505126953125 7164.3228948888645 71
90 0.8 6609.003753662109 2116.8911138623685 19099.636962890625 816.505126953125 7273.47277146243 89
100 1.3 7701.255577674279 4669.457167269497 22382.77294921875 816.505126953125 7218.671202984053 97
110 1.4 8888.165858677456 4664.607351905404 22382.77294921875 816.505126953125 7275.70390181108 110
120 1.5 5103.616731770833 2067.017172239501 22382.77294921875 816.505126953125 7457.756058231477 124
130 1.2 8112.956563313802 4271.806497893928 22382.77294921875 816.505126953125 7203.712246023494 139
140 1.4 10738.685738699776 4279.011255928426 22382.77294921875 816.505126953125 7275.970072563121 151
150 2.3 8391.97789996603 2761.4540043529596 22382.77294921875 816.505126953125 7569.776250295928 165
160 1.9 9123.993986430922 6555.526879798291 28317.197998046875 816.505126953125 7670.3647499896115 188
170 1.4 8860.602242606026 4235.327179798331 28317.197998046875 816.505126953125 7803.789655749924 207
180 2 11115.4634765625 4152.416912336613 28317.197998046875 816.505126953125 7870.737059442166 221
190 1.6 12165.63850402832 7970.7730112362415 31006.0380859375 816.505126953125 8140.008961277878 241
200 2 13269.779089355468 3371.865350742818 31006.0380859375 816.505126953125 8390.631812188412 257
210 2.3 17205.872165845787 3269.7109185277636 31006.0380859375 816.505126953125 8742.916814149932 277
220 1.2 23397.260009765625 3009.904437607297 31006.0380859375 816.505126953125 9391.743391113281 300
230 2.5 27300.355537109375 4421.825404805897 36871.329833984375 816.505126953125 9930.417107215295 312
240 4 21485.684411621096 13997.11514599582 40965.21484375 816.505126953125 11218.988207355806 337
250 6.7 27301.161898029386 11956.271443470358 51863.790771484375 816.505126953125 12308.29284441313 377
260 6.3 22516.27219742063 14113.171063257234 52325.81689453125 816.505126953125 14570.73029169306 444
270 6.2 24055.13859311996 12472.236612140963 52325.81689453125 816.505126953125 15558.046149801221 507
280 6.3 24982.869888547866 13103.05284157714 56208.390869140625 816.505126953125 16483.915625171627 569
290 5.3 20706.978667637093 11110.545766568364 56208.390869140625 816.505126953125 17331.121509020842 632
300 6.2 25894.60669732863 12516.630782165937 71741.50415039063 816.505126953125 17592.31921618385 685
310 10 14995.289079589842 12562.080323162176 71741.50415039063 816.505126953125 18281.397962945528 747
320 8.4 19494.60118756976 15238.602421533698 71741.50415039063 816.505126953125 17893.427610719355 847
330 9 18652.12924804687 11846.700229809208 71741.50415039063 816.505126953125 18037.89439960811 931
340 9.6 16467.11712392172 11284.00232487646 71741.50415039063 816.505126953125 18092.038509656584 1021
350 9.5 18574.672653680096 12715.883033507136 71741.50415039063 816.505126953125 17952.385463075967 1117
360 11.1 16300.891962274774 11200.426240245184 71741.50415039063 816.505126953125 18001.16209930319 1212
370 13.9 13971.974305516524 11236.336079004092 71741.50415039063 816.505126953125 17858.509049257722 1323
380 14.3 12993.63778409091 9024.146419604831 71741.50415039063 805.627197265625 17488.995828067553 1462
390 15.2 14211.092529296875 9880.54715120213 71741.50415039063 451.7900390625 17088.474831002968 1605
400 16.2 14098.51200659481 9497.103597785808 71741.50415039063 451.7900390625 16839.549327383545 1757
410 16.4 10368.424971417688 7194.743713915192 71741.50415039063 451.7900390625 16608.153784930302 1919
420 14.7 11415.396065848212 8694.90910612985 71741.50415039063 451.7900390625 16116.883729521724 2083
430 3.4 24449.806245691638 9310.87738354984 71741.50415039063 451.7900390625 15806.965035997056 2230
440 4.1 28891.93837533346 10043.740398509888 71741.50415039063 451.7900390625 15936.760354517206 2264
450 3.3 41798.55727687028 8321.921585465552 71741.50415039063 451.7900390625 16167.199529724783 2305
460 3.2 44288.68772125244 4091.1450031938675 71741.50415039063 451.7900390625 16528.976606566444 2338
466 0.1 54473.14892578125 0.0 71741.50415039063 451.7900390625 16903.791271406084 2370
