0 88.1859375 88.1859375
10 206.665625 294.8515625
20 222.3375 517.1890625
30 209.19453125 726.38359375
40 306.0703125 1032.45390625
50 338.2640625 1370.71796875
60 245.76171875 1616.4796875
70 387.2515625 2003.73125
80 357.44921875 2361.18046875
90 271.48046875 2632.6609375
100 323.940625 2956.6015625
110 330.19765625 3286.79921875
120 355.14765625 3641.946875
130 325.9890625 3967.9359375
140 468.79765625 4436.73359375
150 462.12578125 4898.859375
160 573.55234375 5472.41171875
170 435.65546875 5908.0671875
180 383.71171875 6291.77890625
190 695.30390625 6987.0828125
200 656.99609375 7644.07890625
210 654.5125 8298.59140625
220 534.1984375 8832.78984375
230 453.43359375 9286.2234375
240 496.41796875 9782.64140625
250 704.884375 10487.52578125
260 604.0984375 11091.62421875
270 623.74296875 11715.3671875
280 621.0328125 12336.4
290 596.34609375 12932.74609375
300 690.93046875 13623.6765625
310 518.3359375 14142.0125
320 754.6984375 14896.7109375
330 825.23125 15721.9421875
340 719.0375 16440.9796875
350 648.353125 17089.3328125
360 679.9703125 17769.303125
370 718.6984375 18488.0015625
380 781.20390625 19269.20546875
390 819.64765625 20088.853125
400 872.86484375 20961.71796875
410 829.7328125 21791.45078125
420 505.240625 22296.69140625
430 445.9625 22742.65390625
440 504.59453125 23247.2484375
450 497.75234375 23745.00078125
460 307.5234375 24052.52421875
466 20.24765625 24072.771875
