0 4.24296875 4.24296875
10 10.52265625 14.765625
20 9.01953125 23.78515625
30 9.9875 33.77265625
40 15.196875 48.96953125
50 15.40859375 64.378125
60 13.4765625 77.8546875
70 17.61328125 95.46796875
80 17.4515625 112.91953125
90 12.45625 125.37578125
100 17.02421875 142.4
110 16.4828125 158.8828125
120 17.23671875 176.11953125
130 15.6265625 191.74609375
140 24.31953125 216.065625
150 21.959375 238.025
160 24.96953125 262.99453125
170 25.55625 288.55078125
180 18.09765625 306.6484375
190 34.79765625 341.44609375
200 40.32890625 381.775
210 30.01484375 411.78984375
220 35.2875 447.07734375
230 33.99765625 481.075
240 48.69765625 529.77265625
250 63.59296875 593.365625
260 56.803125 650.16875
270 52.021875 702.190625
280 51.17265625 753.36328125
290 56.425 809.78828125
300 59.06640625 868.8546875
310 66.80078125 935.65546875
320 71.909375 1007.56484375
330 88.37109375 1095.9359375
340 75.02734375 1170.96328125
350 69.6796875 1240.64296875
360 79.209375 1319.85234375
370 97.296875 1417.14921875
380 110.6 1527.74921875
390 103.81875 1631.56796875
400 119.24609375 1750.8140625
410 124.5203125 1875.334375
420 82.71328125 1958.04765625
430 27.43515625 1985.4828125
440 17.28125 2002.7640625
450 12.3984375 2015.1625
460 4.50859375 2019.67109375
466 0.37578125 2020.046875
