0 0.8 8
10 0.7 15
20 0.7 22
30 0.9 31
40 1.3 44
50 1.3 57
60 1 67
70 1.7 84
80 1.3 97
90 1 107
100 1.6 123
110 0.9 132
120 1.8 150
130 1.5 165
140 2 185
150 1.2 197
160 2.6 223
170 2.1 244
180 1.8 262
190 3.7 299
200 4.3 342
210 3.3 375
220 5.1 426
230 4.8 474
240 4.5 519
250 7.2 591
260 5.5 646
270 6.3 709
280 6.3 772
290 6.5 837
300 6.4 901
310 9.5 996
320 10.3 1099
330 9.4 1193
340 9.1 1284
350 10.1 1385
360 11.5 1500
370 16 1660
380 15.2 1812
390 13.7 1949
400 18.3 2132
410 16.9 2301
420 7 2371
430 0 2371
440 0 2371
450 0 2371
460 0 2371
466 0 2371
