0 6 6
10 6 11
20 5 11
30 6 11
40 6 11
50 8 11
60 9 13
70 13 13
80 8 15
90 10 15
100 13 15
110 8 15
120 11 15
130 14 15
140 20 23
150 9 23
160 16 24
170 23 25
180 21 25
190 42 43
200 65 65
210 75 79
220 114 114
230 137 139
240 142 146
250 147 153
260 139 154
270 140 154
280 140 154
290 152 154
300 154 159
310 149 167
320 168 171
330 172 175
340 167 175
350 173 177
360 177 179
370 198 204
380 207 210
390 192 210
400 213 215
410 218 220
420 141 220
430 107 220
440 66 220
450 33 220
460 1 220
466 0 220
