0 1.6 16
10 5.1 67
20 5.3 120
30 2.8 148
40 3.9 187
50 3.9 226
60 3.2 258
70 3.5 293
80 5.3 346
90 7 416
100 9.5 511
110 6.5 576
120 5.2 628
130 7.6 704
140 6.3 767
150 6.8 835
160 5.5 890
170 3.9 929
180 6.9 998
190 16.7 1165
200 18.4 1349
210 15.1 1500
220 17 1670
230 13.8 1808
240 19.2 2000
250 25.7 2257
260 19.2 2449
270 20.1 2650
280 25.3 2903
290 22.7 3130
300 18.4 3314
310 31.6 3630
320 27.2 3902
330 22.3 4125
340 28.2 4407
350 28 4687
360 27.3 4960
370 21.9 5179
380 23.5 5414
390 25.3 5667
400 24.1 5908
410 21.8 6126
420 24.3 6369
430 16.6 6535
440 21.6 6751
449 8.8 6839
