0 0.6 30.849690755208332 65.51968258846357 177.35400390625 1.18212890625 0 0
10 1.3 1.6879319411057692 0.4379778458867251 177.35400390625 1.15380859375 30.849690755208332 6
20 1.3 1.6216571514423077 0.35209324067280623 177.35400390625 1.15380859375 10.896908408717104 19
30 0.6 1.6924641927083333 0.34859655614985224 177.35400390625 1.15380859375 7.128837585449218 32
40 1.3 1.6443434495192308 0.36605267706445704 177.35400390625 1.1220703125 6.270462839226973 38
50 0.9 1.5068901909722223 0.36373426073742193 177.35400390625 1.100830078125 5.091255935968136 51
60 0.7 4.756696428571429 7.412833112145213 177.35400390625 1.100830078125 4.553601074218749 60
70 1.1 1.5716885653409092 0.3724879784463591 177.35400390625 1.100830078125 4.5748199918376855 67
80 1.8 1.5764024522569444 0.36732261707823716 177.35400390625 1.028076171875 4.15130145733173 78
90 1.4 1.6119384765625 0.38500002055530813 177.35400390625 1.028076171875 3.6685078938802076 96
100 2.4 1.58697509765625 0.4074371564833138 177.35400390625 1.028076171875 3.4067626953124996 110
110 1.6 1.5726776123046875 0.3752560309621607 177.35400390625 1.028076171875 3.080830588269589 134
120 1.3 2.2565166766826925 2.197495677694991 177.35400390625 1.028076171875 2.9199609374999995 150
130 1.8 1.5577935112847223 0.412094170614262 177.35400390625 0.9501953125 2.8670482050421775 163
140 1.6 1.7700042724609375 0.4445390465020003 177.35400390625 0.9501953125 2.736846080801105 181
150 1.5 1.6538248697916667 0.37434132762263556 177.35400390625 0.9501953125 2.6583208577887056 197
160 1.3 1.5642841045673077 0.3666284602128242 177.35400390625 0.9501953125 2.5872480284492925 212
170 1 1.5654541015625 0.4200566764749121 177.35400390625 0.9501953125 2.5281434461805556 225
180 2.5 2.738642578125 5.137152024766251 177.35400390625 0.9501953125 2.4871779421542555 235
190 4.3 1.7950354287790697 1.223555289367913 177.35400390625 0.9501953125 2.511357234074519 260
200 5.9 1.6602596994173728 0.477800441289566 177.35400390625 0.9501953125 2.4097010042801155 303
210 3.7 1.895943306587838 1.3708232562416485 177.35400390625 0.91796875 2.287554493266575 362
220 3.7 1.7406962626689189 0.593972268382875 177.35400390625 0.91796875 2.2512396714442358 399
230 2.8 1.6787283761160714 0.5117615831749092 177.35400390625 0.91796875 2.207913739965597 436
240 5.6 2.4362139020647318 3.5868752261437127 177.35400390625 0.91796875 2.1759801404229533 464
250 6.8 1.5810080135569853 0.5556240554542203 177.35400390625 0.91796875 2.2040053147536063 520
260 5.4 1.6483561197916667 0.494172852584493 177.35400390625 0.91796875 2.1319580078125004 588
270 6.3 1.8089076450892858 1.3175761732061173 177.35400390625 0.91796875 2.091281213492991 642
280 6 1.49786376953125 0.4106078543898639 177.35400390625 0.91796875 2.0660478307845747 705
290 4.7 1.5813715508643618 0.41389430036727365 177.35400390625 0.91796875 2.0214843750000004 765
300 7.8 2.2066399989983974 2.6498319774267736 177.35400390625 0.91796875 1.9960098642433808 812
310 11.2 1.690704345703125 1.1659863225377294 177.35400390625 0.912109375 2.0144695839185394 890
320 9.5 1.6004368832236846 0.9299476501119799 177.35400390625 0.902099609375 1.978280255894461 1002
330 10.3 1.5331817923240294 0.40276505416177205 177.35400390625 0.871826171875 1.9455590887078396 1097
340 9.3 1.547142767137096 0.3729636421582559 177.35400390625 0.871826171875 1.910163370768229 1200
350 11.1 1.5199645446227477 0.5950636132838909 177.35400390625 0.871826171875 1.8840528401126257 1293
360 13.5 2.202810329861111 2.6751148667083893 177.35400390625 0.871826171875 1.8552680817085114 1404
370 15.9 1.6110409910573906 0.8229851649191994 177.35400390625 0.871826171875 1.8857542438271604 1539
380 16.3 1.482679495782208 0.44589667925314164 177.35400390625 0.87109375 1.8600302113239842 1698
390 15.9 1.55712890625 0.7144204794882122 177.35400390625 0.845947265625 1.8269790739605722 1861
400 15.5 1.5384056829637098 1.0328681807430524 177.35400390625 0.845947265625 1.80573839244276 2020
410 17.5 1.555724051339286 0.5071554622311714 177.35400390625 0.845947265625 1.7866870959051724 2175
420 4.9 1.6858657525510203 0.437511094189219 177.35400390625 0.845947265625 1.7694877202460106 2350
430 0 0 0 177.35400390625 0.845947265625 1.767779726741611 2399
440 0 0 0 177.35400390625 0.845947265625 1.767779726741611 2399
449 0 0 0 177.35400390625 0.845947265625 1.767779726741611 2399
