0 0.1 3.2082833612418273 0 3.2082833612418273 3.2082833612418273 0 0
10 0.1 2.2660098522167487 0.0 3.2082833612418273 2.2660098522167487 3.2082833612418273 1
20 0.1 1.5810276679841897 0.0 3.2082833612418273 1.5810276679841897 2.7371466067292882 2
30 0.1 1.87192118226601 0.0 3.2082833612418273 1.5810276679841897 2.3517736271475886 3
40 0.1 1.3820335636722607 0.0 3.2082833612418273 1.3820335636722607 2.231810515927194 4
50 0.1 1.6748768472906401 0.0 3.2082833612418273 1.3820335636722607 2.0618551254762076 5
60 0.1 1.5779092702169626 0.0 3.2082833612418273 1.3820335636722607 1.997358745778613 6
70 0.1 1.4792899408284024 0.0 3.2082833612418273 1.3820335636722607 1.9374373921269488 7
80 0.1 1.8700787401574805 0.0 3.2082833612418273 1.3820335636722607 1.8801689607146304 8
90 0.1 2.359882005899705 0.0 3.2082833612418273 1.3820335636722607 1.8790478250971694 9
100 0.1 1.6798418972332017 0.0 3.2082833612418273 1.3820335636722607 1.927131243177423 10
110 0.1 2.561576354679803 0.0 3.2082833612418273 1.3820335636722607 1.9046503935461303 11
120 0.1 2.1632251720747298 0.0 3.2082833612418273 1.3820335636722607 1.9593942236406032 12
130 0.1 1.4866204162537164 0.0 3.2082833612418273 1.3820335636722607 1.9750735273663051 13
140 0.1 1.9723865877712032 0.0 3.2082833612418273 1.3820335636722607 1.9401840194296918 14
150 0.1 1.8756169792694966 0.0 3.2082833612418273 1.3820335636722607 1.9423308573191258 15
160 0.1 1.968503937007874 0.0 3.2082833612418273 1.3820335636722607 1.938161239941024 16
170 0.1 1.5810276679841897 0.0 3.2082833612418273 1.3820335636722607 1.939946104474368 17
180 0.1 1.483679525222552 0.0 3.2082833612418273 1.3820335636722607 1.9200061913360247 18
190 0.1 2.4679170779861797 0.0 3.2082833612418273 1.3820335636722607 1.8970416299616317 19
200 0.1 3.4482758620689653 0.0 3.4482758620689653 1.3820335636722607 1.925585402362859 20
210 0.1 4.3095004897159646 0.0 4.3095004897159646 1.3820335636722607 1.9980944718726736 21
220 0.1 2.876984126984127 0.0 4.3095004897159646 1.3820335636722607 2.1031583817746413 22
230 0.1 3.5398230088495577 0.0 4.3095004897159646 1.3820335636722607 2.136802979392445 23
240 0.1 3.2544378698224854 0.0 4.3095004897159646 1.3820335636722607 2.1952621472864915 24
250 0.1 4.150197628458498 0.0 4.3095004897159646 1.3820335636722607 2.237629176187931 25
260 0.1 4.724409448818897 0.0 4.724409448818897 1.3820335636722607 2.3111895012752606 26
270 0.1 3.663366336633663 0.0 4.724409448818897 1.3820335636722607 2.400568017850951 27
280 0.1 4.0594059405940595 0.0 4.724409448818897 1.3820335636722607 2.4456679578074763 28
290 0.1 4.4422507403751235 0.0 4.724409448818897 1.3820335636722607 2.5013140951449446 29
300 0.1 3.751233958538993 0.0 4.724409448818897 1.3820335636722607 2.5660119833192843 30
310 0.1 5.242334322453017 0.0 5.242334322453017 1.3820335636722607 2.6042449502618554 31
320 0.1 6.280667320902846 0.0 6.280667320902846 1.3820335636722607 2.686685243142829 32
330 0.1 5.50098231827112 0.0 6.280667320902846 1.3820335636722607 2.7955937909537387 33
340 0.1 5.138339920948617 0.0 6.280667320902846 1.3820335636722607 2.8751640417571913 34
350 0.1 7.051909892262488 0.0 7.051909892262488 1.3820335636722607 2.9398262097340893 35
360 0.1 6.575073601570167 0.0 7.051909892262488 1.3820335636722607 3.054050756470989 36
370 0.1 9.311348205625606 0.0 9.311348205625606 1.3820335636722607 3.149213536068264 37
380 0.1 8.92156862745098 0.0 9.311348205625606 1.3820335636722607 3.3113749747408256 38
390 0.1 8.193484698914116 0.0 9.311348205625606 1.3820335636722607 3.4552260940410853 39
400 0.1 9.990300678952474 0.0 9.990300678952474 1.3820335636722607 3.5736825591629113 40
410 0.1 9.375 0.0 9.990300678952474 1.3820335636722607 3.7301854401333885 41
420 0.1 8.137254901960784 0.0 9.990300678952474 1.3820335636722607 3.864585786796879 42
430 0.1 3.543307086614173 0.0 9.990300678952474 1.3820335636722607 3.9639501848239465 43
440 0.1 2.6706231454005933 0.0 9.990300678952474 1.3820335636722607 3.954390114410088 44
449 0.1 2.366863905325444 0.0 9.990300678952474 1.3820335636722607 3.92586195954321 45
