0 0.1 1
10 1.3 14
20 1.3 27
30 1 37
40 0.6 43
50 1.1 54
60 1 64
70 0.4 68
80 1 78
90 2.1 99
100 2.1 120
110 2.1 141
120 1 151
130 2 171
140 1.4 185
150 2 205
160 1.4 219
170 1 229
180 1.2 241
190 3.9 280
200 3.6 316
210 4.4 360
220 4.2 402
230 4.1 443
240 3.6 479
250 6.4 543
260 5.3 596
270 3.9 635
280 5.5 690
290 6.7 757
300 4 797
310 4.8 845
320 6.2 907
330 4.5 952
340 7.6 1028
350 9.7 1125
360 10.9 1234
370 17 1404
380 15.3 1557
390 15.9 1716
400 15.8 1874
410 16.5 2039
420 12.2 2161
430 5.7 2218
440 11 2328
449 7.1 2399
