0 0.1 3162.24609375 0 3162.24609375 3162.24609375 0 0
10 0.1 3159.83984375 0.0 3162.24609375 3159.83984375 3162.24609375 1
20 0.1 3156.6875 0.0 3162.24609375 3156.6875 3161.04296875 2
30 0.1 3157.07421875 0.0 3162.24609375 3156.6875 3159.5911458333335 3
40 0.1 3159.828125 0.0 3162.24609375 3156.6875 3158.9619140625 4
50 0.1 3158.42578125 0.0 3162.24609375 3156.6875 3159.13515625 5
60 0.1 3158.1796875 0.0 3162.24609375 3156.6875 3159.0169270833335 6
70 0.1 3159.41015625 0.0 3162.24609375 3156.6875 3158.8973214285716 7
80 0.1 3158.453125 0.0 3162.24609375 3156.6875 3158.96142578125 8
90 0.1 3157.23828125 0.0 3162.24609375 3156.6875 3158.9049479166665 9
100 0.1 3157.0 0.0 3162.24609375 3156.6875 3158.73828125 10
110 0.1 3156.2890625 0.0 3162.24609375 3156.2890625 3158.580255681818 11
120 0.1 3156.86328125 0.0 3162.24609375 3156.2890625 3158.3893229166665 12
130 0.1 3156.79296875 0.0 3162.24609375 3156.2890625 3158.271935096154 13
140 0.1 3156.79296875 0.0 3162.24609375 3156.2890625 3158.1662946428573 14
150 0.1 3156.68359375 0.0 3162.24609375 3156.2890625 3158.074739583333 15
160 0.1 3155.84375 0.0 3162.24609375 3155.84375 3157.98779296875 16
170 0.1 3156.71484375 0.0 3162.24609375 3155.84375 3157.8616727941176 17
180 0.1 3156.93359375 0.0 3162.24609375 3155.84375 3157.7979600694443 18
190 0.1 3154.51171875 0.0 3162.24609375 3154.51171875 3157.7524671052633 19
200 0.1 3151.85546875 0.0 3162.24609375 3151.85546875 3157.5904296875 20
210 0.1 3149.0546875 0.0 3162.24609375 3149.0546875 3157.317336309524 21
220 0.1 3147.734375 0.0 3162.24609375 3147.734375 3156.9417613636365 22
230 0.1 3148.43359375 0.0 3162.24609375 3147.734375 3156.5414402173915 23
240 0.1 3152.57421875 0.0 3162.24609375 3147.734375 3156.20361328125 24
250 0.1 3148.5625 0.0 3162.24609375 3147.734375 3156.0584375 25
260 0.1 3148.546875 0.0 3162.24609375 3147.734375 3155.7701322115386 26
270 0.1 3147.68359375 0.0 3162.24609375 3147.68359375 3155.5026041666665 27
280 0.1 3146.3515625 0.0 3162.24609375 3146.3515625 3155.2233537946427 28
290 0.1 3143.67578125 0.0 3162.24609375 3143.67578125 3154.9174299568967 29
300 0.1 3143.42578125 0.0 3162.24609375 3143.42578125 3154.5427083333334 30
310 0.1 3141.20703125 0.0 3162.24609375 3141.20703125 3154.184097782258 31
320 0.1 3135.91796875 0.0 3162.24609375 3135.91796875 3153.778564453125 32
330 0.1 3131.92578125 0.0 3162.24609375 3131.92578125 3153.237334280303 33
340 0.1 3127.484375 0.0 3162.24609375 3127.484375 3152.610523897059 34
350 0.1 3122.9453125 0.0 3162.24609375 3122.9453125 3151.8926339285713 35
360 0.1 3121.453125 0.0 3162.24609375 3121.453125 3151.0885416666665 36
370 0.1 3121.02734375 0.0 3162.24609375 3121.02734375 3150.2875844594596 37
380 0.1 3120.546875 0.0 3162.24609375 3120.546875 3149.517578125 38
390 0.1 3120.33984375 0.0 3162.24609375 3120.33984375 3148.7747395833335 39
400 0.1 3119.57421875 0.0 3162.24609375 3119.57421875 3148.0638671875 40
410 0.1 3119.671875 0.0 3162.24609375 3119.57421875 3147.3689977134145 41
420 0.1 3119.64453125 0.0 3162.24609375 3119.57421875 3146.709542410714 42
430 0.1 3119.65234375 0.0 3162.24609375 3119.57421875 3146.0801235465115 43
440 0.1 3119.69140625 0.0 3162.24609375 3119.57421875 3145.4794921875 44
449 0.1 3120.046875 0.0 3162.24609375 3119.57421875 3144.906423611111 45
