0 0.1 0.01171875 0 0.01171875 0.01171875 0 0
10 0.1 0.0 0.0 0.01171875 0.0 0.01171875 1
20 0.1 0.0 0.0 0.01171875 0.0 0.005859375 2
30 0.1 0.0 0.0 0.01171875 0.0 0.00390625 3
40 0.1 0.0 0.0 0.01171875 0.0 0.0029296875 4
50 0.1 0.0 0.0 0.01171875 0.0 0.00234375 5
60 0.1 0.0 0.0 0.01171875 0.0 0.001953125 6
70 0.1 0.0 0.0 0.01171875 0.0 0.0016741071428571428 7
80 0.1 0.0 0.0 0.01171875 0.0 0.00146484375 8
90 0.1 0.0 0.0 0.01171875 0.0 0.0013020833333333333 9
100 0.1 0.0 0.0 0.01171875 0.0 0.001171875 10
110 0.1 0.0 0.0 0.01171875 0.0 0.001065340909090909 11
120 0.1 0.0 0.0 0.01171875 0.0 9.765625e-4 12
130 0.1 0.0 0.0 0.01171875 0.0 9.014423076923077e-4 13
140 0.1 0.0 0.0 0.01171875 0.0 8.370535714285714e-4 14
150 0.1 0.0 0.0 0.01171875 0.0 7.8125e-4 15
160 0.1 0.0 0.0 0.01171875 0.0 7.32421875e-4 16
170 0.1 0.0 0.0 0.01171875 0.0 6.893382352941177e-4 17
180 0.1 0.0 0.0 0.01171875 0.0 6.510416666666666e-4 18
190 0.1 0.078125 0.0 0.078125 0.0 6.167763157894736e-4 19
200 0.1 0.0703125 0.0 0.078125 0.0 0.0044921875 20
210 0.1 0.05859375 0.0 0.078125 0.0 0.007626488095238095 21
220 0.1 0.05078125 0.0 0.078125 0.0 0.009943181818181818 22
230 0.1 0.0390625 0.0 0.078125 0.0 0.01171875 23
240 0.1 0.0390625 0.0 0.078125 0.0 0.012858072916666666 24
250 0.1 0.03125 0.0 0.078125 0.0 0.01390625 25
260 0.1 0.109375 0.0 0.109375 0.0 0.014573317307692308 26
270 0.1 0.08984375 0.0 0.109375 0.0 0.01808449074074074 27
280 0.1 0.078125 0.0 0.109375 0.0 0.020647321428571428 28
290 0.1 0.05859375 0.0 0.109375 0.0 0.022629310344827586 29
300 0.1 0.05078125 0.0 0.109375 0.0 0.023828125 30
310 0.1 0.05078125 0.0 0.109375 0.0 0.02469758064516129 31
320 0.1 0.0390625 0.0 0.109375 0.0 0.0255126953125 32
330 0.1 0.03125 0.0 0.109375 0.0 0.025923295454545456 33
340 0.1 0.03125 0.0 0.109375 0.0 0.02607996323529412 34
350 0.1 0.01953125 0.0 0.109375 0.0 0.026227678571428572 35
360 0.1 0.01953125 0.0 0.109375 0.0 0.026041666666666668 36
370 0.1 0.01953125 0.0 0.109375 0.0 0.02586570945945946 37
380 0.1 0.01171875 0.0 0.109375 0.0 0.025699013157894735 38
390 0.1 0.01171875 0.0 0.109375 0.0 0.02534054487179487 39
400 0.1 0.01171875 0.0 0.109375 0.0 0.024999999999999998 40
410 0.1 0.01171875 0.0 0.109375 0.0 0.024676067073170733 41
420 0.1 0.078125 0.0 0.109375 0.0 0.024367559523809524 42
430 0.1 0.0703125 0.0 0.109375 0.0 0.025617732558139535 43
440 0.1 0.05859375 0.0 0.109375 0.0 0.026633522727272728 44
449 0.1 0.05078125 0.0 0.109375 0.0 0.02734375 45
