10 0.1 179 0 179 179 0 0
20 0.1 447.0 0.0 447 179 179.0 1
30 0.1 462.0 0.0 462 179 313.0 2
40 0.1 220.0 0.0 462 179 362.6666666666667 3
50 0.1 386.0 0.0 462 179 327.0 4
60 0.1 343.0 0.0 462 179 338.8 5
70 0.1 276.0 0.0 462 179 339.5 6
80 0.1 301.0 0.0 462 179 330.42857142857144 7
90 0.1 662.0 0.0 662 179 326.75 8
100 0.1 581.0 0.0 662 179 364.0 9
110 0.1 755.0 0.0 755 179 385.7 10
120 0.1 583.0 0.0 755 179 419.27272727272725 11
130 0.1 488.0 0.0 755 179 432.9166666666667 12
140 0.1 658.0 0.0 755 179 437.15384615384613 13
150 0.1 606.0 0.0 755 179 452.92857142857144 14
160 0.1 579.0 0.0 755 179 463.1333333333333 15
170 0.1 420.0 0.0 755 179 470.375 16
180 0.1 431.0 0.0 755 179 467.4117647058824 17
190 0.1 860.0 0.0 860 179 465.3888888888889 18
200 0.1 1385.0 0.0 1385 179 486.1578947368421 19
210 0.1 1703.0 0.0 1703 179 531.1 20
220 0.1 1543.0 0.0 1703 179 586.9047619047619 21
230 0.1 1435.0 0.0 1703 179 630.3636363636364 22
240 0.1 1472.0 0.0 1703 179 665.3478260869565 23
250 0.1 1977.0 0.0 1977 179 698.9583333333334 24
260 0.1 2137.0 0.0 2137 179 750.08 25
270 0.1 1758.0 0.0 2137 179 803.4230769230769 26
280 0.1 2027.0 0.0 2137 179 838.7777777777778 27
290 0.1 2285.0 0.0 2285 179 881.2142857142857 28
300 0.1 1701.0 0.0 2285 179 929.6206896551724 29
310 0.1 2373.0 0.0 2373 179 955.3333333333334 30
320 0.1 2722.0 0.0 2722 179 1001.0645161290323 31
330 0.1 2255.0 0.0 2722 179 1054.84375 32
340 0.1 2373.0 0.0 2722 179 1091.2121212121212 33
350 0.1 3034.0 0.0 3034 179 1128.9117647058824 34
360 0.1 2825.0 0.0 3034 179 1183.3428571428572 35
370 0.1 2979.0 0.0 3034 179 1228.9444444444443 36
380 0.1 3274.0 0.0 3274 179 1276.2432432432433 37
390 0.1 3037.0 0.0 3274 179 1328.8157894736842 38
400 0.1 3287.0 0.0 3287 179 1372.6153846153845 39
410 0.1 3106.0 0.0 3287 179 1420.475 40
420 0.1 2804.0 0.0 3287 179 1461.5853658536585 41
430 0.1 1852.0 0.0 3287 179 1493.547619047619 42
440 0.1 1850.0 0.0 3287 179 1501.8837209302326 43
449 0.1 1622.0 0.0 3287 179 1509.7954545454545 44
