0 1.6 54.58003234863281 42.9369469403149 188.5 8.537841796875 0 0
10 5.1 53.60541130514706 28.13682012560882 188.5 8.260009765625 54.58003234863281 16
20 5.3 126.31925302181598 157.90981974104807 615.861083984375 7.97998046875 53.838156628964555 67
30 2.8 59.86665562220982 31.531402950737768 615.861083984375 7.97998046875 85.85064086914059 120
40 3.9 67.26501151842949 76.74286447300754 615.861083984375 7.344970703125 80.9347517683699 148
50 3.9 99.16815655048077 103.48088818956336 615.861083984375 7.344970703125 78.08384337399731 187
60 3.2 77.0493927001953 103.44221428788663 615.861083984375 7.344970703125 81.72228679825773 226
70 3.5 76.42534877232147 101.85329512105507 615.861083984375 7.344970703125 81.14270303415697 258
80 5.3 163.63120485701654 241.5321188810871 1161.308837890625 7.344970703125 80.57919655236773 293
90 7 152.74369070870534 108.31534750332402 1161.308837890625 7.344970703125 93.30103597475615 346
100 9.5 68.3543174342105 78.38675680555758 1161.308837890625 6.97705078125 103.30340576171875 416
110 6.5 166.2231182391827 467.57147119818757 3786.39404296875 6.97705078125 96.80602143468688 511
120 5.2 248.60579270582917 754.6576382315296 4828.989013671875 6.97705078125 104.63954798380534 576
130 7.6 73.26016717208061 70.03437873516832 4828.989013671875 6.97705078125 116.56031983976911 628
140 6.3 71.37632145957342 62.38192174314256 4828.989013671875 6.97705078125 111.88587154041637 704
150 6.8 140.64536061006433 386.2450167473781 4828.989013671875 6.97705078125 108.55848998227673 767
160 5.5 132.42018821022722 423.9849567466512 4828.989013671875 6.97705078125 111.17155250046781 835
170 3.9 73.08174954927884 86.86505969153222 4828.989013671875 6.97705078125 112.48467043758778 890
180 6.9 64.71338598278986 74.66988334341207 4828.989013671875 6.97705078125 110.83051121837998 929
190 16.7 93.15861831025452 92.79585332564695 4828.989013671875 6.67578125 107.64205266000752 998
200 18.4 204.07665484884518 319.0327193637862 4828.989013671875 6.67578125 105.56588653433477 1165
210 15.1 1211.180405370448 1142.4772221558012 7218.053955078125 6.67578125 119.00249244231838 1349
220 17 1082.7576674517456 1900.4235578753046 17919.153076171875 6.67578125 228.94840234375008 1500
230 13.8 788.8369211390399 2547.7628293571815 22582.47705078125 6.67578125 315.863117953546 1670
240 19.2 252.34423065185547 1058.3717187838527 22582.47705078125 6.67578125 351.9639945241202 1808
250 25.7 363.6334166767996 438.3310761910743 22582.47705078125 6.67578125 342.40049719238283 2000
260 19.2 1009.303581237793 1543.3030015344889 22582.47705078125 6.67578125 344.8182465532579 2257
270 19.9 1432.9136870877833 1624.307921386469 22582.47705078125 6.67578125 396.91346266572447 2449
280 25.5 1698.765687231924 2557.8679706981297 22582.47705078125 6.67578125 474.76997499955746 2648
290 22.7 1429.9653126720812 1211.3589572599126 22582.47705078125 6.67578125 582.2859607450805 2903
300 18.4 1803.4663935122283 1506.3632827673443 22582.47705078125 6.67578125 643.7630255653454 3130
310 31.6 1954.347293902047 1416.3823285448702 22582.47705078125 6.67578125 708.1521081550336 3314
320 27.2 4231.574851540958 1686.505963963461 22582.47705078125 6.67578125 816.6363171622116 3630
330 23.1 6068.477084601596 1573.722976139703 22582.47705078125 2.240966796875 1054.684313407988 3902
340 36.7 5715.205851791333 3605.674854928118 26779.080810546875 1.461181640625 1334.9132343239626 4133
350 45.4 4522.516194482204 3580.4958006444435 26779.080810546875 1.22705078125 1692.1504322374126 4500
360 45.6 4583.454995673991 3833.8108273235584 26779.080810546875 1.22705078125 1951.5339720151953 4954
370 66.4 3081.4631189553124 4453.886354048079 26779.080810546875 1.22705078125 2173.374265321741 5410
380 61 3166.6548407882956 4059.104898217764 26779.080810546875 1.22705078125 2272.6450915997607 6074
390 70.4 3364.365547873758 4603.323477023404 28381.31494140625 1.22705078125 2354.234850277948 6684
400 60.1 3334.361816812473 4183.088884834044 28604.471923828125 1.22705078125 2450.4898599026706 7388
410 69.6 2786.133114518795 4265.897889836816 28604.471923828125 1.22705078125 2516.982167588588 7989
420 44 5271.784292879969 4930.296878639742 28604.471923828125 1.22705078125 2538.551431729454 8685
430 16.7 10117.165755403255 1895.1115922139174 28604.471923828125 1.22705078125 2670.3456738013692 9125
440 21.6 9237.529824716068 2853.4209203217706 28604.471923828125 1.22705078125 2804.183271049272 9292
449 8.8 3674.507421320135 2779.694185916027 28604.471923828125 1.22705078125 2950.3341813976135 9508
