10 0.1 143 0 143 143 0 0
20 0.1 346.0 0.0 346 143 143.0 1
30 0.1 340.0 0.0 346 143 244.5 2
40 0.1 156.0 0.0 346 143 276.3333333333333 3
50 0.1 302.0 0.0 346 143 246.25 4
60 0.1 262.0 0.0 346 143 257.4 5
70 0.1 240.0 0.0 346 143 258.1666666666667 6
80 0.1 232.0 0.0 346 143 255.57142857142858 7
90 0.1 540.0 0.0 540 143 252.625 8
100 0.1 471.0 0.0 540 143 284.55555555555554 9
110 0.1 540.0 0.0 540 143 303.2 10
120 0.1 466.0 0.0 540 143 324.72727272727275 11
130 0.1 393.0 0.0 540 143 336.5 12
140 0.1 541.0 0.0 541 143 340.84615384615387 13
150 0.1 495.0 0.0 541 143 355.14285714285717 14
160 0.1 463.0 0.0 541 143 364.46666666666664 15
170 0.1 332.0 0.0 541 143 370.625 16
180 0.1 333.0 0.0 541 143 368.3529411764706 17
190 0.1 678.0 0.0 678 143 366.3888888888889 18
200 0.1 1133.0 0.0 1133 143 382.7894736842105 19
210 0.1 1374.0 0.0 1374 143 420.3 20
220 0.1 1254.0 0.0 1374 143 465.7142857142857 21
230 0.1 1156.0 0.0 1374 143 501.54545454545456 22
240 0.1 1118.0 0.0 1374 143 530.0 23
250 0.1 1598.0 0.0 1598 143 554.5 24
260 0.1 1822.0 0.0 1822 143 596.24 25
270 0.1 1478.0 0.0 1822 143 643.3846153846154 26
280 0.1 1761.0 0.0 1822 143 674.2962962962963 27
290 0.1 1924.0 0.0 1924 143 713.1071428571429 28
300 0.1 1440.0 0.0 1924 143 754.8620689655172 29
310 0.1 2025.0 0.0 2025 143 777.7 30
320 0.1 2383.0 0.0 2383 143 817.9354838709677 31
330 0.1 1968.0 0.0 2383 143 866.84375 32
340 0.1 2.1e3 0.0 2383 143 900.2121212121212 33
350 0.1 2719.0 0.0 2719 143 935.5 34
360 0.1 2558.0 0.0 2719 143 986.4571428571429 35
370 0.1 2980.0 0.0 2980 143 1030.111111111111 36
380 0.1 3345.0 0.0 3345 143 1082.8108108108108 37
390 0.1 3160.0 0.0 3345 143 1142.342105263158 38
400 0.1 3272.0 0.0 3345 143 1194.076923076923 39
410 0.1 3261.0 0.0 3345 143 1246.025 40
420 0.1 2.9e3 0.0 3345 143 1295.1707317073171 41
430 0.1 1527.0 0.0 3345 143 1333.3809523809523 42
440 0.1 1484.0 0.0 3345 143 1337.8837209302326 43
449 0.1 1334.0 0.0 3345 143 1341.2045454545455 44
