0 0.1 2387.822998046875 0 2387.822998046875 2387.822998046875 0 0
10 1.3 5600.867394080529 2123.5429158646843 10250.166015625 2387.822998046875 2387.822998046875 1
20 1.3 6061.520545372596 4680.390396460842 17717.43994140625 1203.671142578125 5371.364222935268 14
30 1 5850.04365234375 2034.724061104396 17717.43994140625 1203.671142578125 5703.6617115162035 27
40 0.6 3944.3343098958335 2548.952839016342 17717.43994140625 986.406005859375 5743.224398226352 37
50 1.1 7210.222811612216 2908.6906334408923 17717.43994140625 986.406005859375 5492.216478924419 43
60 1 8097.983569335937 4354.230525304583 18250.200927734375 986.406005859375 5842.18073187934 54
70 0.4 6587.486755371094 2012.3906481527342 18250.200927734375 986.406005859375 6194.649925231934 64
80 1 7188.49541015625 3514.0505815859074 18250.200927734375 986.406005859375 6217.757974063649 68
90 2.1 7001.139985584077 3588.4360432136864 18250.200927734375 986.406005859375 6342.211491511418 78
100 2.1 5822.772798084077 4925.4521531120745 19185.260986328125 986.406005859375 6481.984202375315 99
110 2.1 6756.992315383184 3436.548109969817 19185.260986328125 986.406005859375 6366.622206624349 120
120 1 7271.8612060546875 3895.6178663801807 19185.260986328125 986.406005859375 6424.762435588431 141
130 2 5764.315185546875 2778.0232590475916 19185.260986328125 986.406005859375 6480.8616919107 151
140 1.4 6500.28125 3048.8290882946753 19185.260986328125 986.406005859375 6397.055082979258 171
150 2 6117.127490234375 2531.7586137146563 19185.260986328125 986.406005859375 6404.866792915963 185
160 1.4 6177.738071986607 2817.918626721834 19185.260986328125 986.406005859375 6376.794665825077 205
170 1 4575.724072265625 2846.1428667972823 19185.260986328125 986.406005859375 6364.069586766909 219
180 1.2 6389.123555501302 2708.7480452095156 19185.260986328125 986.406005859375 6285.975896177333 229
190 3.9 5800.8867750901445 2877.435246025825 19185.260986328125 986.406005859375 6291.1118792142115 241
200 3.6 6270.677619086371 2979.18459767297 19185.260986328125 986.406005859375 6222.830525425502 280
210 4.4 9580.26672918146 3531.920936239703 19185.260986328125 986.406005859375 6228.281460146361 316
220 4.2 10065.65222749256 4937.007312979629 25024.631103515625 986.406005859375 6637.968548583985 360
230 4.1 8466.828059498857 4964.565148505709 28228.35205078125 986.406005859375 6996.084753843089 402
240 3.6 7986.464823404945 6828.01390017512 38567.943115234375 986.406005859375 7132.203208768341 443
250 6.4 6738.1281814575195 2871.7484181636833 38567.943115234375 986.406005859375 7196.406586903869 479
260 5.3 8510.135336821939 3776.604937531176 38567.943115234375 986.406005859375 7142.392189208535 543
270 3.9 9000.972412109375 4903.015325391586 38567.943115234375 986.406005859375 7264.020355019793 596
280 5.5 11367.615256569603 6566.058509174783 38567.943115234375 986.406005859375 7370.699300258366 635
290 6.7 13948.439864884562 6818.760117043842 38567.943115234375 986.406005859375 7689.294050399117 690
300 4 12441.784869384766 4055.8787673026227 38567.943115234375 986.406005859375 8243.273930941421 757
310 4.8 13486.327229817709 4039.249810924712 38567.943115234375 986.406005859375 8453.989661854512 797
320 6.2 17461.714938256053 5154.621723931755 38567.943115234375 986.406005859375 8739.850257431119 845
330 4.5 21775.73965386285 3503.9283804925326 38567.943115234375 986.406005859375 9336.052694268104 907
340 7.6 25185.052442048724 4034.0781802879255 38567.943115234375 986.406005859375 9924.063107274158 952
350 9.7 26353.285173868397 7263.0829859476435 42861.73681640625 986.406005859375 11052.307454981226 1028
360 10.9 26033.860277648357 8392.051827213005 45295.452880859375 771.87109375 12371.591756076386 1125
370 17 21411.22169979321 10634.973024867142 57083.4580078125 771.87109375 13578.388570380555 1234
380 15.3 19008.75200099571 10363.805997744888 60442.364990234375 766.39111328125 14526.80853619263 1404
390 15.9 18489.119725641216 9410.668560156262 60442.364990234375 766.39111328125 14967.230726375592 1557
400 15.8 20221.774693742576 9696.849845855118 60442.364990234375 766.39111328125 15293.559602181673 1716
410 16.5 18223.658725437977 9730.334356757645 60442.364990234375 766.39111328125 15709.065463690009 1874
420 12.2 20322.796706903187 9813.59339282151 60442.364990234375 766.39111328125 15912.551431413607 2039
430 5.7 27302.52841025904 7890.6715007870935 60442.364990234375 766.39111328125 16161.533348863735 2161
440 11 33675.877059659106 6931.385988889014 60442.364990234375 766.39111328125 16447.843862163794 2218
449 7.1 34441.78705091879 3592.5581807433737 60442.364990234375 766.39111328125 17261.883231461252 2328
