0 6.065625 6.065625
10 21.67890625 27.74453125
20 22.71796875 50.4625
30 12.3375 62.8
40 15.40546875 78.20546875
50 16.9359375 95.14140625
60 14.0453125 109.18671875
70 14.0796875 123.26640625
80 21.8484375 145.11484375
90 30.18046875 175.2953125
100 40.98515625 216.28046875
110 29.9296875 246.21015625
120 20.109375 266.31953125
130 32.30625 298.62578125
140 27.321875 325.94765625
150 29.7921875 355.73984375
160 23.24453125 378.984375
170 16.553125 395.5375
180 29.103125 424.640625
190 68.20703125 492.84765625
200 79.84140625 572.6890625
210 72.58359375 645.27265625
220 66.8375 712.11015625
230 58.7828125 770.89296875
240 77.85625 848.74921875
250 113.50234375 962.2515625
260 84.8890625 1047.140625
270 87.72109375 1134.86171875
280 104.028125 1238.88984375
290 95.4109375 1334.30078125
300 85.63671875 1419.9375
310 152.58359375 1572.52109375
320 128.77578125 1701.296875
330 104.29140625 1805.58828125
340 158.8890625 1964.47734375
350 178.14453125 2142.621875
360 171.509375 2314.13125
370 233.94140625 2548.07265625
380 215.44765625 2763.5203125
390 250.51796875 3014.03828125
400 213.434375 3227.47265625
410 241.78515625 3469.2578125
420 167.46484375 3636.72265625
430 69.5953125 3706.31796875
440 59.046875 3765.36484375
449 17.76875 3783.13359375
