0 97.38203125 97.38203125
10 329.90625 427.28828125
20 399.1796875 826.46796875
30 179.35703125 1005.825
40 257.37578125 1263.20078125
50 279.0796875 1542.28046875
60 202.03828125 1744.31875
70 236.18046875 1980.49921875
80 384.54453125 2365.04375
90 458.96171875 2824.00546875
100 623.64765625 3447.653125
110 453.415625 3901.06875
120 364.9578125 4266.0265625
130 501.6859375 4767.7125
140 410.52890625 5178.24140625
150 489.1046875 5667.34609375
160 376.5421875 6043.88828125
170 268.1125 6312.00078125
180 435.178125 6747.17890625
190 1081.18671875 7828.365625
200 1213.378125 9041.74375
210 1034.3671875 10076.1109375
220 1181.359375 11257.4703125
230 982.21640625 12239.68671875
240 1305.978125 13545.66484375
250 1672.69453125 15218.359375
260 1324.3484375 16542.7078125
270 1293.3796875 17836.0875
280 1677.14765625 19513.23515625
290 1505.6578125 21018.89296875
300 1187.15 22206.04296875
310 2000.940625 24206.98359375
320 1767.0859375 25974.06953125
330 1428.72578125 27402.7953125
340 1872.846875 29275.6421875
350 1922.41015625 31198.05234375
360 1898.49765625 33096.55
370 1685.64375 34782.19375
380 1698.50078125 36480.69453125
390 1903.2421875 38383.93671875
400 1791.9765625 40175.91328125
410 1643.9125 41819.82578125
420 1702.09140625 43521.9171875
430 1276.28359375 44798.20078125
440 1582.31015625 46380.5109375
449 700.153125 47080.6640625
