0 0.6 6
10 1.4 20
20 1.2 32
30 0.6 38
40 1.3 51
50 0.9 60
60 0.7 67
70 1.1 78
80 1.9 97
90 1.3 110
100 2.4 134
110 1.6 150
120 1.3 163
130 1.8 181
140 1.6 197
150 1.5 212
160 1.3 225
170 1 235
180 2.6 261
190 4.2 303
200 5.9 362
210 3.7 399
220 3.7 436
230 2.9 465
240 5.8 523
250 6.8 591
260 5.4 645
270 6.1 706
280 5.9 765
290 4.9 814
300 8.1 895
310 11 1005
320 9.4 1099
330 10.4 1203
340 9.4 1297
350 10.7 1404
360 14 1544
370 15.7 1701
380 16.2 1863
390 16 2023
400 15.4 2177
410 17.6 2353
420 4.6 2399
430 0 2399
440 0 2399
449 0 2399
