0 1.3 13
10 3.4 47
20 8.8 135
30 14.7 282
40 20 482
50 25.8 740
60 28.2 1022
70 36.1 1383
80 40.8 1791
90 43.1 2222
100 39.6 2618
110 45 3068
120 44.7 3515
130 48.2 3997
140 47.1 4468
150 55.7 5025
160 54.9 5574
170 51.3 6087
180 55.4 6641
190 71.3 7354
200 68.9 8043
210 95.3 8996
220 100.3 9999
230 116 11159
240 123.1 12390
250 148.5 13875
260 155.4 15429
270 164.3 17072
280 158.5 18657
290 173.4 20391
300 189.5 22286
310 223.3 24519
320 228.2 26801
330 229.7 29098
340 234.2 31440
350 245.9 33899
360 252.8 36427
370 238.4 38811
380 244.6 41257
390 233.2 43589
400 209.9 45688
410 249.4 48182
420 227 50452
430 217.8 52630
440 225.5 54885
450 207.4 56959
460 230.5 59264
470 229.1 61555
480 208.7 63642
490 223.3 65875
500 214.9 68024
510 203.7 70061
520 194.8 72009
530 198.1 73990
540 219.4 76184
550 212 78304
560 271.2 81016
570 281.9 83835
580 262.9 86464
590 241.7 88881
600 220.3 91084
610 179.2 92876
620 143.8 94314
630 91.8 95232
640 71.6 95948
650 39.5 96343
660 27.4 96617
670 16.3 96780
680 6.8 96848
690 2.4 96872
700 0.4 96876
710 1.3 96889
719 1 96899
