0 0.1 1
10 0.1 2
20 0.6 8
30 1.6 24
40 2 44
50 4 84
60 3.3 117
70 5.3 170
80 5.7 227
90 5.4 281
100 5.3 334
110 6.4 398
120 5.8 456
130 8 536
140 6.8 604
150 8.5 689
160 8.2 771
170 7.7 848
180 8.9 937
190 12.1 1058
200 9.2 1150
210 12.9 1279
220 14.4 1423
230 16.8 1591
240 15.6 1747
250 17.5 1922
260 15.7 2079
270 18.1 2260
280 19.7 2457
290 21 2667
300 23.2 2899
310 27 3169
320 25.4 3423
330 26.4 3687
340 27.1 3958
350 26.8 4226
360 27.1 4497
370 22 4717
380 23.6 4953
390 22 5173
400 17.5 5348
410 21.3 5561
420 19 5751
430 16.5 5916
440 17.1 6087
450 15.3 6240
460 15.2 6392
470 16.3 6555
480 11.7 6672
490 14.1 6813
500 14.1 6954
510 12.4 7078
520 10.4 7182
530 11.3 7295
540 11.7 7412
550 14.4 7556
560 25.6 7812
570 40 8212
580 46.5 8677
590 47.5 9152
600 44.9 9601
610 39.1 9992
620 30.9 10301
630 18.6 10487
640 16.4 10651
650 8.4 10735
660 5.4 10789
670 3.3 10822
680 1.2 10834
690 0.6 10840
700 0 10840
710 0.4 10844
719 0.2 10846
