0 0.5 5
10 0.5 10
20 1.5 25
30 1.6 41
40 2.1 62
50 2.4 86
60 2.8 114
70 2 134
80 2.4 158
90 2.8 186
100 3 216
110 2.3 239
120 3.5 274
130 3.4 308
140 3 338
150 2.5 363
160 3.8 401
170 2.6 427
180 4.4 471
190 5.4 525
200 5.5 580
210 5.8 638
220 7.2 710
230 6.7 777
240 8.7 864
250 10.1 965
260 11.3 1078
270 12.4 1202
280 11.2 1314
290 10 1414
300 13.1 1545
310 17.3 1718
320 15.9 1877
330 16.9 2046
340 17.1 2217
350 15.8 2375
360 16.1 2536
370 18.3 2719
380 19.6 2915
390 19.2 3107
400 18.7 3294
410 21.2 3506
420 20.8 3714
430 22.9 3943
440 20.1 4144
450 22.6 4370
460 22.9 4599
470 20.9 4808
480 21.1 5019
490 23.1 5250
500 28 5530
510 21.1 5741
520 23.4 5975
530 26 6235
540 20.5 6440
550 12 6560
560 12.6 6686
570 6.9 6755
580 1.6 6771
590 0 6771
600 0 6771
610 0 6771
620 0 6771
630 0 6771
640 0 6771
650 0 6771
660 0 6771
670 0 6771
680 0 6771
690 0 6771
700 0 6771
710 0 6771
719 0 6771
