20 0.1 1
30 0.1 2
40 0.3 5
50 0.2 7
60 0.2 9
70 0.2 11
80 0.3 14
90 0.3 17
100 0.4 21
110 0.2 23
120 0.5 28
130 0.3 31
140 0.5 36
150 0.4 40
160 0.4 44
170 0.1 45
180 0.4 49
190 0.1 50
200 0.3 53
210 0.5 58
220 1.3 71
230 0.6 77
240 1 87
250 1.2 99
260 1.7 116
270 2 136
280 1.1 147
290 1.3 160
300 1.2 172
310 0.8 180
320 1.8 198
330 0.9 207
340 2.1 228
350 2.1 249
360 2.5 274
370 2.7 301
380 3.1 332
390 2.5 357
400 4.2 399
410 3.6 435
420 3.5 470
430 4.8 518
440 4.1 559
450 5.2 611
460 4.4 655
470 4.3 698
480 6.4 762
490 5.5 817
500 4.1 858
510 5.5 913
520 6.4 977
530 7.3 1050
540 5.4 1104
550 5.4 1158
560 4.6 1204
570 4.4 1248
580 1.5 1263
590 0.4 1267
600 0 1267
610 0 1267
620 0 1267
630 0 1267
640 0 1267
650 0 1267
660 0 1267
670 0 1267
680 0 1267
690 0 1267
700 0 1267
710 0 1267
719 0 1267
