300 0.2 2
310 0.1 3
320 0 3
330 0 3
340 0.4 7
350 0.4 11
360 0.1 12
370 0.7 19
380 1.9 38
390 3.2 70
400 2.6 96
410 4.4 140
420 4.3 183
430 4.8 231
440 4.8 279
450 4.8 327
460 7.6 403
470 6.6 469
480 5.2 521
490 5.5 576
500 5.6 632
510 4.9 681
520 4.3 724
530 6.1 785
540 7.3 858
550 9.9 957
560 12.3 1080
570 20.3 1283
580 21.1 1494
590 18.9 1683
600 17.4 1857
610 16.1 2018
620 12.1 2139
630 6.5 2204
640 6 2264
650 3.4 2298
660 1.8 2316
670 1.2 2328
680 0.7 2335
690 0.2 2337
700 0 2337
710 0.2 2339
719 0.2 2341
