290 0.1 1
300 0 1
310 0 1
320 0 1
330 0 1
340 0.1 2
350 0.1 3
360 0.7 10
370 0.9 19
380 2.5 44
390 6.5 109
400 9.1 200
410 12.1 321
420 12.1 442
430 15.1 593
440 20 793
450 21.6 1009
460 32.1 1330
470 30.1 1631
480 26.4 1895
490 32.2 2217
500 27.2 2489
510 30.4 2793
520 24.9 3042
530 29.7 3339
540 35.3 3692
550 35.1 4043
560 43.5 4478
570 37 4848
580 23.5 5083
590 14.3 5226
600 5.5 5281
610 3.4 5315
620 2.4 5339
630 0.2 5341
640 0.2 5343
650 0.1 5344
660 0 5344
670 0 5344
680 0 5344
690 0 5344
700 0 5344
710 0 5344
719 0 5344
