330 0.4 4
340 4.8 52
350 7.5 127
360 13.4 261
370 76.8 1029
380 90.1 1930
390 114 3070
400 163.2 4702
410 125.8 5960
420 206.3 8023
430 186.1 9884
440 208.7 11971
450 256.7 14538
460 231.5 16853
470 251.3 19366
480 274.4 22110
490 231.4 24424
500 265.8 27082
510 317.5 30257
520 365.3 33910
530 346.4 37374
540 272.7 40101
550 190.9 42010
560 23.6 42246
570 0.9 42255
580 0 42255
590 0 42255
600 0 42255
610 0 42255
620 0 42255
630 0 42255
640 0 42255
650 0 42255
660 0 42255
670 0 42255
680 0 42255
690 0 42255
700 0 42255
710 0 42255
719 0 42255
