0 0.5 29.18544921875 54.10833343014506 137.402099609375 2.092041015625 0 0
10 0.6 2.1007893880208335 0.07801180162090554 137.402099609375 1.98583984375 29.18544921875 5
20 0.7 2.1566336495535716 0.07657645597607533 137.402099609375 1.98583984375 14.411998401988637 11
30 1.5 2.2728678385416665 0.47598028141962617 137.402099609375 1.94287109375 9.64602322048611 18
40 1.1 2.1515447443181817 0.10639241363539467 137.402099609375 1.94287109375 6.294588955965909 33
50 1.1 2.032870205965909 0.05596823905316133 137.402099609375 1.887939453125 5.2588279030539775 44
60 1.2 4.331278483072917 7.312705938761135 137.402099609375 1.887939453125 4.613636363636363 55
70 1.3 2.0386117788461537 0.14808024441769838 137.402099609375 1.818115234375 4.563064802938433 67
80 1.1 2.182151100852273 0.23587233970590843 137.402099609375 1.818115234375 4.152841186523437 80
90 1.5 2.049267578125 0.09417636978885553 137.402099609375 1.818115234375 3.9146259014423075 91
100 1.6 2.220245361328125 0.6670645504203524 137.402099609375 1.818115234375 3.6506601009728774 106
110 1.1 2.470858487215909 1.2070226005059215 137.402099609375 1.818115234375 3.4630647252817623 122
120 1.2 4.049031575520833 7.430498943838609 137.402099609375 1.193115234375 3.3810025552161656 133
130 1.9 1.8475149054276316 0.7844090061242766 137.402099609375 1.193115234375 3.4362877155172415 145
140 2.1 1.7076590401785714 0.3702068587574812 137.402099609375 1.193115234375 3.2522225728849086 164
150 1.4 2.1732700892857144 1.1711755042870071 137.402099609375 1.193115234375 3.0768937394425677 185
160 2.2 2.0589599609375004 1.758382330731501 137.402099609375 1.193115234375 3.013322226366206 199
170 0.9 1.6732042100694444 0.401916130349888 137.402099609375 1.10400390625 2.918317837952489 221
180 2.9 3.667834051724138 10.438453354813259 137.402099609375 1.10400390625 2.869596000339674 230
190 3.2 2.3539199829101563 2.1282201804231913 137.402099609375 1.10400390625 2.958974006093147 259
200 3.2 1.7724609375 0.6692796331166048 137.402099609375 1.10400390625 2.8924388557774914 291
210 3.1 2.035762663810484 0.8645664168062576 137.402099609375 1.10400390625 2.7814812911184212 323
220 4.6 2.0260434358016313 1.1491359899002875 137.402099609375 1.03515625 2.7161782474841103 354
230 4.6 1.9976700492527184 1.5046948327869412 137.402099609375 1.03515625 2.636812744140625 400
240 6.2 3.036829794606855 3.780609616356364 137.402099609375 1.03515625 2.5708921971342487 446
250 6 3.527001953124999 4.765362818275493 137.402099609375 1.03515625 2.6277585968257875 508
260 7.1 1.7946330325704225 0.6186502761216613 137.402099609375 1.003173828125 2.722749092209507 568
270 5.9 2.1302014367055073 1.9142350333190254 137.402099609375 1.003173828125 2.619625085582942 639
280 4.8 1.8145904541015625 0.7860241736401785 137.402099609375 1.003173828125 2.5782554648325573 698
290 5.6 1.8616463797433036 0.7717306505141983 137.402099609375 1.003173828125 2.529118842158177 746
300 8.4 1.9464198521205358 1.3602976757577032 137.402099609375 0.9599609375 2.4825122861790834 802
310 10.8 1.9149418583622686 1.0146585011579627 137.402099609375 0.9599609375 2.4316863669229685 886
320 10.6 2.0447583468455197 1.538651991252123 137.402099609375 0.9599609375 2.375541088326836 994
330 11.3 1.8997727115597343 0.9179048545467183 137.402099609375 0.9599609375 2.3436656605113635 1100
340 11.1 1.9017894847972974 1.1793954629881491 137.402099609375 0.9599609375 2.302313720501855 1213
350 9.4 2.046308801529255 1.4704932415128755 137.402099609375 0.9599609375 2.268735027025113 1324
360 11.7 1.9052233573717947 2.1199116015419355 137.402099609375 0.9599609375 2.253990270186883 1418
370 14.4 1.9797210693359366 1.2396363683845826 137.402099609375 0.942138671875 2.227406733509772 1535
380 14.7 1.918362364477041 1.1137437563593768 137.402099609375 0.942138671875 2.2061638891732427 1679
390 16.4 2.833542242282775 3.4924651643045346 137.402099609375 0.942138671875 2.182994763143483 1826
400 16.2 1.8425745081018523 0.8739254929697441 137.402099609375 0.942138671875 2.236607721223304 1990
410 16.2 1.9072898582175926 1.0535151532867189 137.402099609375 0.942138671875 2.206945369677916 2152
420 18.9 1.9515581080522486 1.4022821317056784 137.402099609375 0.942138671875 2.185966893940417 2314
430 19.7 1.9776109414657361 1.0395856436873872 137.402099609375 0.942138671875 2.168266829804235 2503
440 21.1 2.0379320479117284 1.4118395450434347 137.402099609375 0.942138671875 2.1543560112847224 2700
450 20.2 2.341586575649753 2.795914235178617 137.402099609375 0.942138671875 2.1459171736785043 2911
460 19.7 2.101726086611676 2.0964762170208697 137.402099609375 0.942138671875 2.158613999633593 3113
470 21 2.0869756789434533 1.4875889505799467 137.402099609375 0.942138671875 2.155228223541352 3310
480 19.1 2.1729218647742146 2.112354005563877 137.402099609375 0.942138671875 2.1511563387784087 3520
490 24.9 2.1190210058985945 1.8276124928062045 137.402099609375 0.942138671875 2.152276580078651 3711
500 21.5 1.9755155341569766 1.2801518395471956 137.402099609375 0.942138671875 2.1501855098839964 3960
510 27.2 2.340691061580884 2.497482882641405 137.402099609375 0.942138671875 2.1411905290980537 4175
520 23.6 1.8563035867981992 1.042483271991692 137.402099609375 0.942138671875 2.1533929452966887 4447
530 25.8 2.013677552688952 1.298966333607838 137.402099609375 0.942138671875 2.1384211134355646 4683
540 7.4 2.426183752111487 3.3550189505492463 137.402099609375 0.942138671875 2.131907484884133 4941
550 0 0 0 137.402099609375 0.942138671875 2.1362497468531902 5015
560 0 0 0 137.402099609375 0.942138671875 2.1362497468531902 5015
570 0 0 0 137.402099609375 0.942138671875 2.1362497468531902 5015
580 0 0 0 137.402099609375 0.942138671875 2.1362497468531902 5015
590 0 0 0 137.402099609375 0.942138671875 2.1362497468531902 5015
600 0 0 0 137.402099609375 0.942138671875 2.1362497468531902 5015
610 0 0 0 137.402099609375 0.942138671875 2.1362497468531902 5015
620 0 0 0 137.402099609375 0.942138671875 2.1362497468531902 5015
630 0 0 0 137.402099609375 0.942138671875 2.1362497468531902 5015
640 0 0 0 137.402099609375 0.942138671875 2.1362497468531902 5015
650 0 0 0 137.402099609375 0.942138671875 2.1362497468531902 5015
660 0 0 0 137.402099609375 0.942138671875 2.1362497468531902 5015
670 0 0 0 137.402099609375 0.942138671875 2.1362497468531902 5015
680 0 0 0 137.402099609375 0.942138671875 2.1362497468531902 5015
690 0 0 0 137.402099609375 0.942138671875 2.1362497468531902 5015
700 0 0 0 137.402099609375 0.942138671875 2.1362497468531902 5015
710 0 0 0 137.402099609375 0.942138671875 2.1362497468531902 5015
719 0 0 0 137.402099609375 0.942138671875 2.1362497468531902 5015
