0 5 5
10 11 6
20 17 6
30 31 14
40 39 8
50 48 9
60 58 10
70 66 8
80 69 3
90 76 7
100 80 4
110 81 1
120 83 2
130 90 7
140 99 9
150 98 -1
160 103 5
170 99 -4
180 114 15
190 132 18
200 154 22
210 165 11
220 185 20
230 213 28
240 252 39
250 283 31
260 318 35
270 332 14
280 346 14
290 371 25
300 421 50
310 496 75
320 554 58
330 623 69
340 678 55
350 711 33
360 760 49
370 838 78
380 898 60
390 978 80
400 1041 63
410 1102 61
420 1167 65
430 1230 63
440 1302 72
450 1356 54
460 1407 51
470 1445 38
480 1416 -29
490 1476 60
500 1507 31
510 1590 83
520 1597 7
530 1632 35
540 1504 -128
550 1297 -207
560 1129 -168
570 935 -194
580 771 -164
590 633 -138
600 483 -150
610 378 -105
620 258 -120
630 173 -85
640 103 -70
650 71 -32
660 41 -30
670 21 -20
680 6 -15
690 4 -2
700 3 -1
710 2 -1
719 0 -2
