0 0.1 4.408545495661477 0 4.408545495661477 4.408545495661477 0 0
10 0.1 2.167487684729064 0.0 4.408545495661477 2.167487684729064 4.408545495661477 1
20 0.1 2.2526934378060726 0.0 4.408545495661477 2.167487684729064 3.2880165901952707 2
30 0.1 1.4866204162537164 0.0 4.408545495661477 1.4866204162537164 2.9429088727322044 3
40 0.1 2.75049115913556 0.0 4.408545495661477 1.4866204162537164 2.5788367586125824 4
50 0.1 2.8656126482213438 0.0 4.408545495661477 1.4866204162537164 2.613167638717178 5
60 0.1 2.9644268774703555 0.0 4.408545495661477 1.4866204162537164 2.6552418069678723 6
70 0.1 2.982107355864811 0.0 4.408545495661477 1.4866204162537164 2.6994111027539414 7
80 0.1 3.0784508440913605 0.0 4.408545495661477 1.4866204162537164 2.7347481343928 8
90 0.1 4.043392504930966 0.0 4.408545495661477 1.4866204162537164 2.7729373243593067 9
100 0.1 4.935834155972359 0.0 4.935834155972359 1.4866204162537164 2.899982842416473 10
110 0.1 3.937007874015748 0.0 4.935834155972359 1.4866204162537164 3.0850602345579174 11
120 0.1 4.043392504930966 0.0 4.935834155972359 1.4866204162537164 3.156055871179403 12
130 0.1 4.146100691016782 0.0 4.935834155972359 1.4866204162537164 3.2243125353141386 13
140 0.1 5.004906771344456 0.0 5.004906771344456 1.4866204162537164 3.290154546435756 14
150 0.1 5.669599217986314 0.0 5.669599217986314 1.4866204162537164 3.4044713614296698 15
160 0.1 5.992141453831041 0.0 5.992141453831041 1.4866204162537164 3.54604185246446 16
170 0.1 5.185909980430528 0.0 5.992141453831041 1.4866204162537164 3.689930064309553 17
180 0.1 5.50098231827112 0.0 5.992141453831041 1.4866204162537164 3.7730400596496074 18
190 0.1 5.33596837944664 0.0 5.992141453831041 1.4866204162537164 3.86398438905074 19
200 0.1 6.575073601570167 0.0 6.575073601570167 1.4866204162537164 3.937583588570535 20
210 0.1 7.254901960784315 0.0 7.254901960784315 1.4866204162537164 4.063178351094327 21
220 0.1 8.69980879541109 0.0 8.69980879541109 1.4866204162537164 4.208256696989326 22
230 0.1 10.068426197458455 0.0 10.068426197458455 1.4866204162537164 4.403541570833751 23
240 0.1 10.37827352085354 0.0 10.37827352085354 1.4866204162537164 4.639578430276447 24
250 0.1 12.280701754385964 0.0 12.280701754385964 1.4866204162537164 4.8691262338995305 25
260 0.1 13.596914175506269 0.0 13.596914175506269 1.4866204162537164 5.154186830841317 26
270 0.1 14.559386973180077 0.0 14.559386973180077 1.4866204162537164 5.466880436199278 27
280 0.1 15.10164569215876 0.0 15.10164569215876 1.4866204162537164 5.791612812520021 28
290 0.1 15.421002838221382 0.0 15.421002838221382 1.4866204162537164 6.112648429059288 29
300 0.1 15.234375 0.0 15.421002838221382 1.4866204162537164 6.422926909364691 30
310 0.1 17.234664070107108 0.0 17.234664070107108 1.4866204162537164 6.7071671703529265 31
320 0.1 19.848053181386515 0.0 19.848053181386515 1.4866204162537164 7.036151448470244 32
330 0.1 19.46564885496183 0.0 19.848053181386515 1.4866204162537164 7.424390894922253 33
340 0.1 19.533527696793 0.0 19.848053181386515 1.4866204162537164 7.778545540805769 34
350 0.1 21.78502879078695 0.0 21.78502879078695 1.4866204162537164 8.114402173833975 35
360 0.1 23.084200567644274 0.0 23.084200567644274 1.4866204162537164 8.49414180208267 36
370 0.1 24.78551000953289 0.0 24.78551000953289 1.4866204162537164 8.888467714665415 37
380 0.1 24.613899613899616 0.0 24.78551000953289 1.4866204162537164 9.306810932951402 38
390 0.1 28.13397129186603 0.0 28.13397129186603 1.4866204162537164 9.699300386309048 39
400 0.1 28.031037827352083 0.0 28.13397129186603 1.4866204162537164 10.160167158947973 40
410 0.1 30.977734753146173 0.0 30.977734753146173 1.4866204162537164 10.596042053299291 41
420 0.1 30.16022620169651 0.0 30.977734753146173 1.4866204162537164 11.081320450914694 42
430 0.1 32.93135435992579 0.0 32.93135435992579 1.4866204162537164 11.525015933491016 43
440 0.1 32.53358925143954 0.0 32.93135435992579 1.4866204162537164 12.011523625000898 44
450 0.1 33.70681605975724 0.0 33.70681605975724 1.4866204162537164 12.467569527810646 45
460 0.1 34.372049102927285 0.0 34.372049102927285 1.4866204162537164 12.929292278505136 46
470 0.1 35.586854460093896 0.0 35.586854460093896 1.4866204162537164 13.385521147109863 47
480 0.1 35.63218390804598 0.0 35.63218390804598 1.4866204162537164 13.848048924463697 48
490 0.1 36.49025069637883 0.0 36.49025069637883 1.4866204162537164 14.29262310780211 49
500 0.1 35.70759137769447 0.0 36.49025069637883 1.4866204162537164 14.736575659573644 50
510 0.1 37.81990521327015 0.0 37.81990521327015 1.4866204162537164 15.147772046203464 51
520 0.1 38.76040703052729 0.0 38.76040703052729 1.4866204162537164 15.583774607108593 52
530 0.1 38.353601496725915 0.0 38.76040703052729 1.4866204162537164 16.021069558493853 53
540 0.1 38.19702602230483 0.0 38.76040703052729 1.4866204162537164 16.434634964757407 54
550 0.1 32.863849765258216 0.0 38.76040703052729 1.4866204162537164 16.83031480216736 55
560 0.1 29.35606060606061 0.0 38.76040703052729 1.4866204162537164 17.11662792650827 56
570 0.1 30.340264650283554 0.0 38.76040703052729 1.4866204162537164 17.33135481562322 57
580 0.1 27.1523178807947 0.0 38.76040703052729 1.4866204162537164 17.555646364496674 58
590 0.1 23.66412213740458 0.0 38.76040703052729 1.4866204162537164 17.718301813925454 59
600 0.1 22.519083969465647 0.0 38.76040703052729 1.4866204162537164 17.81739881931677 60
620 0.1 16.71525753158406 0.0 38.76040703052729 1.4866204162537164 17.894475625056913 61
630 0.1 12.941176470588237 0.0 38.76040703052729 1.4866204162537164 17.875455978387997 62
640 0.1 9.815354713313896 0.0 38.76040703052729 1.4866204162537164 17.797134081438795 63
650 0.1 7.02439024390244 0.0 38.76040703052729 1.4866204162537164 17.672418778811842 64
660 0.1 4.715127701375246 0.0 38.76040703052729 1.4866204162537164 17.50860295519785 65
670 0.1 3.251231527093596 0.0 38.76040703052729 1.4866204162537164 17.31476242104902 66
680 0.1 2.665350444225074 0.0 38.76040703052729 1.4866204162537164 17.10485897487058 67
690 0.1 0.9910802775024776 0.0 38.76040703052729 0.9910802775024776 16.892513261184618 68
700 0.1 0.8893280632411068 0.0 38.76040703052729 0.8893280632411068 16.66205771069647 69
710 0.1 0.9861932938856016 0.0 38.76040703052729 0.8893280632411068 16.436733001447106 70
719 0.1 1.085883514313919 0.0 38.76040703052729 0.8893280632411068 16.219119766129342 71
