0 0 0
10 0 0
20 0.1 1
30 0.1 2
40 0.2 4
50 0.3 7
60 0.1 8
70 0.6 14
80 0.7 21
90 0.9 30
100 1.1 41
110 1.1 52
120 0.9 61
130 1.3 74
140 1.3 87
150 1.4 101
160 1.7 118
170 1.3 131
180 1.4 145
190 1.4 159
200 0.9 168
210 2.2 190
220 2.5 215
230 1.7 232
240 2.1 253
250 2.6 279
260 3.7 316
270 4.9 365
280 3.5 400
290 3.1 431
300 3.2 463
310 3.3 496
320 4.6 542
330 4.8 590
340 5.1 641
350 6.4 705
360 6.9 774
370 6.3 837
380 8.6 923
390 8.8 1011
400 9.3 1104
410 10.4 1208
420 11.8 1326
430 14 1466
440 13.9 1605
450 14.9 1754
460 14.3 1897
470 18.2 2079
480 21.3 2292
490 18.7 2479
500 18.5 2664
510 19.1 2855
520 22.1 3076
530 22.4 3300
540 20 3500
550 21.2 3712
560 17.2 3884
570 18.9 4073
580 16.9 4242
590 14 4382
600 15 4532
610 10.6 4638
620 11.9 4757
630 8.8 4845
640 7 4915
650 3 4945
660 2.9 4974
670 2.1 4995
680 1.4 5009
690 0.2 5011
700 0.1 5012
710 0.1 5013
719 0.2 5015
