0 0.1 3157.1484375 0 3157.1484375 3157.1484375 0 0
10 0.1 3157.95703125 0.0 3157.95703125 3157.1484375 3157.1484375 1
20 0.1 3156.8125 0.0 3157.95703125 3156.8125 3157.552734375 2
30 0.1 3151.98828125 0.0 3157.95703125 3151.98828125 3157.3059895833335 3
40 0.1 3149.9375 0.0 3157.95703125 3149.9375 3155.9765625 4
50 0.1 3147.765625 0.0 3157.95703125 3147.765625 3154.76875 5
60 0.1 3144.2578125 0.0 3157.95703125 3144.2578125 3153.6015625 6
70 0.1 3141.28125 0.0 3157.95703125 3141.28125 3152.2667410714284 7
80 0.1 3140.47265625 0.0 3157.95703125 3140.47265625 3150.8935546875 8
90 0.1 3136.24609375 0.0 3157.95703125 3136.24609375 3149.7356770833335 9
100 0.1 3134.00390625 0.0 3157.95703125 3134.00390625 3148.38671875 10
110 0.1 3134.3828125 0.0 3157.95703125 3134.00390625 3147.079190340909 11
120 0.1 3134.67578125 0.0 3157.95703125 3134.00390625 3146.0211588541665 12
130 0.1 3134.0859375 0.0 3157.95703125 3134.00390625 3145.1484375 13
140 0.1 3133.875 0.0 3157.95703125 3133.875 3144.3582589285716 14
150 0.1 3132.30078125 0.0 3157.95703125 3132.30078125 3143.659375 15
160 0.1 3130.76171875 0.0 3157.95703125 3130.76171875 3142.949462890625 16
170 0.1 3130.01171875 0.0 3157.95703125 3130.01171875 3142.232536764706 17
180 0.1 3129.1953125 0.0 3157.95703125 3129.1953125 3141.5536024305557 18
190 0.1 3127.015625 0.0 3157.95703125 3127.015625 3140.9031661184213 19
200 0.1 3122.76171875 0.0 3157.95703125 3122.76171875 3140.2087890625003 20
210 0.1 3116.24609375 0.0 3157.95703125 3116.24609375 3139.377976190476 21
220 0.1 3111.30078125 0.0 3157.95703125 3111.30078125 3138.3265269886365 22
230 0.1 3106.6875 0.0 3157.95703125 3106.6875 3137.1514945652175 23
240 0.1 3098.0859375 0.0 3157.95703125 3098.0859375 3135.8821614583335 24
250 0.1 3085.91796875 0.0 3157.95703125 3085.91796875 3134.3703125 25
260 0.1 3077.81640625 0.0 3157.95703125 3077.81640625 3132.5067608173076 26
270 0.1 3069.5390625 0.0 3157.95703125 3069.5390625 3130.4811921296296 27
280 0.1 3069.2421875 0.0 3157.95703125 3069.2421875 3128.3046875 28
290 0.1 3064.05078125 0.0 3157.95703125 3064.05078125 3126.2680495689656 29
300 0.1 3060.8125 0.0 3157.95703125 3060.8125 3124.194140625 30
310 0.1 3050.0859375 0.0 3157.95703125 3050.0859375 3122.1495715725805 31
320 0.1 3031.8515625 0.0 3157.95703125 3031.8515625 3119.8975830078125 32
330 0.1 3018.02734375 0.0 3157.95703125 3018.02734375 3117.229521780303 33
340 0.1 3003.4921875 0.0 3157.95703125 3003.4921875 3114.311810661765 34
350 0.1 2993.82421875 0.0 3157.95703125 2993.82421875 3111.145535714286 35
360 0.1 2977.44921875 0.0 3157.95703125 2977.44921875 3107.8866102430557 36
370 0.1 2970.21875 0.0 3157.95703125 2970.21875 3104.361275337838 37
380 0.1 2954.74609375 0.0 3157.95703125 2954.74609375 3100.8312088815787 38
390 0.1 2939.51953125 0.0 3157.95703125 2939.51953125 3097.085436698718 39
400 0.1 2937.703125 0.0 3157.95703125 2937.703125 3093.1462890625 40
410 0.1 2936.95703125 0.0 3157.95703125 2936.95703125 3089.354992378049 41
420 0.1 2926.3203125 0.0 3157.95703125 2926.3203125 3085.7264694940477 42
430 0.1 2920.828125 0.0 3157.95703125 2920.828125 3082.0193495639537 43
440 0.1 2917.70703125 0.0 3157.95703125 2917.70703125 3078.3559126420455 44
450 0.1 2905.4609375 0.0 3157.95703125 2905.4609375 3074.7859375 45
460 0.1 2899.20703125 0.0 3157.95703125 2899.20703125 3071.1049592391305 46
470 0.1 2888.15234375 0.0 3157.95703125 2888.15234375 3067.4475565159573 47
480 0.1 2886.98828125 0.0 3157.95703125 2886.98828125 3063.7122395833335 48
490 0.1 2885.95703125 0.0 3157.95703125 2885.95703125 3060.1056281887754 49
500 0.1 2885.49609375 0.0 3157.95703125 2885.49609375 3056.62265625 50
510 0.1 2885.2109375 0.0 3157.95703125 2885.2109375 3053.2672334558824 51
520 0.1 2884.0078125 0.0 3157.95703125 2884.0078125 3050.035381610577 52
530 0.1 2883.73828125 0.0 3157.95703125 2883.73828125 3046.9027859669814 53
540 0.1 2882.71484375 0.0 3157.95703125 2882.71484375 3043.881221064815 54
550 0.1 2882.9921875 0.0 3157.95703125 2882.71484375 3040.9509232954547 55
560 0.1 2883.5859375 0.0 3157.95703125 2882.71484375 3038.1302315848216 56
570 0.1 2884.2890625 0.0 3157.95703125 2882.71484375 3035.4189281798244 57
580 0.1 2884.33203125 0.0 3157.95703125 2882.71484375 3032.813240840517 58
590 0.1 2885.0390625 0.0 3157.95703125 2882.71484375 3030.2966101694915 59
600 0.1 2885.5078125 0.0 3157.95703125 2882.71484375 3027.8756510416665 60
620 0.1 2895.91796875 0.0 3157.95703125 2882.71484375 3025.54175204918 61
630 0.1 2900.828125 0.0 3157.95703125 2882.71484375 3023.4510458669356 62
640 0.1 2914.66015625 0.0 3157.95703125 2882.71484375 3021.5046502976193 63
650 0.1 2915.390625 0.0 3157.95703125 2882.71484375 3019.835205078125 64
660 0.1 2916.30859375 0.0 3157.95703125 2882.71484375 3018.2283653846152 65
670 0.1 2946.94140625 0.0 3157.95703125 2882.71484375 3016.6841264204545 66
680 0.1 2976.71484375 0.0 3157.95703125 2882.71484375 3015.6431902985073 67
690 0.1 2998.1953125 0.0 3157.95703125 2882.71484375 3015.0707146139707 68
700 0.1 3005.0546875 0.0 3157.95703125 2882.71484375 3014.8261435688405 69
710 0.1 3015.29296875 0.0 3157.95703125 2882.71484375 3014.686551339286 70
719 0.1 3015.4453125 0.0 3157.95703125 2882.71484375 3014.6950924295775 71
