0 0.1 0.01953125 0 0.01953125 0.01953125 0 0
10 0.1 0.01953125 0.0 0.01953125 0.01953125 0.01953125 1
20 0.1 0.01171875 0.0 0.01953125 0.01171875 0.01953125 2
30 0.1 0.01171875 0.0 0.01953125 0.01171875 0.016927083333333332 3
40 0.1 0.01171875 0.0 0.01953125 0.01171875 0.015625 4
50 0.1 0.01171875 0.0 0.01953125 0.01171875 0.01484375 5
60 0.1 0.01171875 0.0 0.01953125 0.01171875 0.014322916666666666 6
70 0.1 0.01171875 0.0 0.01953125 0.01171875 0.013950892857142858 7
80 0.1 0.0 0.0 0.01953125 0.0 0.013671875 8
90 0.1 0.0 0.0 0.01953125 0.0 0.012152777777777778 9
100 0.1 0.0 0.0 0.01953125 0.0 0.0109375 10
110 0.1 0.0 0.0 0.01953125 0.0 0.009943181818181818 11
120 0.1 0.0 0.0 0.01953125 0.0 0.009114583333333334 12
130 0.1 0.0 0.0 0.01953125 0.0 0.008413461538461538 13
140 0.1 0.078125 0.0 0.078125 0.0 0.0078125 14
150 0.1 0.0703125 0.0 0.078125 0.0 0.0125 15
160 0.1 0.12890625 0.0 0.12890625 0.0 0.01611328125 16
170 0.1 0.109375 0.0 0.12890625 0.0 0.02274816176470588 17
180 0.1 0.1015625 0.0 0.12890625 0.0 0.027560763888888888 18
190 0.1 0.078125 0.0 0.12890625 0.0 0.03145559210526316 19
200 0.1 0.0703125 0.0 0.12890625 0.0 0.0337890625 20
210 0.1 0.05859375 0.0 0.12890625 0.0 0.03552827380952381 21
220 0.1 0.1796875 0.0 0.1796875 0.0 0.036576704545454544 22
230 0.1 0.1484375 0.0 0.1796875 0.0 0.042798913043478264 23
240 0.1 0.2109375 0.0 0.2109375 0.0 0.047200520833333336 24
250 0.1 0.1796875 0.0 0.2109375 0.0 0.05375 25
260 0.1 0.23046875 0.0 0.23046875 0.0 0.05859375 26
270 0.1 0.26953125 0.0 0.26953125 0.0 0.06495949074074074 27
280 0.1 0.30078125 0.0 0.30078125 0.0 0.072265625 28
290 0.1 0.328125 0.0 0.328125 0.0 0.08014547413793104 29
300 0.1 0.28125 0.0 0.328125 0.0 0.08841145833333333 30
310 0.1 0.30859375 0.0 0.328125 0.0 0.0946320564516129 31
320 0.1 0.3515625 0.0 0.3515625 0.0 0.101318359375 32
330 0.1 0.2890625 0.0 0.3515625 0.0 0.10890151515151515 33
340 0.1 0.25 0.0 0.3515625 0.0 0.11420036764705882 34
350 0.1 0.2109375 0.0 0.3515625 0.0 0.11808035714285714 35
360 0.1 0.328125 0.0 0.3515625 0.0 0.12065972222222222 36
370 0.1 0.3515625 0.0 0.3515625 0.0 0.12626689189189189 37
380 0.1 0.30078125 0.0 0.3515625 0.0 0.13219572368421054 38
390 0.1 0.328125 0.0 0.3515625 0.0 0.1365184294871795 39
400 0.1 0.28125 0.0 0.3515625 0.0 0.14130859375 40
410 0.1 0.30859375 0.0 0.3515625 0.0 0.1447217987804878 41
420 0.1 0.26953125 0.0 0.3515625 0.0 0.14862351190476192 42
430 0.1 0.30078125 0.0 0.3515625 0.0 0.15143531976744187 43
440 0.1 0.41015625 0.0 0.41015625 0.0 0.15482954545454547 44
450 0.1 0.421875 0.0 0.421875 0.0 0.16050347222222225 45
460 0.1 0.4296875 0.0 0.4296875 0.0 0.16618546195652176 46
470 0.1 0.37109375 0.0 0.4296875 0.0 0.17179188829787234 47
480 0.1 0.30859375 0.0 0.4296875 0.0 0.17594401041666666 48
490 0.1 0.33984375 0.0 0.4296875 0.0 0.1786511479591837 49
500 0.1 0.28125 0.0 0.4296875 0.0 0.181875 50
510 0.1 0.390625 0.0 0.4296875 0.0 0.18382352941176472 51
520 0.1 0.46875 0.0 0.46875 0.0 0.18780048076923078 52
530 0.1 0.46875 0.0 0.46875 0.0 0.19310141509433962 53
540 0.1 0.48046875 0.0 0.48046875 0.0 0.19820601851851852 54
550 0.1 0.48046875 0.0 0.48046875 0.0 0.20333806818181818 55
560 0.1 0.41015625 0.0 0.48046875 0.0 0.20828683035714285 56
570 0.1 0.4296875 0.0 0.48046875 0.0 0.21182839912280702 57
580 0.1 0.4296875 0.0 0.48046875 0.0 0.21558459051724138 58
590 0.1 0.44921875 0.0 0.48046875 0.0 0.2192134533898305 59
600 0.1 0.44921875 0.0 0.48046875 0.0 0.223046875 60
620 0.1 0.37890625 0.0 0.48046875 0.0 0.2267546106557377 61
630 0.1 0.3203125 0.0 0.48046875 0.0 0.22920866935483872 62
640 0.1 0.26953125 0.0 0.48046875 0.0 0.23065476190476192 63
650 0.1 0.23046875 0.0 0.48046875 0.0 0.23126220703125 64
660 0.1 0.19921875 0.0 0.48046875 0.0 0.23125 65
670 0.1 0.171875 0.0 0.48046875 0.0 0.23076467803030304 66
680 0.1 0.140625 0.0 0.48046875 0.0 0.2298857276119403 67
690 0.1 0.12109375 0.0 0.48046875 0.0 0.22857306985294118 68
700 0.1 0.1015625 0.0 0.48046875 0.0 0.22701539855072464 69
710 0.1 0.08984375 0.0 0.48046875 0.0 0.2252232142857143 70
719 0.1 0.0703125 0.0 0.48046875 0.0 0.22331646126760563 71
