20 0.4 4
30 0.4 8
40 1 18
50 0.5 23
60 0.9 32
70 0.6 38
80 1.2 50
90 1.5 65
100 1.2 77
110 1.2 89
120 1.5 104
130 1.2 116
140 1.1 127
150 1.2 139
160 1.5 154
170 1.5 169
180 1.6 185
190 1 195
200 1.4 209
210 3.5 244
220 2.6 270
230 2.8 298
240 3.5 333
250 4.1 374
260 6.1 435
270 5.7 492
280 5.4 546
290 5.7 603
300 4.6 649
310 7.4 723
320 7.4 797
330 8.2 879
340 8.1 960
350 8.3 1043
360 11.9 1162
370 9.6 1258
380 14.4 1402
390 12.8 1530
400 15.7 1687
410 16.1 1848
420 19.6 2044
430 17.9 2223
440 20.9 2432
450 22.7 2659
460 23.7 2896
470 26.2 3158
480 27.5 3433
490 29.5 3728
500 24.6 3974
510 31.9 4293
520 32.8 4621
530 32.8 4949
540 31.9 5268
550 32.7 5595
560 24.1 5836
570 25 6086
580 17.1 6257
590 13.1 6388
600 10.5 6493
610 6.7 6560
620 6.4 6624
630 3.3 6657
640 2.5 6682
650 0.9 6691
660 0.7 6698
670 0.1 6699
680 0 6699
690 0 6699
700 0 6699
710 0 6699
719 0 6699
