0 1.7 88.3836310891544 106.38686893685386 402.791015625 10.31201171875 0 0
10 2.8 75.4908447265625 93.97268047864452 513.5458984375 8.97509765625 88.3836310891544 17
20 9.5 48.882486122532896 39.0020095244031 513.5458984375 1.5478515625 80.3614529079861 45
30 15.3 41.59700361264296 52.70689967102188 513.5458984375 1.5478515625 59.00072544642857 140
40 21.2 47.35571289062499 78.55318585815563 793.469970703125 1.486083984375 49.912775137318675 293
50 28.6 30.91758034446024 31.628343054479323 793.469970703125 1.486083984375 48.839315342667064 505
60 31.4 30.462481650577224 31.144743957919218 793.469970703125 1.486083984375 42.3593959880689 791
70 39.6 33.388756337791975 85.16332470950552 1591.1591796875 1.486083984375 38.97873435732466 1105
80 45 31.283812934027754 34.230893776859915 1591.1591796875 1.486083984375 37.50396334084569 1501
90 46.6 41.821589261165485 95.7249821489377 1825.034912109375 1.486083984375 36.069279751369486 1951
100 45.6 29.416894210012334 30.046963629727657 1825.034912109375 1.486083984375 37.178330736708716 2417
110 48.8 28.904300877305328 32.04318379681674 1825.034912109375 1.486083984375 35.94644244705555 2873
120 50.2 35.97246803800426 78.1706442734768 1825.034912109375 1.486083984375 34.92395952946016 3361
130 56.8 31.27922939246808 92.18453111459611 1825.034912109375 1.486083984375 35.06021406512911 3863
140 54.5 29.26448134676032 38.79873850344889 1825.034912109375 0.882080078125 34.57553807910531 4431
150 62.3 25.612638960297943 26.564115892890996 1825.034912109375 0.8330078125 33.99384074809084 4976
160 62.8 25.15264970329915 27.767846919588834 1825.034912109375 0.7490234375 33.06126551790778 5599
170 57.9 22.685514828907586 25.051805934396384 1825.034912109375 0.7490234375 32.26367265913562 6227
180 66.1 23.15381745815998 23.516126881566326 1825.034912109375 0.747802734375 31.448839661236413 6806
190 82.7 25.996748235810912 34.39234301902007 1825.034912109375 0.747802734375 30.71454078936906 7467
200 75.9 27.549983852622685 34.85448954169931 1825.034912109375 0.747802734375 30.24412670186091 8294
210 104.7 33.59261254253227 38.66187457371358 1825.034912109375 0.747802734375 30.01825081292113 9053
220 114.6 26.753460150114538 28.900379175403714 1825.034912109375 0.7119140625 30.388781182317455 10100
230 126.7 28.941056321527242 36.74692536605945 1825.034912109375 0.7119140625 30.018331431036597 11246
240 134.3 34.11537725998221 39.30242671964889 1825.034912109375 0.703125 29.90925226826601 12513
250 156.6 44.397320470895195 64.62774371240698 1876.307861328125 0.703125 30.31693311871887 13856
260 164.2 59.318463157068365 101.51239032595099 2097.010986328125 0.703125 31.74670141034824 15422
270 177.4 48.94941417259724 69.1648161951318 2097.010986328125 0.636962890625 34.39982100646372 17064
280 174.6 33.96200033670696 55.95580554393149 2097.010986328125 0.636962890625 35.7699759208241 18838
290 189.5 34.74542316849432 38.50634912448044 2097.010986328125 0.636962890625 35.616617712027534 20584
300 207 34.966393512228244 39.20221754936272 2097.010986328125 0.636962890625 35.54317522526231 22479
310 242.2 83.62119535765918 115.33891833496217 2291.152099609375 0.636962890625 35.49454032583746 24549
320 244.4 213.70427917380584 226.8600540703047 2783.64794921875 0.636962890625 39.81632144211317 26971
330 244.2 507.85401910255405 347.64946722651047 2936.212890625 0.636962890625 54.26412591929342 29415
340 259 597.0487311285913 288.4197828445177 2936.212890625 0.636962890625 89.0340828880451 31857
350 270.4 594.2187209270404 250.31242688625457 2936.212890625 0.636962890625 127.23067298131926 34447
360 282.5 575.941583586837 339.9029088768638 2936.212890625 0.636962890625 161.2199513761197 37151
370 322.3 622.9245143396797 405.47687378502894 2936.212890625 0.636962890625 190.5272510307944 39976
380 344.6 597.8899034177962 405.4119759267999 2936.212890625 0.636962890625 222.7876362166676 43199
390 357 580.1898119501674 424.5397516204723 2975.615966796875 0.636962890625 250.49912539610997 46645
400 375.4 553.8131511934149 499.9026147372721 3076.570068359375 0.636962890625 273.9382521709379 50215
410 386 538.709539889794 396.46683523093816 3076.570068359375 0.636962890625 293.4059164028188 53969
420 439.8 481.14623479422465 461.6430620552563 3172.828857421875 0.636962890625 309.77956952944595 57829
430 418.6 481.0234060638325 444.0184056231103 3172.828857421875 0.636962890625 321.8912026442433 62227
440 442.2 473.59903010692295 440.95947959272746 3172.828857421875 0.636962890625 331.92127813419864 66413
450 473.1 446.9648547933512 480.70979216369864 3269.237060546875 0.636962890625 340.7657620647892 70835
460 486.9 433.83344700488743 416.67653327734394 3269.237060546875 0.636962890625 347.4146240886998 75566
470 499.5 421.441972147929 420.1651388879715 3269.237060546875 0.636962890625 352.645844935084 80435
480 491.9 426.69661420281966 468.109452978257 3360.06982421875 0.636962890625 356.6682803257917 85430
490 473.5 449.8728644527129 440.24680232512185 3360.06982421875 0.636962890625 360.4809331978888 90349
500 493.2 423.11571488453893 435.47911659306357 3360.06982421875 0.636962890625 364.9324791413871 95084
510 523.1 412.8736764320438 475.68694737512726 3360.06982421875 0.636962890625 367.8016172661394 100016
520 553.9 381.0182882881609 481.74486087548974 3360.06982421875 0.636962890625 370.04179457757675 105247
530 552.4 385.9705609895446 466.81929963793164 3360.06982421875 0.636962890625 370.590589539602 110786
540 502.5 420.04360113495045 439.4229144711958 3360.06982421875 0.636962890625 371.3210423148533 116310
550 438.2 476.10251371243504 446.50473595911683 3360.06982421875 0.636962890625 373.33885134003964 121335
560 377.4 452.6288019694793 218.23412384128613 3360.06982421875 0.636962890625 376.92078829777677 125717
570 387.7 247.44870017944456 163.50242105383995 3360.06982421875 0.636962890625 379.12728947235263 129491
580 356.8 29.969662927191315 48.4797624471654 3360.06982421875 0.636962890625 375.2994005433096 133368
590 322.7 21.166300543993952 16.01619010668721 3360.06982421875 0.636962890625 366.30150003639903 136936
600 288.2 21.960298176857414 16.98386508625502 3360.06982421875 0.636962890625 358.3553852360452 140163
610 237.8 21.389256046638444 16.129236737755825 3360.06982421875 0.636962890625 351.57786319120214 143045
620 189.2 20.23291209182573 15.540677622120343 3360.06982421875 0.636962890625 346.178521217857 145423
630 117.1 20.582748035199636 15.684634513164141 3360.06982421875 0.636962890625 341.9923277381268 147315
640 94.2 20.343759848560254 15.105639488176541 3360.06982421875 0.636962890625 339.4576064995445 148486
650 51.4 19.443585466318087 14.206435891178073 3360.06982421875 0.636962890625 337.4459002360248 149428
660 34.6 42.334002720827336 134.27359327982848 3360.06982421875 0.636962890625 336.35579079509677 149942
670 20.8 19.458869347205518 14.80358987120236 3360.06982421875 0.636962890625 335.67888020560395 150288
680 8.7 17.488730244252874 11.661769518469693 3360.06982421875 0.636962890625 335.2418336245749 150496
690 3.2 22.649139404296875 17.716468536509318 3360.06982421875 0.636962890625 335.05825035160194 150583
700 0.4 14.5582275390625 1.0264998984445968 3360.06982421875 0.636962890625 334.99187521266947 150615
710 1.9 23.341385690789473 17.207233064292186 3360.06982421875 0.636962890625 334.98336543242465 150619
719 1.4 17.960257393973215 4.508608368999328 3360.06982421875 0.636962890625 334.9440579694001 150638
