10 0.1 132 0 132 132 0 0
20 0.1 271.0 0.0 271 132 132.0 1
30 0.1 655.0 0.0 655 132 201.5 2
40 0.1 875.0 0.0 875 132 352.6666666666667 3
50 0.1 1237.0 0.0 1237 132 483.25 4
60 0.1 1288.0 0.0 1288 132 634.0 5
70 0.1 1577.0 0.0 1577 132 743.0 6
80 0.1 1818.0 0.0 1818 132 862.1428571428571 7
90 0.1 1926.0 0.0 1926 132 981.625 8
100 0.1 2361.0 0.0 2361 132 1086.5555555555557 9
110 0.1 2027.0 0.0 2361 132 1214.0 10
120 0.1 2150.0 0.0 2361 132 1287.909090909091 11
130 0.1 2456.0 0.0 2456 132 1359.75 12
140 0.1 2619.0 0.0 2619 132 1444.076923076923 13
150 0.1 2428.0 0.0 2619 132 1528.0 14
160 0.1 2844.0 0.0 2844 132 1588.0 15
170 0.1 2170.0 0.0 2844 132 1666.5 16
180 0.1 2583.0 0.0 2844 132 1696.1176470588234 17
190 0.1 2711.0 0.0 2844 132 1745.388888888889 18
200 0.1 3903.0 0.0 3903 132 1796.2105263157894 19
210 0.1 3772.0 0.0 3903 132 1901.55 20
220 0.1 5155.0 0.0 5155 132 1990.6190476190477 21
230 0.1 5452.0 0.0 5452 132 2134.4545454545455 22
240 0.1 5845.0 0.0 5845 132 2278.695652173913 23
250 0.1 7449.0 0.0 7449 132 2427.2916666666665 24
260 0.1 9142.0 0.0 9142 132 2628.16 25
270 0.1 9622.0 0.0 9622 132 2878.6923076923076 26
280 0.1 8685.0 0.0 9622 132 3128.4444444444443 27
290 0.1 8276.0 0.0 9622 132 3326.8928571428573 28
300 0.1 10206.0 0.0 10206 132 3497.551724137931 29
310 0.1 11201.0 0.0 11201 132 3721.1666666666665 30
320 0.1 13671.0 0.0 13671 132 3962.451612903226 31
330 0.1 14626.0 0.0 14626 132 4265.84375 32
340 0.1 15065.0 0.0 15065 132 4579.787878787879 33
350 0.1 15947.0 0.0 15947 132 4888.176470588235 34
360 0.1 17583.0 0.0 17583 132 5204.142857142857 35
370 0.1 17118.0 0.0 17583 132 5548.0 36
380 0.1 16988.0 0.0 17583 132 5860.7027027027025 37
390 0.1 17470.0 0.0 17583 132 6153.526315789473 38
400 0.1 17024.0 0.0 17583 132 6443.692307692308 39
410 0.1 17417.0 0.0 17583 132 6708.2 40
420 0.1 18735.0 0.0 18735 132 6969.390243902439 41
430 0.1 18596.0 0.0 18735 132 7249.523809523809 42
440 0.1 18602.0 0.0 18735 132 7513.395348837209 43
450 0.1 18964.0 0.0 18964 132 7765.409090909091 44
460 0.1 18803.0 0.0 18964 132 8014.266666666666 45
470 0.1 20064.0 0.0 20064 132 8248.804347826086 46
480 0.1 18813.0 0.0 20064 132 8500.191489361701 47
490 0.1 19384.0 0.0 20064 132 8715.041666666666 48
500 0.1 19591.0 0.0 20064 132 8932.775510204081 49
510 0.1 19383.0 0.0 20064 132 9145.939999999999 50
520 0.1 19481.0 0.0 20064 132 9346.666666666666 51
530 0.1 19562.0 0.0 20064 132 9541.557692307691 52
540 0.1 19277.0 0.0 20064 132 9730.622641509433 53
550 0.1 17701.0 0.0 20064 132 9907.407407407407 54
560 0.1 18305.0 0.0 20064 132 10049.10909090909 55
570 0.1 18206.0 0.0 20064 132 10196.535714285714 56
580 0.1 13447.0 0.0 20064 132 10337.052631578947 57
590 0.1 10915.0 0.0 20064 132 10390.672413793103 58
600 0.1 9774.0 0.0 20064 132 10399.559322033898 59
620 0.1 7805.0 0.0 20064 132 10389.133333333333 60
630 0.1 6177.0 0.0 20064 132 10346.77049180328 61
640 0.1 4112.0 0.0 20064 132 10279.516129032258 62
650 0.1 3104.0 0.0 20064 132 10181.619047619048 63
660 0.1 1665.0 0.0 20064 132 10071.03125 64
670 0.1 1253.0 0.0 20064 132 9941.707692307693 65
680 0.1 623.0 0.0 20064 132 9810.060606060606 66
690 0.1 167.0 0.0 20064 132 9672.940298507463 67
700 0.1 138.0 0.0 20064 132 9533.14705882353 68
710 0.1 5.0 0.0 20064 5 9396.985507246376 69
719 0.1 79.0 0.0 20064 5 9262.814285714287 70
