0 1.9 79.07139185855263 102.74466407780938 402.791015625 10.31201171875 0 0
10 4 52.82032470703125 79.24814247886076 497.972900390625 8.97509765625 79.07139185855263 19
20 11 42.20650523792613 34.86250758273405 497.972900390625 1.5478515625 61.274058196504235 59
30 18 35.34654134114584 46.29736861251506 497.972900390625 1.5478515625 48.86322490985577 169
40 24.4 41.13597932409066 71.61719909933394 779.865966796875 1.486083984375 41.8918694875985 349
50 32.4 27.28441403235917 26.27284789236468 779.865966796875 1.486083984375 41.58084554173693 593
60 34.5 27.719358582427535 26.877117351898946 779.865966796875 1.486083984375 36.52954367800913 917
70 43.6 30.32044296964593 80.19396092177273 1591.1591796875 1.486083984375 34.121054091657584 1262
80 49.2 28.607303278232965 30.194727072642724 1591.1591796875 1.486083984375 33.14516101203621 1698
90 51.6 37.7632285421209 89.85616374993582 1825.034912109375 1.486083984375 32.125697082798226 2190
100 48.3 27.769300756987587 27.448578793666506 1825.034912109375 1.486083984375 33.20070308169346 2706
110 53.9 26.164328835227273 27.394741164574757 1825.034912109375 1.486083984375 32.37807300241063 3189
120 54.5 33.12945411052177 74.26060659181515 1825.034912109375 1.486083984375 31.479680270084497 3728
130 59.9 29.657394485601003 89.23103446963728 1825.034912109375 1.486083984375 31.69010075757299 4273
140 57.4 27.783121461236938 36.706034387787795 1825.034912109375 0.882080078125 31.440184694988584 4872
150 67.1 23.776099033043014 23.381391154114066 1825.034912109375 0.8330078125 31.05473587086566 5446
160 67.3 23.46695358933878 24.908339199335288 1825.034912109375 0.7490234375 30.256310937372284 6117
170 61.7 21.284538973865498 21.979211211927584 1825.034912109375 0.7490234375 29.58337463468796 6790
180 69.1 22.14593815009951 21.32743844530133 1825.034912109375 0.747802734375 28.8920850973952 7407
190 88.9 24.179961849251267 31.075412856544176 1825.034912109375 0.747802734375 28.316438327750678 8098
200 83.9 24.9171597977503 30.52871622203803 1825.034912109375 0.747802734375 27.90725533126843 8987
210 114.5 30.71259488434772 35.10883599404281 1825.034912109375 0.747802734375 27.651943897050874 9826
220 123.2 24.881501036804977 25.638112902585554 1825.034912109375 0.7119140625 27.971371969282654 10971
230 140.1 26.167709622869836 32.2286776677037 1825.034912109375 0.7119140625 27.65942236764269 12203
240 148.4 30.868629476130803 34.83240431628681 1825.034912109375 0.703125 27.505799201263187 13604
250 177.3 39.2703706641286 57.87355783151707 1876.307861328125 0.703125 27.83655477707864 15088
260 184.1 52.834212071606785 93.43663842638166 2097.010986328125 0.703125 29.03886517193894 16861
270 196.8 44.11782018149775 62.08737825094769 2097.010986328125 0.636962890625 31.38124746486422 18702
280 190.5 31.122145797449225 51.46176937108781 2097.010986328125 0.636962890625 32.59390228374834 20670
290 205.8 31.988379712934254 33.526710431348846 2097.010986328125 0.636962890625 32.469707550353 22575
300 227.2 31.852355742118746 33.537343929448966 2097.010986328125 0.636962890625 32.42949431244419 24633
310 268.5 75.86703319585088 96.27016396091001 2291.152099609375 0.636962890625 32.38075768981719 26905
320 271.3 195.6561364336644 201.08701625535755 2783.64794921875 0.636962890625 36.32670732596793 29590
330 274.3 450.27343910208924 259.6880014497806 2936.212890625 0.636962890625 49.70814995263358 32303
340 285.8 543.1069393171288 201.54014187373616 2936.212890625 0.636962890625 81.05981884885445 35046
350 298.6 540.8965750487978 159.2497261138698 2936.212890625 0.636962890625 115.89863982548826 37904
360 312.7 517.7275488999535 243.44327573910033 2936.212890625 0.636962890625 146.9341945962587 40890
370 359.8 560.9076191688529 317.48440075728956 2936.212890625 0.636962890625 173.275626745375 44017
380 385.4 533.597094042412 314.54070159249886 2936.212890625 0.636962890625 202.5668145798741 47615
390 400.6 516.6683748181425 345.78038330768385 2975.615966796875 0.636962890625 227.35437013853308 51469
400 425.2 488.8460723216647 409.6378089712564 3076.570068359375 0.636962890625 248.24651800237294 55475
410 437.8 475.0290620471852 317.31950588559795 3076.570068359375 0.636962890625 265.37494074193177 59727
420 493 429.309539510174 385.45077504869164 3172.828857421875 0.636962890625 279.6931022437554 64105
430 468 429.56789602948083 371.50711035045373 3172.828857421875 0.636962890625 290.3776685611805 69035
440 500.3 417.994962690355 365.02127896808463 3172.828857421875 0.636962890625 299.2145438857636 73715
450 533.6 397.57884767638154 407.03245983764225 3269.237060546875 0.636962890625 306.7637503605136 78718
460 544.1 387.56035065611604 350.6468543216412 3269.237060546875 0.636962890625 312.528965094821 84054
470 558.7 376.3771869092038 356.38057727635965 3269.237060546875 0.636962890625 317.09062517459085 89495
480 553.9 378.38591792114755 397.70889473722417 3360.06982421875 0.636962890625 320.57429211903127 95082
490 535.1 398.1412473738122 366.583790884457 3360.06982421875 0.636962890625 323.75671522472413 100621
500 559.7 374.3543848825263 371.0239342035086 3360.06982421875 0.636962890625 327.51272276945076 105972
510 595.5 361.31119873661805 401.3567443414167 3360.06982421875 0.636962890625 329.86259399574914 111569
520 629.5 336.3313373011188 413.09320701527105 3360.06982421875 0.636962890625 331.456110564551 117524
530 624.9 340.9085416947963 397.71085338470346 3360.06982421875 0.636962890625 331.7039687471135 123819
540 572.3 368.76360532609533 371.68988291754647 3360.06982421875 0.636962890625 332.14619417035414 130068
550 479.7 433.45838158126134 388.36690576824793 3360.06982421875 0.636962890625 333.6894587758457 135791
560 393.4 432.73769932152 180.76098435592917 3360.06982421875 0.636962890625 337.0936719568966 140588
570 391.4 244.71103168813156 158.08954455547897 3360.06982421875 0.636962890625 339.6971759469634 144522
580 357.1 29.944423721471598 48.440858195324076 3360.06982421875 0.636962890625 337.1925559853027 148436
590 322.7 21.166300543993952 16.01619010668721 3360.06982421875 0.636962890625 329.9745786532447 152007
600 288.2 21.960298176857414 16.98386508625502 3360.06982421875 0.636962890625 323.55508090495147 155234
610 237.8 21.389256046638444 16.129236737755825 3360.06982421875 0.636962890625 318.05787528488537 158116
620 189.2 20.23291209182573 15.540677622120343 3360.06982421875 0.636962890625 313.6622095494152 160494
630 117.1 20.582748035199636 15.684634513164141 3360.06982421875 0.636962890625 310.24339123509156 162386
640 94.2 20.343759848560254 15.105639488176541 3360.06982421875 0.636962890625 308.16954167079854 163557
650 51.4 19.443585466318087 14.206435891178073 3360.06982421875 0.636962890625 306.52131349630173 164499
660 34.6 42.334002720827336 134.27359327982848 3360.06982421875 0.636962890625 305.6270933305729 165013
670 20.8 19.458869347205518 14.80358987120236 3360.06982421875 0.636962890625 305.0761743642574 165359
680 8.7 17.488730244252874 11.661769518469693 3360.06982421875 0.636962890625 304.71735648724353 165567
690 3.2 22.649139404296875 17.716468536509318 3360.06982421875 0.636962890625 304.5665065803102 165654
700 0.4 14.5582275390625 1.0264998984445968 3360.06982421875 0.636962890625 304.51205807078236 165686
710 1.9 23.341385690789473 17.207233064292186 3360.06982421875 0.636962890625 304.50505815936873 165690
719 1.4 17.960257393973215 4.508608368999328 3360.06982421875 0.636962890625 304.4728202617476 165709
