10 0.1 108 0 108 108 0 0
20 0.1 202.0 0.0 202 108 108.0 1
30 0.1 417.0 0.0 417 108 155.0 2
40 0.1 644.0 0.0 644 108 242.33333333333334 3
50 0.1 856.0 0.0 856 108 342.75 4
60 0.1 995.0 0.0 995 108 445.4 5
70 0.1 1160.0 0.0 1160 108 537.0 6
80 0.1 1404.0 0.0 1404 108 626.0 7
90 0.1 1441.0 0.0 1441 108 723.25 8
100 0.1 1734.0 0.0 1734 108 803.0 9
110 0.1 1524.0 0.0 1734 108 896.1 10
120 0.1 1637.0 0.0 1734 108 953.1818181818181 11
130 0.1 1785.0 0.0 1785 108 1010.1666666666666 12
140 0.1 2007.0 0.0 2007 108 1069.7692307692307 13
150 0.1 1918.0 0.0 2007 108 1136.7142857142858 14
160 0.1 2190.0 0.0 2190 108 1188.8 15
170 0.1 1779.0 0.0 2190 108 1251.375 16
180 0.1 2007.0 0.0 2190 108 1282.4117647058824 17
190 0.1 2246.0 0.0 2246 108 1322.6666666666667 18
200 0.1 3040.0 0.0 3040 108 1371.2631578947369 19
210 0.1 2913.0 0.0 3040 108 1454.7 20
220 0.1 3767.0 0.0 3767 108 1524.142857142857 21
230 0.1 4212.0 0.0 4212 108 1626.090909090909 22
240 0.1 4437.0 0.0 4437 108 1738.5217391304348 23
250 0.1 5147.0 0.0 5147 108 1850.9583333333333 24
260 0.1 6153.0 0.0 6153 108 1982.8 25
270 0.1 6233.0 0.0 6233 108 2143.1923076923076 26
280 0.1 6331.0 0.0 6331 108 2294.6666666666665 27
290 0.1 6150.0 0.0 6331 108 2438.8214285714284 28
300 0.1 7234.0 0.0 7234 108 2566.793103448276 29
310 0.1 8244.0 0.0 8244 108 2722.366666666667 30
320 0.1 9393.0 0.0 9393 108 2900.483870967742 31
330 0.1 9355.0 0.0 9393 108 3103.375 32
340 0.1 9676.0 0.0 9676 108 3292.818181818182 33
350 0.1 10464.0 0.0 10464 108 3480.5588235294117 34
360 0.1 12733.0 0.0 12733 108 3680.0857142857144 35
370 0.1 11417.0 0.0 12733 108 3931.5555555555557 36
380 0.1 12029.0 0.0 12733 108 4133.864864864865 37
390 0.1 12895.0 0.0 12895 108 4341.631578947368 38
400 0.1 14056.0 0.0 14056 108 4560.948717948718 39
410 0.1 14653.0 0.0 14653 108 4798.325 40
420 0.1 15494.0 0.0 15494 108 5038.682926829269 41
430 0.1 15594.0 0.0 15594 108 5287.619047619048 42
440 0.1 15853.0 0.0 15853 108 5527.302325581395 43
450 0.1 16485.0 0.0 16485 108 5761.977272727273 44
460 0.1 16806.0 0.0 16806 108 6000.266666666666 45
470 0.1 17383.0 0.0 17383 108 6235.173913043478 46
480 0.1 16873.0 0.0 17383 108 6472.36170212766 47
490 0.1 17349.0 0.0 17383 108 6689.041666666667 48
500 0.1 17452.0 0.0 17452 108 6906.591836734694 49
510 0.1 17981.0 0.0 17981 108 7117.5 50
520 0.1 18274.0 0.0 18274 108 7330.509803921569 51
530 0.1 18380.0 0.0 18380 108 7540.961538461538 52
540 0.1 17612.0 0.0 18380 108 7745.471698113208 53
550 0.1 15444.0 0.0 18380 108 7928.185185185185 54
560 0.1 14594.0 0.0 18380 108 8064.836363636364 55
570 0.1 14415.0 0.0 18380 108 8181.428571428572 56
580 0.1 12334.0 0.0 18380 108 8290.78947368421 57
590 0.1 10771.0 0.0 18380 108 8360.499999999998 58
600 0.1 9536.0 0.0 18380 108 8401.355932203387 59
620 0.1 7548.0 0.0 18380 108 8420.266666666665 60
630 0.1 5952.0 0.0 18380 108 8405.967213114753 61
640 0.1 3891.0 0.0 18380 108 8366.387096774191 62
650 0.1 2858.0 0.0 18380 108 8295.349206349205 63
660 0.1 1548.0 0.0 18380 108 8210.390624999998 64
670 0.1 1079.0 0.0 18380 108 8107.892307692306 65
680 0.1 597.0 0.0 18380 108 8001.393939393937 66
690 0.1 194.0 0.0 18380 108 7890.880597014923 67
700 0.1 107.0 0.0 18380 107 7777.6911764705865 68
710 0.1 10.0 0.0 18380 10 7666.521739130433 69
719 0.1 67.0 0.0 18380 10 7557.142857142855 70
