20 0.1 23677.960205078125 0 23677.960205078125 23677.960205078125 0 0
30 0.1 27879.949951171875 0.0 27879.949951171875 23677.960205078125 23677.960205078125 1
40 0.2 32817.42053222656 8092.5213623046875 40909.94189453125 23677.960205078125 25778.955078125 2
50 0.3 31486.573974609375 6432.5001632135645 40909.94189453125 22523.803955078125 29298.18780517578 4
60 0.1 25585.947021484375 0.0 40909.94189453125 22523.803955078125 30236.06759207589 7
70 0.6 46135.74816894531 18072.39654853346 73844.59399414063 22523.803955078125 29654.802520751953 8
80 0.7 56117.86038643973 15852.07067952851 81533.67016601563 22523.803955078125 36718.06494140625 14
90 0.9 49816.74359809028 17335.245738966525 81533.67016601563 22523.803955078125 43184.66342308408 21
100 1.1 59359.13538707386 18921.89741781583 85372.76904296875 18630.912841796875 45174.28747558594 30
110 1.1 56953.870427911934 18780.64228712103 85372.76904296875 18630.912841796875 48979.978378668064 41
120 0.9 62034.66216362847 26872.90577709701 91268.2919921875 18630.912841796875 50666.76323523888 52
130 1.3 61200.616624098555 22063.95594493256 91300.80297851563 18630.912841796875 52343.99422467341 61
140 1.3 57497.5512507512 30525.33546642593 109690.3310546875 17541.676025390625 53899.88734889675 74
150 1.4 58532.88441685268 24979.136368779065 109690.3310546875 13137.9560546875 54437.469311242814 87
160 1.7 59868.409854664525 26120.523469958025 109690.3310546875 13137.9560546875 55005.15061301052 101
170 1.3 67289.35428560697 20207.969700453497 109690.3310546875 13137.9560546875 55705.789656299654 118
180 1.4 67699.22058105469 33184.4593829248 144327.65502929688 13137.9560546875 56855.30370348282 131
190 1.4 69217.28897530692 18957.51596412415 144327.65502929688 13137.9560546875 57902.3025744208 145
200 0.9 68011.45722113716 27682.98155409284 144327.65502929688 13137.9560546875 58898.59068519065 159
210 2.2 59496.441550514915 25027.490100246858 144327.65502929688 11389.89892578125 59386.77996390207 168
220 2.5 53669.01997070313 26145.572731352575 144327.65502929688 11389.89892578125 59399.477621299346 190
230 1.7 55813.03486902574 22640.48264678577 144327.65502929688 11389.89892578125 58733.14533634629 215
240 2.1 53004.681849888395 21826.07481775854 144327.65502929688 11389.89892578125 58519.17172451677 232
250 2.6 58810.01918381911 26070.22163294328 144327.65502929688 11389.89892578125 58061.44726851995 253
260 3.7 52296.09177707981 25651.385594458658 144327.65502929688 11389.89892578125 58131.20665847614 279
270 4.9 55908.12778519611 27896.594139352834 144327.65502929688 11389.89892578125 57447.98118185695 316
280 3.5 60809.80815429687 32187.021866563213 149731.208984375 11389.89892578125 57241.26113682577 365
290 3.1 63450.58979649698 28901.544754324677 149731.208984375 11389.89892578125 57553.509000854494 400
300 3.2 60061.75295257568 27680.793256659646 149731.208984375 11389.89892578125 57977.66098383574 431
310 3.3 67495.33007072678 27446.19296076686 149731.208984375 11389.89892578125 58121.701897441955 463
320 4.6 65577.97504988963 30298.61384129174 149731.208984375 11389.89892578125 58745.35054606776 496
330 4.8 65236.79212443035 24264.244819643212 149731.208984375 11389.89892578125 59325.24118661353 542
340 5.1 73378.47116268383 29289.99931313332 149731.208984375 11389.89892578125 59806.18092392745 590
350 6.4 69653.23886108401 29204.48587130059 161260.95703125 11389.89892578125 60886.03552950713 641
360 6.9 73723.88719287819 29754.65613295962 161260.95703125 11389.89892578125 61681.92349152262 705
370 6.3 67911.38870675217 31276.605373580835 161260.95703125 3145.6220703125 62755.43188350392 774
380 8.6 63266.598465320676 34262.061379796854 162514.0400390625 3145.6220703125 63143.51465514626 837
390 8.8 76134.8532104492 35437.591536699576 170310.39794921875 3145.6220703125 63154.982919149516 923
400 9.3 67211.63511214718 31762.262032163537 170310.39794921875 3145.6220703125 64284.783696235936 1011
410 10.4 70600.9213632437 36849.02222507335 170310.39794921875 3145.6220703125 64531.33911442411 1104
420 11.8 75399.09813418628 41603.821351740895 180298.56298828125 3145.6220703125 65053.88593054765 1208
430 14 70257.86042480466 35187.58687665437 182791.5087890625 3145.6220703125 65974.50059120328 1326
440 13.9 69433.62130978813 33593.67791571088 182791.5087890625 3145.6220703125 66383.5526899101 1466
450 14.9 69808.01519570577 34344.56624358111 182791.5087890625 3145.6220703125 66647.7019348715 1605
460 14.3 71621.40649243335 36246.13226431945 196066.03491210938 3145.6220703125 66916.16640229698 1754
470 18.2 71279.22968803655 37232.641723235734 196066.03491210938 3145.6220703125 67270.85766897569 1897
480 21.3 68150.99924694655 35092.91023578819 196066.03491210938 3145.6220703125 67621.75892316957 2079
490 18.7 70530.20373992104 35481.10332499793 196066.03491210938 3145.6220703125 67670.9422516881 2292
500 18.5 71385.26467483112 33235.38150962593 196066.03491210938 3145.6220703125 67886.62676088519 2479
510 19.1 70828.00857048639 36005.49882273929 196066.03491210938 3145.6220703125 68129.58772713144 2664
520 22.1 73858.10383599046 37976.48707684419 196066.03491210938 3145.6220703125 68310.11255412997 2855
530 22.4 69693.73635537285 37986.15628576394 196066.03491210938 3145.6220703125 68708.71660916612 3076
540 20 73067.78510742185 34849.22626379565 196066.03491210938 3145.6220703125 68775.5785555753 3300
550 21.2 70261.769654472 34617.152338139414 221405.11791992188 3145.6220703125 69020.8475013951 3500
560 17.2 75382.45264665471 36553.979268175586 221405.11791992188 3145.6220703125 69091.71913298247 3712
570 18.9 76917.63466228505 34688.49913530778 222494.833984375 3145.6220703125 69370.29950485467 3884
580 16.9 82487.5650584204 32471.667675945686 222494.833984375 3145.6220703125 69720.51957476734 4073
590 14 91846.12521275111 28445.08311725091 222494.833984375 3145.6220703125 70229.15481445084 4242
600 15 97726.76403971354 27152.530652008623 222494.833984375 3145.6220703125 70919.79284634542 4382
610 10.6 103739.29772949219 24602.953881777725 222494.833984375 3145.6220703125 71807.04917445777 4532
620 11.9 110855.14491079636 22305.48399982397 222494.833984375 3145.6220703125 72536.85045665564 4638
630 8.8 118591.11733731357 20430.032310630413 222494.833984375 3145.6220703125 73495.41195340628 4757
640 7 126934.96318708148 18063.762792886355 222494.833984375 3145.6220703125 74314.48771682914 4845
650 3 130230.71333007813 17900.248425343667 222494.833984375 3145.6220703125 75063.91463095277 4915
660 2.9 140728.3818191002 12906.93317512361 222494.833984375 3145.6220703125 75398.59692841966 4945
670 2.1 146334.2110653832 13229.809673227835 222494.833984375 3145.6220703125 75779.49032645539 4974
680 1.4 158658.26445661273 7594.238164279415 222494.833984375 3145.6220703125 76076.11678001245 4995
690 0.2 159847.08947753906 2985.1224365234375 222494.833984375 3145.6220703125 76306.93132732178 5009
700 0.1 169428.90795898438 0.0 222494.833984375 3145.6220703125 76340.27403662141 5011
710 0.1 179757.19897460938 0.0 222494.833984375 3145.6220703125 76358.84718784296 5012
719 0.2 196513.92700195313 4577.5341796875 222494.833984375 3145.6220703125 76379.47323048943 5013
