0 71.528125 71.528125
10 168.87578125 240.40390625
20 485.125 725.52890625
30 691.1859375 1416.71484375
40 999.4703125 2416.18515625
50 1122.309375 3538.49453125
60 1212.97265625 4751.4671875
70 1540.1234375 6291.590625
80 1797.64140625 8089.23203125
90 1905.91953125 9995.1515625
100 1811.22890625 11806.38046875
110 1887.75234375 13694.1328125
120 2066.83515625 15760.96796875
130 2128.634375 17889.60234375
140 2113.5828125 20003.18515625
150 2344.240625 22347.42578125
160 2323.484375 24670.91015625
170 2041.32265625 26712.2328125
180 2484.953125 29197.1859375
190 3009.5453125 32206.73125
200 2919.0984375 35125.8296875
210 4455.2203125 39581.05
220 4436.925 44017.975
230 5079.0390625 49097.0140625
240 5530.2578125 54627.271875
250 6947.5578125 61574.8296875
260 7520.125 69094.9546875
270 7804.4265625 76899.38125
280 7093.95234375 83993.33359375
290 7929.73984375 91923.0734375
300 8473.34375 100396.4171875
310 10279.540625 110675.9578125
320 10348.996875 121024.9546875
330 10900.60546875 131925.56015625
340 11124.909375 143050.46953125
350 11834.89453125 154885.3640625
360 12098.35390625 166983.71796875
370 11763.88671875 178747.6046875
380 12014.50859375 190762.11328125
390 11631.06875 202393.18203125
400 10775.7109375 213168.89296875
410 12148.74609375 225317.6390625
420 11656.5578125 236974.196875
430 11383.8625 248358.059375
440 11898.0390625 260256.0984375
450 11486.43984375 271742.53828125
460 12042.91640625 283785.4546875
470 12040.8625 295826.3171875
480 11455.92890625 307282.24609375
490 11850.7921875 319133.03828125
500 11860.2015625 330993.23984375
510 11309.003125 342302.24296875
520 11301.88046875 353604.1234375
530 11316.42265625 364920.54609375
540 11825.52265625 376746.06875
550 11179.17109375 387925.23984375
560 13047.42578125 400972.665625
570 12875.671875 413848.3375
580 10693.2625 424541.6
590 9538.43515625 434080.03515625
600 8730.12421875 442810.159375
610 6894.90859375 449705.06796875
620 5600.315625 455305.38359375
630 3482.0734375 458787.45703125
640 2902.18984375 461689.646875
650 1516.225 463205.871875
660 1107.1078125 464312.9796875
670 650.99921875 464963.97890625
680 205.95859375 465169.9375
690 133.79296875 465303.73046875
700 2.725 465306.45546875
710 71.7515625 465378.20703125
719 10.9484375 465389.15546875
