0 9.06640625 9.06640625
10 21.57578125 30.6421875
20 60.77890625 91.42109375
30 99.50546875 190.9265625
40 135.440625 326.3671875
50 185.1421875 511.509375
60 195.52109375 707.03046875
70 245.15625 952.18671875
80 279.296875 1231.48359375
90 290.91171875 1522.3953125
100 268.92109375 1791.31640625
110 307.059375 2098.37578125
120 309.8265625 2408.20234375
130 336.35 2744.55234375
140 317.6578125 3062.21015625
150 381.73125 3443.94140625
160 372.975 3816.91640625
170 352.8921875 4169.80859375
180 382.9171875 4552.72578125
190 501.16328125 5053.8890625
200 473.6515625 5527.540625
210 644.94140625 6172.48203125
220 686.59921875 6859.08125
230 793.40859375 7652.48984375
240 827.6109375 8480.10078125
250 1003.45078125 9483.5515625
260 1022.8390625 10506.390625
270 1106.05390625 11612.44453125
280 1073.4328125 12685.87734375
290 1154.03359375 13839.9109375
300 1271.59609375 15111.50703125
310 1517.34921875 16628.85625
320 1550.84453125 18179.70078125
330 1543.4703125 19723.17109375
340 1621.74375 21344.91484375
350 1694.1046875 23039.01953125
360 1723.0109375 24762.03046875
370 1995.84921875 26757.8796875
380 2112.3390625 28870.21875
390 2187.0359375 31057.2546875
400 2309.40703125 33366.66171875
410 2381.8765625 35748.53828125
420 2658.790625 38407.32890625
430 2488.35546875 40895.684375
440 2655.14609375 43550.83046875
450 2809.5828125 46360.41328125
460 2856.6296875 49217.04296875
470 2917.5859375 52134.62890625
480 2884.540625 55019.16953125
490 2758.16640625 57777.3359375
500 2933.99609375 60711.33203125
510 3061.69296875 63773.025
520 3246.3796875 67019.4046875
530 3188.76171875 70208.16640625
540 3025.96875 73234.13515625
550 2532.23984375 75766.375
560 2039.84609375 77806.22109375
570 1998.99140625 79805.2125
580 1911.334375 81716.546875
590 1769.58828125 83486.13515625
600 1602.775 85088.91015625
610 1332.51953125 86421.4296875
620 1061.89140625 87483.32109375
630 663.1796875 88146.50078125
640 534.06328125 88680.5640625
650 292.90234375 88973.46640625
660 196.93828125 89170.4046875
670 119.01015625 89289.41484375
680 49.7515625 89339.16640625
690 18.28984375 89357.45625
700 2.2921875 89359.7484375
710 10.83359375 89370.58203125
719 7.990625 89378.57265625
