0 5 5
10 11 11
20 17 17
30 31 31
40 40 40
50 48 48
60 60 60
70 66 66
80 71 71
90 76 77
100 82 82
110 81 83
120 84 87
130 90 91
140 98 100
150 98 104
160 103 104
170 99 104
180 114 114
190 132 137
200 156 156
210 166 167
220 186 186
230 218 218
240 255 256
250 290 290
260 324 324
270 333 340
280 346 347
290 373 375
300 426 426
310 501 501
320 559 560
330 627 627
340 684 685
350 714 717
360 764 764
370 845 845
380 908 909
390 981 983
400 1049 1051
410 1106 1107
420 1177 1180
430 1242 1242
440 1317 1319
450 1366 1372
460 1423 1423
470 1447 1455
480 1432 1455
490 1485 1486
500 1517 1522
510 1599 1604
520 1612 1627
530 1647 1651
540 1515 1651
550 1303 1651
560 1131 1651
570 942 1651
580 773 1651
590 633 1651
600 483 1651
610 377 1651
620 258 1651
630 170 1651
640 100 1651
650 70 1651
660 41 1651
670 20 1651
680 6 1651
690 4 1651
700 3 1651
710 2 1651
719 0 1651
