0 0.5 5
10 0.6 11
20 0.7 18
30 1.5 33
40 1.1 44
50 1.1 55
60 1.3 68
70 1.2 80
80 1.2 92
90 1.4 106
100 1.7 123
110 1 133
120 1.2 145
130 1.9 164
140 2.1 185
150 1.4 199
160 2.2 221
170 0.9 230
180 2.9 259
190 3.2 291
200 3.3 324
210 3.2 356
220 4.5 401
230 4.9 450
240 5.8 508
250 6.1 569
260 7.1 640
270 5.8 698
280 4.8 746
290 5.8 804
300 8.5 889
310 10.8 997
320 10.4 1101
330 11.6 1217
340 10.8 1325
350 9.4 1419
360 11.9 1538
370 14.4 1682
380 14.9 1831
390 16.1 1992
400 16.1 2153
410 16.1 2314
420 18.9 2503
430 20.5 2708
440 21.4 2922
450 19.8 3120
460 20 3320
470 20.6 3526
480 19.8 3724
490 24 3964
500 21.7 4181
510 27.3 4454
520 23.4 4688
530 25.9 4947
540 6.8 5015
550 0 5015
560 0 5015
570 0 5015
580 0 5015
590 0 5015
600 0 5015
610 0 5015
620 0 5015
630 0 5015
640 0 5015
650 0 5015
660 0 5015
670 0 5015
680 0 5015
690 0 5015
700 0 5015
710 0 5015
719 0 5015
