0 2.8 28
10 11 138
20 14.3 281
30 14.7 428
40 17.8 606
50 22.4 830
60 18.4 1014
70 7 1084
80 31.5 1399
90 34.3 1742
100 52.2 2264
110 56.8 2832
120 51.3 3345
130 56.7 3912
140 60.2 4514
150 57 5084
160 64 5724
170 61.9 6343
180 53.8 6881
190 75.3 7634
200 68.1 8315
210 107.1 9386
220 73.4 10120
230 83.2 10952
240 154.6 12498
250 142.5 13923
260 163.1 15554
270 176 17314
280 166 18974
290 153.5 20509
300 217.5 22684
310 220 24884
320 107.9 25963
330 136 27323
340 325.8 30581
350 282 33401
360 363.4 37035
370 424.1 41276
380 413.7 45413
390 450.4 49917
400 471.1 54628
410 480.5 59433
420 487.9 64312
430 438.7 68699
440 541.3 74112
450 485.8 78970
460 469.6 83666
470 468 88346
480 487.1 93217
490 504 98257
500 449.4 102751
510 425.8 107009
520 390.2 110911
530 386.5 114776
540 370.8 118484
550 393.3 122417
560 351.6 125933
570 221.4 128147
580 244.7 130594
590 244.2 133036
600 247.1 135507
610 237.6 137883
620 227.2 140155
630 200.6 142161
640 208.3 144244
650 188.2 146126
660 190.4 148030
670 109.2 149122
680 89.1 150013
690 156.7 151580
700 102.7 152607
710 51.9 153126
720 23.3 153359
730 7.7 153436
740 2.5 153461
750 1.5 153476
759 0.4 153480
