0 0.3 3
10 1.4 17
20 1.2 29
30 1.9 48
40 1.4 62
50 3.3 95
60 1.9 114
70 0.8 122
80 3.9 161
90 5.6 217
100 7.7 294
110 7.9 373
120 5.3 426
130 10.1 527
140 7.6 603
150 8 683
160 8 763
170 7.5 838
180 7.4 912
190 7.2 984
200 9.1 1075
210 13.3 1208
220 8.7 1295
230 10.4 1399
240 22.5 1624
250 16.8 1792
260 23 2022
270 24.7 2269
280 20.7 2476
290 16 2636
300 32.4 2960
310 26.1 3221
320 9.8 3319
330 14 3459
340 40.7 3866
350 33.1 4197
360 43.7 4634
370 54 5174
380 50.1 5675
390 47.6 6151
400 50.1 6652
410 47.6 7128
420 52.1 7649
430 46.2 8111
440 54.3 8654
450 43.5 9089
460 46 9549
470 46.3 10012
480 46.5 10477
490 47.8 10955
500 40.9 11364
510 38.4 11748
520 33.4 12082
530 34.6 12428
540 32 12748
550 41.1 13159
560 36.9 13528
570 29.8 13826
580 31.6 14142
590 41.5 14557
600 40.1 14958
610 52.1 15479
620 45 15929
630 47 16399
640 51.1 16910
650 42.1 17331
660 47.3 17804
670 21 18014
680 28.4 18298
690 34.5 18643
700 23.7 18880
710 8.6 18966
720 4.6 19012
730 1 19022
740 0.3 19025
750 0.3 19028
759 0 19028
