0 1.4 14
10 1.8 32
20 1.6 48
30 1.6 64
40 1.1 75
50 2.2 97
60 0.5 102
70 0.7 109
80 4.3 152
90 3.8 190
100 3.1 221
110 2.6 247
120 2.4 271
130 3.8 309
140 5.3 362
150 3.3 395
160 4.4 439
170 3.9 478
180 2.7 505
190 6.7 572
200 5.8 630
210 7.2 702
220 5.1 753
230 5.9 812
240 11.3 925
250 9.1 1016
260 10.4 1120
270 11 1230
280 9 1320
290 11.4 1434
300 15 1584
310 16.3 1747
320 8.6 1833
330 16 1993
340 24.7 2240
350 14.5 2385
360 20.7 2592
370 28.6 2878
380 24.4 3122
390 26.8 3390
400 26.8 3658
410 29.4 3952
420 25.6 4208
430 27.5 4483
440 35 4833
450 25.4 5087
460 30.3 5390
470 26.8 5658
480 27.3 5931
490 32.9 6260
500 32.2 6582
510 28.2 6864
520 29.9 7163
530 26.9 7432
540 23.8 7670
550 14 7810
560 8.7 7897
570 6.3 7960
580 4.5 8005
590 3.5 8040
600 0.7 8047
610 0.4 8051
620 0 8051
630 0 8051
640 0 8051
650 0 8051
660 0 8051
670 0 8051
680 0 8051
690 0 8051
700 0 8051
710 0 8051
720 0 8051
730 0 8051
740 0 8051
750 0 8051
759 0 8051
