20 0.1 1
30 0.1 2
40 0.3 5
50 0.2 7
60 0.4 11
70 0 11
80 0.1 12
90 0 12
100 0.5 17
110 0.4 21
120 0.8 29
130 0.3 32
140 0.5 37
150 0.3 40
160 0.6 46
170 0.5 51
180 0.8 59
190 0.6 65
200 0.4 69
210 1 79
220 0.9 88
230 0.3 91
240 2 111
250 1.1 122
260 1.4 136
270 0.7 143
280 1.4 157
290 1.8 175
300 1.2 187
310 1.9 206
320 0.5 211
330 0.6 217
340 2.1 238
350 2 258
360 4.4 302
370 3.4 336
380 1.8 354
390 3.6 390
400 4.8 438
410 4.8 486
420 4.7 533
430 3.2 565
440 3.4 599
450 2.4 623
460 4.2 665
470 3.3 698
480 3.9 737
490 5 787
500 4 827
510 4.8 875
520 6 935
530 7.2 1007
540 7.2 1079
550 3.8 1117
560 5.8 1175
570 5.1 1226
580 4 1266
590 3.6 1302
600 2.6 1328
610 1.1 1339
620 0.4 1343
630 0 1343
640 0 1343
650 0 1343
660 0 1343
670 0 1343
680 0 1343
690 0 1343
700 0 1343
710 0 1343
720 0 1343
730 0 1343
740 0 1343
750 0 1343
759 0 1343
