80 0.1 1
90 0.2 3
100 0.2 5
110 0.1 6
120 0.1 7
130 0 7
140 0 7
150 0 7
160 0 7
170 0 7
180 0 7
190 0 7
200 0.1 8
210 0 8
220 0 8
230 0 8
240 0 8
250 0 8
260 0 8
270 0 8
280 0 8
290 0 8
300 0.1 9
310 0 9
320 0 9
330 0 9
340 0.2 11
350 0.1 12
360 0.1 13
370 0 13
380 0.1 14
390 0.3 17
400 0.5 22
410 0.3 25
420 0.7 32
430 0.1 33
440 0.2 35
450 0.2 37
460 0.4 41
470 0.4 45
480 1.3 58
490 1.7 75
500 2 95
510 4.1 136
520 4.2 178
530 6.1 239
540 7 309
550 10.3 412
560 10.5 517
570 9.2 609
580 8.7 696
590 12.3 819
600 11.7 936
610 12.5 1061
620 14.2 1203
630 13.5 1338
640 13.5 1473
650 11.8 1591
660 14.9 1740
670 6.8 1808
680 7 1878
690 9.5 1973
700 5.9 2032
710 2.4 2056
720 1.2 2068
730 0.3 2071
740 0 2071
750 0 2071
759 0 2071
