70 0.1 1
80 0 1
90 0 1
100 0 1
110 0 1
120 0 1
130 0 1
140 0 1
150 0 1
160 0 1
170 0 1
180 0 1
190 0 1
200 0 1
210 0 1
220 0 1
230 0 1
240 0 1
250 0 1
260 0 1
270 0 1
280 0 1
290 0 1
300 0.1 2
310 0 2
320 0.1 3
330 0 3
340 0 3
350 0 3
360 0 3
370 0 3
380 0.1 4
390 0 4
400 0 4
410 0.1 5
420 0 5
430 0.1 6
440 0.1 7
450 0 7
460 0.1 8
470 0.3 11
480 0.6 17
490 1.1 28
500 2.6 54
510 5.1 105
520 10.1 206
530 13.9 345
540 18.4 529
550 18.3 712
560 16.8 880
570 11.1 991
580 10.9 1100
590 9.3 1193
600 6.4 1257
610 4 1297
620 1.4 1311
630 1 1321
640 0.3 1324
650 0.3 1327
660 0.2 1329
670 0.3 1332
680 0 1332
690 0.2 1334
700 0 1334
710 0 1334
720 0 1334
730 0 1334
740 0 1334
750 0 1334
759 0 1334
