330 0.5 5
340 0 5
350 0 5
360 0 5
370 0 5
380 0 5
390 0 5
400 0 5
410 0 5
420 0 5
430 0 5
440 0 5
450 0 5
460 2 25
470 13.1 156
480 27.1 427
490 35.8 785
500 118.9 1974
510 193.2 3906
520 299.4 6900
530 306.7 9967
540 272 12687
550 168.3 14370
560 124.1 15611
570 185.3 17464
580 88.3 18347
590 41.8 18765
600 9.8 18863
610 4.5 18908
620 0 18908
630 0 18908
640 0 18908
650 0 18908
660 0 18908
670 0 18908
680 0 18908
690 0 18908
700 0 18908
710 0 18908
720 0 18908
730 0 18908
740 0 18908
750 0 18908
759 0 18908
