0 11 11
10 23 12
20 30 7
30 38 8
40 43 5
50 53 10
60 53 0
70 68 15
80 80 12
90 101 21
100 103 2
110 108 5
120 105 -3
130 121 16
140 133 12
150 139 6
160 144 5
170 143 -1
180 148 5
190 169 21
200 190 21
210 212 22
220 228 16
230 256 28
240 286 30
250 320 34
260 342 22
270 372 30
280 380 8
290 407 27
300 456 49
310 509 53
320 596 87
330 662 66
340 700 38
350 743 43
360 790 47
370 873 83
380 929 56
390 991 62
400 1038 47
410 1082 44
420 1143 61
430 1219 76
440 1294 75
450 1400 106
460 1511 111
470 1592 81
480 1708 116
490 1807 99
500 1928 121
510 2047 119
520 2121 74
530 2195 74
540 2076 -119
550 1925 -151
560 1746 -179
570 1564 -182
580 1385 -179
590 1229 -156
600 1078 -151
610 953 -125
620 836 -117
630 744 -92
640 624 -120
650 520 -104
660 430 -90
670 381 -49
680 331 -50
690 226 -105
700 131 -95
710 64 -67
720 27 -37
730 9 -18
740 4 -5
750 2 -2
759 0 -2
