0 1.1 26.302068536931817 56.26579363949906 189.946044921875 1.319091796875 0 0
10 1.2 1.5689290364583333 0.4454971993799895 189.946044921875 0.998046875 26.302068536931817 11
20 0.8 1.9329833984375 0.6529747886040747 189.946044921875 0.998046875 13.39782184103261 23
30 0.9 1.595458984375 0.4346524621703972 189.946044921875 0.998046875 10.439153855846774 31
40 0.8 5.62841796875 6.4014510544230365 189.946044921875 0.998046875 8.449322509765626 40
50 1.2 2.2923990885416665 1.9764651658623735 189.946044921875 0.998046875 7.9791717529296875 48
60 0.4 16.0367431640625 24.865147428455696 189.946044921875 0.998046875 6.841817220052083 60
70 1.6 1.5785064697265625 0.3836787113095448 189.946044921875 0.998046875 7.416500091552734 64
80 1.5 1.7956217447916667 0.950498335898678 189.946044921875 0.998046875 6.2489013671875 80
90 2.2 1.9443026455965908 1.0477037818843673 189.946044921875 0.998046875 5.545751953125 95
100 1.1 1.5049715909090908 0.3541509306135894 189.946044921875 0.998046875 4.8685563568376065 117
110 1.4 1.5685860770089286 0.4395180351084973 189.946044921875 0.998046875 4.579498291015625 128
120 1.5 6.604182942708333 15.44060085404288 189.946044921875 0.998046875 4.282647791043134 142
130 2.7 1.6325321903935186 0.7101927477513942 189.946044921875 0.998046875 4.504450512539809 157
140 2.3 1.9244119395380435 1.6579469787630425 189.946044921875 0.998046875 4.083027715268343 184
150 1.6 1.6396331787109375 0.545966425425491 189.946044921875 0.998046875 3.843181517964976 207
160 2 1.6212646484375 0.3956493292163248 189.946044921875 0.998046875 3.6850793949691707 223
170 1.6 2.1406707763671875 1.1696865380636035 189.946044921875 0.998046875 3.515218098958334 243
180 2.4 2.9437154134114585 4.4589824896397365 189.946044921875 0.998046875 3.4303039786438227 259
190 4.4 1.6436545632102273 0.6112054403532375 189.946044921875 0.998046875 3.3890385172813606 283
200 3.9 1.7120580428685896 0.7577959759548527 189.946044921875 0.998046875 3.1541856304950304 327
210 4.5 1.8710666232638888 1.964359909102562 189.946044921875 0.998046875 3.000516297387295 366
220 3.3 2.152388139204546 1.780148912106908 189.946044921875 0.998046875 2.87685392430809 411
230 4.2 2.088065011160715 1.2727202110001306 189.946044921875 0.998046875 2.8230084943341778 444
240 6.3 2.5633486793154763 7.294562259961875 189.946044921875 0.905029296875 2.7594948599858538 486
250 6.1 1.6559898501536885 0.883162393157091 189.946044921875 0.905029296875 2.7369862818761383 549
260 4.8 2.278839111328125 1.952257174414528 189.946044921875 0.905029296875 2.6288866387038934 610
270 5.9 1.9298695709745763 1.535210901244658 189.946044921875 0.905029296875 2.603351256767667 658
280 5 2.1062060546875006 1.297344854786947 189.946044921875 0.905029296875 2.547932261702406 717
290 6.2 1.8603988155241935 1.1510317874945704 189.946044921875 0.905029296875 2.519136550684485 767
300 9.6 3.0225016276041665 6.15475781986256 189.946044921875 0.905029296875 2.469870278573583 829
310 10.3 2.0421272944478153 1.5331977566174682 189.946044921875 0.905029296875 2.527224451013514 925
320 11.4 1.8121423554002194 1.1199649459668568 189.946044921875 0.905029296875 2.478620358478235 1028
330 9.1 2.098893050309066 2.2139020501978126 189.946044921875 0.905029296875 2.4120892793618656 1142
340 10 2.6860693359375 3.1209485539967945 189.946044921875 0.905029296875 2.3889742292046843 1233
350 9.4 1.9894240359042548 1.8674162931793465 189.946044921875 0.905029296875 2.4112619341358785 1333
360 13 1.8339186448317308 1.283377291619161 189.946044921875 0.875 2.3834744341822884 1427
370 16.8 2.278953915550595 2.7573612001901813 189.946044921875 0.875 2.3375898788736356 1557
380 12.8 1.7456226348876953 0.8091232230519162 189.946044921875 0.875 2.3318792459239135 1725
390 17.1 1.7622441520467835 0.9585371335507914 189.946044921875 0.875 2.291382297077375 1853
400 17.3 2.222098819093208 1.8168150757231347 189.946044921875 0.875 2.2466774439152055 2024
410 18.1 2.6457357670062143 3.3833983029818517 189.946044921875 0.875 2.2447420310366413 2197
420 17.2 2.825392612191134 5.305904855522061 189.946044921875 0.875 2.2752634213690603 2378
430 18.6 2.4616371072748646 4.994652196754804 189.946044921875 0.875 2.3123701746323535 2550
440 20.4 2.558251474417891 2.491884651346571 189.946044921875 0.846923828125 2.322517707333928 2736
450 18.8 2.1993862720246016 2.1227160260224998 189.946044921875 0.846923828125 2.3388747442336317 2940
460 21.5 2.3364303234011627 1.7438189895454814 189.946044921875 0.846923828125 2.3304911659806593 3128
470 17.3 2.201289006051301 1.9045127869215481 189.946044921875 0.846923828125 2.330873133927237 3343
480 22.7 4.435554403565527 11.149925993400801 189.946044921875 0.846923828125 2.3244971230846496 3516
490 24.2 2.451071999289774 2.267314292111943 189.946044921875 0.846923828125 2.4525254433275454 3743
500 24.8 3.6040600192162304 4.886738157788312 189.946044921875 0.846923828125 2.4524371789719264 3985
510 26.3 2.5717160765209135 4.958404547184989 189.946044921875 0.846923828125 2.5199076406729866 4233
520 24.5 2.479109534438775 2.390104802084996 189.946044921875 0.846923828125 2.5229382497984325 4496
530 23.8 2.401721088826156 3.067570047581486 189.946044921875 0.846923828125 2.5206733193485027 4741
540 8.3 2.4719414768448797 2.350244265304512 189.946044921875 0.846923828125 2.5149873119445423 4979
550 0 0 0 189.946044921875 0.846923828125 2.5142815031114187 5062
560 0 0 0 189.946044921875 0.846923828125 2.5142815031114187 5062
570 0 0 0 189.946044921875 0.846923828125 2.5142815031114187 5062
580 0 0 0 189.946044921875 0.846923828125 2.5142815031114187 5062
590 0 0 0 189.946044921875 0.846923828125 2.5142815031114187 5062
600 0 0 0 189.946044921875 0.846923828125 2.5142815031114187 5062
610 0 0 0 189.946044921875 0.846923828125 2.5142815031114187 5062
620 0 0 0 189.946044921875 0.846923828125 2.5142815031114187 5062
630 0.1 58.93115234375 0.0 189.946044921875 0.846923828125 2.5142815031114187 5062
640 0 0 0 189.946044921875 0.846923828125 2.525424475823376 5063
650 0 0 0 189.946044921875 0.846923828125 2.525424475823376 5063
660 0 0 0 189.946044921875 0.846923828125 2.525424475823376 5063
670 0 0 0 189.946044921875 0.846923828125 2.525424475823376 5063
680 0 0 0 189.946044921875 0.846923828125 2.525424475823376 5063
690 0 0 0 189.946044921875 0.846923828125 2.525424475823376 5063
700 0 0 0 189.946044921875 0.846923828125 2.525424475823376 5063
710 0 0 0 189.946044921875 0.846923828125 2.525424475823376 5063
720 0 0 0 189.946044921875 0.846923828125 2.525424475823376 5063
730 0 0 0 189.946044921875 0.846923828125 2.525424475823376 5063
740 0 0 0 189.946044921875 0.846923828125 2.525424475823376 5063
750 0 0 0 189.946044921875 0.846923828125 2.525424475823376 5063
759 0 0 0 189.946044921875 0.846923828125 2.525424475823376 5063
