0 0.1 4.510193986078231 0 4.510193986078231 4.510193986078231 0 0
10 0.1 2.2615535889872174 0.0 4.510193986078231 2.2615535889872174 4.510193986078231 1
20 0.1 1.9704433497536946 0.0 4.510193986078231 1.9704433497536946 3.385873787532724 2
30 0.1 2.171767028627838 0.0 4.510193986078231 1.9704433497536946 2.914063641606381 3
40 0.1 2.3645320197044337 0.0 4.510193986078231 1.9704433497536946 2.7284894883617454 4
50 0.1 2.7586206896551726 0.0 4.510193986078231 1.9704433497536946 2.655697994630283 5
60 0.1 3.1589338598223096 0.0 4.510193986078231 1.9704433497536946 2.6728517771344316 6
70 0.1 2.3738872403560833 0.0 4.510193986078231 1.9704433497536946 2.7422920746612713 7
80 0.1 1.5794669299111548 0.0 4.510193986078231 1.5794669299111548 2.696241470373123 8
90 0.1 3.842364532019704 0.0 4.510193986078231 1.5794669299111548 2.572155410321793 9
100 0.1 4.901960784313726 0.0 4.901960784313726 1.5794669299111548 2.699176322491584 10
110 0.1 4.724409448818897 0.0 4.901960784313726 1.5794669299111548 2.899429455384506 11
120 0.1 5.325443786982249 0.0 5.325443786982249 1.5794669299111548 3.051511121504039 12
130 0.1 5.593719332679097 0.0 5.593719332679097 1.5794669299111548 3.2264290188485165 13
140 0.1 5.330700888450148 0.0 5.593719332679097 1.5794669299111548 3.395521184122129 14
150 0.1 6.0546875 0.0 6.0546875 1.5794669299111548 3.5245331644106637 15
160 0.1 6.176470588235294 0.0 6.176470588235294 1.5794669299111548 3.6826678103849972 16
170 0.1 5.714285714285714 0.0 6.176470588235294 1.5794669299111548 3.829362091435015 17
180 0.1 7.572815533980583 0.0 7.572815533980583 1.5794669299111548 3.934080070482276 18
190 0.1 5.968688845401174 0.0 7.572815533980583 1.5794669299111548 4.125592463297976 19
200 0.1 7.625482625482626 0.0 7.625482625482626 1.5794669299111548 4.217747282403137 20
210 0.1 7.8125 0.0 7.8125 1.5794669299111548 4.38002039397835 21
220 0.1 9.073170731707316 0.0 9.073170731707316 1.5794669299111548 4.536042194252062 22
230 0.1 8.300395256916996 0.0 9.073170731707316 1.5794669299111548 4.7333086524022905 23
240 0.1 11.741682974559687 0.0 11.741682974559687 1.5794669299111548 4.881937260923737 24
250 0.1 13.592233009708737 0.0 13.592233009708737 1.5794669299111548 5.156327089469174 25
260 0.1 13.880742913000976 0.0 13.880742913000976 1.5794669299111548 5.480785009478388 26
270 0.1 14.218455743879474 0.0 14.218455743879474 1.5794669299111548 5.7918945614607065 27
280 0.1 16.06313834726091 0.0 16.06313834726091 1.5794669299111548 6.092843175118519 28
290 0.1 15.996168582375478 0.0 16.06313834726091 1.5794669299111548 6.436646456916533 29
300 0.1 15.578358208955223 0.0 16.06313834726091 1.5794669299111548 6.755297194431831 30
310 0.1 20.15281757402101 0.0 20.15281757402101 1.5794669299111548 7.039912065868069 31
320 0.1 19.757688723205966 0.0 20.15281757402101 1.5794669299111548 7.449690362997849 32
330 0.1 9.72762645914397 0.0 20.15281757402101 1.5794669299111548 7.822660010276882 33
340 0.1 22.415458937198068 0.0 22.415458937198068 1.5794669299111548 7.878688435243561 34
350 0.1 26.69208770257388 0.0 26.69208770257388 1.5794669299111548 8.294024735299404 35
360 0.1 26.517273576097107 0.0 26.69208770257388 1.5794669299111548 8.805082039945917 36
370 0.1 33.680227057710496 0.0 33.680227057710496 1.5794669299111548 9.283789919301356 37
380 0.1 32.785299806576404 0.0 33.680227057710496 1.5794669299111548 9.925801422943701 38
390 0.1 36.51685393258427 0.0 36.51685393258427 1.5794669299111548 10.511942407139411 39
400 0.1 37.85578747628083 0.0 37.85578747628083 1.5794669299111548 11.162065195275535 40
410 0.1 38.1042654028436 0.0 38.1042654028436 1.5794669299111548 11.813131592373225 41
420 0.1 38.64059590316574 0.0 38.64059590316574 1.5794669299111548 12.439110968812994 42
430 0.1 38.48314606741573 0.0 38.64059590316574 1.5794669299111548 13.04844782775143 43
440 0.1 42.2263109475621 0.0 42.2263109475621 1.5794669299111548 13.626509151380164 44
450 0.1 42.04753199268739 0.0 42.2263109475621 1.5794669299111548 14.262060302406429 45
460 0.1 39.81481481481482 0.0 42.2263109475621 1.5794669299111548 14.866092295673406 46
470 0.1 40.57301293900185 0.0 42.2263109475621 1.5794669299111548 15.396916179059392 47
480 0.1 40.85923217550274 0.0 42.2263109475621 1.5794669299111548 15.921418194891528 48
490 0.1 41.85832566697332 0.0 42.2263109475621 1.5794669299111548 16.430353174087674 49
500 0.1 43.05301645338208 0.0 43.05301645338208 1.5794669299111548 16.938912623945388 50
510 0.1 43.30357142857143 0.0 43.30357142857143 1.5794669299111548 17.45095387550297 51
520 0.1 44.15929203539823 0.0 44.15929203539823 1.5794669299111548 17.948119597677366 52
530 0.1 43.92857142857143 0.0 44.15929203539823 1.5794669299111548 18.44267002103059 53
540 0.1 43.25290437890974 0.0 44.15929203539823 1.5794669299111548 18.914631158207275 54
550 0.1 40.67796610169492 0.0 44.15929203539823 1.5794669299111548 19.357145216765502 55
560 0.1 36.50336215177713 0.0 44.15929203539823 1.5794669299111548 19.737874161139242 56
570 0.1 31.379962192816635 0.0 44.15929203539823 1.5794669299111548 20.032005529396045 57
590 0.1 28.28185328185328 0.0 44.15929203539823 1.5794669299111548 20.227659954627438 58
600 0.1 25.07232401157184 0.0 44.15929203539823 1.5794669299111548 20.36417170593635 59
610 0.1 23.54066985645933 0.0 44.15929203539823 1.5794669299111548 20.442640911030274 60
620 0.1 21.802325581395348 0.0 44.15929203539823 1.5794669299111548 20.49342827079141 61
630 0.1 20.709491850431448 0.0 44.15929203539823 1.5794669299111548 20.51453951773663 62
640 0.1 18.635926993275696 0.0 44.15929203539823 1.5794669299111548 20.517633999207977 63
650 0.1 18.725868725868725 0.0 44.15929203539823 1.5794669299111548 20.488232327240286 64
660 0.1 17.32817037754114 0.0 44.15929203539823 1.5794669299111548 20.461119041065338 65
670 0.1 17.7734375 0.0 44.15929203539823 1.5794669299111548 20.413650121921034 66
680 0.1 10.617760617760617 0.0 44.15929203539823 1.5794669299111548 20.3742439633849 67
690 0.1 10.648596321393997 0.0 44.15929203539823 1.5794669299111548 20.23076626712572 68
700 0.1 13.746369796708615 0.0 44.15929203539823 1.5794669299111548 20.09189423892671 69
710 0.1 8.588351431391905 0.0 44.15929203539823 1.5794669299111548 20.001243889752168 70
720 0.1 5.38160469667319 0.0 44.15929203539823 1.5794669299111548 19.84049892554991 71
730 0.1 2.9585798816568047 0.0 44.15929203539823 1.5794669299111548 19.639680950148843 72
740 0.1 1.1892963330029733 0.0 44.15929203539823 1.1892963330029733 19.411172716333883 73
750 0.1 1.0880316518298714 0.0 44.15929203539823 1.0880316518298714 19.16493114358617 74
759 0.1 0.9871668311944718 0.0 44.15929203539823 0.9871668311944718 18.923905817029418 75
