0 0 0
10 0 0
20 0.1 1
30 0.1 2
40 0.3 5
50 0.2 7
60 0.3 10
70 0.2 12
80 0.3 15
90 0.1 16
100 0.8 24
110 1.1 35
120 1.5 50
130 1.3 63
140 1.1 74
150 1 84
160 1.3 97
170 1.7 114
180 2.1 135
190 2.3 158
200 1.7 175
210 2.1 196
220 1.9 215
230 1.6 231
240 2.6 257
250 3 287
260 2.8 315
270 3 345
280 4.1 386
290 3.7 423
300 4.5 468
310 4.9 517
320 2.8 545
330 2.3 568
340 6.3 631
350 5 681
360 8 761
370 8.1 842
380 8.4 926
390 10.2 1028
400 12.5 1153
410 13.8 1291
420 10.4 1395
430 11.8 1513
440 12.9 1642
450 8.4 1726
460 10 1826
470 9.2 1918
480 11.3 2031
490 14.1 2172
500 12.2 2294
510 14.7 2441
520 16.9 2610
530 16.9 2779
540 19.4 2973
550 15.7 3130
560 18 3310
570 18.4 3494
580 17.3 3667
590 16.2 3829
600 14.9 3978
610 12.9 4107
620 11.6 4223
630 9.4 4317
640 12 4437
650 10.7 4544
660 9.4 4638
670 4.2 4680
680 5.3 4733
690 10.5 4838
700 9.4 4932
710 6.6 4998
720 3.7 5035
730 1.7 5052
740 0.5 5057
750 0.2 5059
759 0.2 5061
