0 0.1 3157.5390625 0 3157.5390625 3157.5390625 0 0
10 0.1 3157.953125 0.0 3157.953125 3157.5390625 3157.5390625 1
20 0.1 3154.453125 0.0 3157.953125 3154.453125 3157.74609375 2
30 0.1 3150.35546875 0.0 3157.953125 3150.35546875 3156.6484375 3
40 0.1 3146.26171875 0.0 3157.953125 3146.26171875 3155.0751953125 4
50 0.1 3143.8359375 0.0 3157.953125 3143.8359375 3153.3125 5
60 0.1 3144.015625 0.0 3157.953125 3143.8359375 3151.7330729166665 6
70 0.1 3142.2109375 0.0 3157.953125 3142.2109375 3150.6305803571427 7
80 0.1 3141.6171875 0.0 3157.953125 3141.6171875 3149.578125 8
90 0.1 3137.41015625 0.0 3157.953125 3137.41015625 3148.6935763888887 9
100 0.1 3132.56640625 0.0 3157.953125 3132.56640625 3147.565234375 10
110 0.1 3130.16796875 0.0 3157.953125 3130.16796875 3146.2017045454545 11
120 0.1 3127.921875 0.0 3157.953125 3127.921875 3144.8655598958335 12
130 0.1 3126.01953125 0.0 3157.953125 3126.01953125 3143.562199519231 13
140 0.1 3125.41796875 0.0 3157.953125 3125.41796875 3142.309151785714 14
150 0.1 3121.2890625 0.0 3157.953125 3121.2890625 3141.183072916667 15
160 0.1 3116.0234375 0.0 3157.953125 3116.0234375 3139.939697265625 16
170 0.1 3114.3671875 0.0 3157.953125 3114.3671875 3138.5328584558824 17
180 0.1 3113.5703125 0.0 3157.953125 3113.5703125 3137.1903211805557 18
190 0.1 3112.84375 0.0 3157.953125 3112.84375 3135.9471628289475 19
200 0.1 3110.80078125 0.0 3157.953125 3110.80078125 3134.7919921875 20
210 0.1 3106.17578125 0.0 3157.953125 3106.17578125 3133.6495535714284 21
220 0.1 3103.01953125 0.0 3157.953125 3103.01953125 3132.4007457386365 22
230 0.1 3099.65234375 0.0 3157.953125 3099.65234375 3131.123301630435 23
240 0.1 3090.95703125 0.0 3157.953125 3090.95703125 3129.81201171875 24
250 0.1 3083.29296875 0.0 3157.953125 3083.29296875 3128.2578125 25
260 0.1 3072.88671875 0.0 3157.953125 3072.88671875 3126.5283954326924 26
270 0.1 3059.84375 0.0 3157.953125 3059.84375 3124.5416666666665 27
280 0.1 3055.01953125 0.0 3157.953125 3055.01953125 3122.231026785714 28
290 0.1 3050.44140625 0.0 3157.953125 3050.44140625 3119.9133890086205 29
300 0.1 3044.1796875 0.0 3157.953125 3044.1796875 3117.59765625 30
310 0.1 3031.64453125 0.0 3157.953125 3031.64453125 3115.2293346774195 31
320 0.1 3024.328125 0.0 3157.953125 3024.328125 3112.6173095703125 32
330 0.1 3020.28125 0.0 3157.953125 3020.28125 3109.9418797348485 33
340 0.1 2989.30859375 0.0 3157.953125 2989.30859375 3107.304802389706 34
350 0.1 2970.75390625 0.0 3157.953125 2970.75390625 3103.933482142857 35
360 0.1 2956.34765625 0.0 3157.953125 2956.34765625 3100.2340494791665 36
370 0.1 2936.12890625 0.0 3157.953125 2936.12890625 3096.3452280405404 37
380 0.1 2923.0078125 0.0 3157.953125 2923.0078125 3092.1290090460525 38
390 0.1 2899.9140625 0.0 3157.953125 2899.9140625 3087.792568108974 39
400 0.1 2881.48828125 0.0 3157.953125 2881.48828125 3083.0956054687495 40
410 0.1 2872.25 0.0 3157.953125 2872.25 3078.178353658536 41
420 0.1 2856.09765625 0.0 3157.953125 2856.09765625 3073.275297619047 42
430 0.1 2833.16796875 0.0 3157.953125 2833.16796875 3068.224654796511 43
440 0.1 2803.421875 0.0 3157.953125 2803.421875 3062.882457386363 44
450 0.1 2790.45703125 0.0 3157.953125 2790.45703125 3057.116666666666 45
460 0.1 2758.65234375 0.0 3157.953125 2758.65234375 3051.3197180706516 46
470 0.1 2724.359375 0.0 3157.953125 2724.359375 3045.0927526595738 47
480 0.1 2692.515625 0.0 3157.953125 2692.515625 3038.410807291666 48
490 0.1 2665.95703125 0.0 3157.953125 2665.95703125 3031.351721938775 49
500 0.1 2633.67578125 0.0 3157.953125 2633.67578125 3024.0438281249994 50
510 0.1 2612.9375 0.0 3157.953125 2612.9375 3016.3895526960778 51
520 0.1 2606.421875 0.0 3157.953125 2606.421875 3008.6308593749995 52
530 0.1 2602.98828125 0.0 3157.953125 2602.98828125 3001.042010613207 53
540 0.1 2601.13671875 0.0 3157.953125 2601.13671875 2993.670645254629 54
550 0.1 2604.69140625 0.0 3157.953125 2601.13671875 2986.5336647727268 55
560 0.1 2609.02734375 0.0 3157.953125 2601.13671875 2979.715053013392 56
570 0.1 2614.6171875 0.0 3157.953125 2601.13671875 2973.2117598684204 57
590 0.1 2617.52734375 0.0 3157.953125 2601.13671875 2967.0290948275856 58
600 0.1 2621.890625 0.0 3157.953125 2601.13671875 2961.105336334745 59
610 0.1 2620.7578125 0.0 3157.953125 2601.13671875 2955.4517578124996 60
620 0.1 2635.1171875 0.0 3157.953125 2601.13671875 2949.96497182377 61
630 0.1 2638.0546875 0.0 3157.953125 2601.13671875 2944.8867817540317 62
640 0.1 2638.4453125 0.0 3157.953125 2601.13671875 2940.016431051587 63
650 0.1 2638.69921875 0.0 3157.953125 2601.13671875 2935.3043823242183 64
660 0.1 2654.32421875 0.0 3157.953125 2601.13671875 2930.741225961538 65
670 0.1 2653.75390625 0.0 3157.953125 2601.13671875 2926.553089488636 66
680 0.1 2653.52734375 0.0 3157.953125 2601.13671875 2922.4814598880594 67
690 0.1 2657.79296875 0.0 3157.953125 2601.13671875 2918.5262522977937 68
700 0.1 2669.39453125 0.0 3157.953125 2601.13671875 2914.7475090579705 69
710 0.1 2680.7265625 0.0 3157.953125 2601.13671875 2911.242466517857 70
720 0.1 2714.578125 0.0 3157.953125 2601.13671875 2907.995763644366 71
730 0.1 2805.0859375 0.0 3157.953125 2601.13671875 2905.309407552083 72
740 0.1 2879.296875 0.0 3157.953125 2601.13671875 2903.936483304794 73
750 0.1 2910.48046875 0.0 3157.953125 2601.13671875 2903.603515624999 74
759 0.1 2951.7890625 0.0 3157.953125 2601.13671875 2903.6952083333326 75
