0 0.1 0.0 0 0.0 0.0 0 0
10 0.1 0.0 0.0 0.0 0.0 0.0 1
20 0.1 0.0 0.0 0.0 0.0 0.0 2
30 0.1 0.0 0.0 0.0 0.0 0.0 3
40 0.1 0.0 0.0 0.0 0.0 0.0 4
50 0.1 0.0 0.0 0.0 0.0 0.0 5
60 0.1 0.0 0.0 0.0 0.0 0.0 6
70 0.1 0.0 0.0 0.0 0.0 0.0 7
80 0.1 0.0 0.0 0.0 0.0 0.0 8
90 0.1 0.0 0.0 0.0 0.0 0.0 9
100 0.1 0.0 0.0 0.0 0.0 0.0 10
110 0.1 0.0 0.0 0.0 0.0 0.0 11
120 0.1 0.0 0.0 0.0 0.0 0.0 12
130 0.1 0.0 0.0 0.0 0.0 0.0 13
140 0.1 0.0 0.0 0.0 0.0 0.0 14
150 0.1 0.0 0.0 0.0 0.0 0.0 15
160 0.1 0.0 0.0 0.0 0.0 0.0 16
170 0.1 0.0 0.0 0.0 0.0 0.0 17
180 0.1 0.0 0.0 0.0 0.0 0.0 18
190 0.1 0.0 0.0 0.0 0.0 0.0 19
200 0.1 0.0 0.0 0.0 0.0 0.0 20
210 0.1 0.0 0.0 0.0 0.0 0.0 21
220 0.1 0.0 0.0 0.0 0.0 0.0 22
230 0.1 0.0 0.0 0.0 0.0 0.0 23
240 0.1 0.078125 0.0 0.078125 0.0 0.0 24
250 0.1 0.140625 0.0 0.140625 0.0 0.003125 25
260 0.1 0.12109375 0.0 0.140625 0.0 0.008413461538461538 26
270 0.1 0.26171875 0.0 0.26171875 0.0 0.012586805555555556 27
280 0.1 0.21875 0.0 0.26171875 0.0 0.021484375 28
290 0.1 0.1796875 0.0 0.26171875 0.0 0.028286637931034482 29
300 0.1 0.23828125 0.0 0.26171875 0.0 0.03333333333333333 30
310 0.1 0.3515625 0.0 0.3515625 0.0 0.039944556451612906 31
320 0.1 0.30078125 0.0 0.3515625 0.0 0.0496826171875 32
330 0.1 0.328125 0.0 0.3515625 0.0 0.057291666666666664 33
340 0.1 0.359375 0.0 0.359375 0.0 0.06525735294117647 34
350 0.1 0.37890625 0.0 0.37890625 0.0 0.07366071428571429 35
360 0.1 0.3984375 0.0 0.3984375 0.0 0.08213975694444445 36
370 0.1 0.33984375 0.0 0.3984375 0.0 0.0906883445945946 37
380 0.1 0.28125 0.0 0.3984375 0.0 0.09724506578947369 38
390 0.1 0.3203125 0.0 0.3984375 0.0 0.10196314102564102 39
400 0.1 0.26953125 0.0 0.3984375 0.0 0.107421875 40
410 0.1 0.23046875 0.0 0.3984375 0.0 0.11137576219512195 41
420 0.1 0.19140625 0.0 0.3984375 0.0 0.11421130952380952 42
430 0.1 0.16015625 0.0 0.3984375 0.0 0.11600654069767442 43
440 0.1 0.140625 0.0 0.3984375 0.0 0.11700994318181818 44
450 0.1 0.19140625 0.0 0.3984375 0.0 0.11753472222222222 45
460 0.1 0.23828125 0.0 0.3984375 0.0 0.119140625 46
470 0.1 0.28125 0.0 0.3984375 0.0 0.12167553191489362 47
480 0.1 0.30859375 0.0 0.3984375 0.0 0.125 48
490 0.1 0.33984375 0.0 0.3984375 0.0 0.1287468112244898 49
500 0.1 0.2890625 0.0 0.3984375 0.0 0.13296875 50
510 0.1 0.3984375 0.0 0.3984375 0.0 0.13602941176470587 51
520 0.1 0.48828125 0.0 0.48828125 0.0 0.14107572115384615 52
530 0.1 0.58984375 0.0 0.58984375 0.0 0.14762676886792453 53
540 0.1 0.5 0.0 0.58984375 0.0 0.1558159722222222 54
550 0.1 0.5 0.0 0.58984375 0.0 0.16207386363636364 55
560 0.1 0.421875 0.0 0.58984375 0.0 0.16810825892857142 56
570 0.1 0.44140625 0.0 0.58984375 0.0 0.17256030701754385 57
590 0.1 0.37109375 0.0 0.58984375 0.0 0.1771955818965517 58
600 0.1 0.390625 0.0 0.58984375 0.0 0.18048199152542374 59
610 0.1 0.328125 0.0 0.58984375 0.0 0.183984375 60
620 0.1 0.28125 0.0 0.58984375 0.0 0.18634733606557377 61
630 0.1 0.30859375 0.0 0.58984375 0.0 0.18787802419354838 62
640 0.1 0.26171875 0.0 0.58984375 0.0 0.18979414682539683 63
650 0.1 0.30078125 0.0 0.58984375 0.0 0.19091796875 64
660 0.1 0.328125 0.0 0.58984375 0.0 0.19260817307692307 65
670 0.1 0.359375 0.0 0.58984375 0.0 0.19466145833333334 66
680 0.1 0.30078125 0.0 0.58984375 0.0 0.19711986940298507 67
690 0.1 0.26171875 0.0 0.58984375 0.0 0.19864430147058823 68
700 0.1 0.21875 0.0 0.58984375 0.0 0.1995584239130435 69
710 0.1 0.1796875 0.0 0.58984375 0.0 0.1998325892857143 70
720 0.1 0.1484375 0.0 0.58984375 0.0 0.1995488556338028 71
730 0.1 0.12890625 0.0 0.58984375 0.0 0.19883897569444445 72
740 0.1 0.109375 0.0 0.58984375 0.0 0.19788099315068494 73
750 0.1 0.08984375 0.0 0.58984375 0.0 0.19668496621621623 74
759 0.1 0.078125 0.0 0.58984375 0.0 0.19526041666666666 75
