10 0.2 2
20 0.6 8
30 0.4 12
40 0.6 18
50 0.8 26
60 0.5 31
70 0.1 32
80 0.6 38
90 0.9 47
100 1.3 60
110 2.1 81
120 1.5 96
130 1.4 110
140 1.6 126
150 1.5 141
160 2.2 163
170 2.1 184
180 2.1 205
190 2 225
200 1.8 243
210 3.4 277
220 3 307
230 2.8 335
240 5.1 386
250 3.7 423
260 4.1 464
270 5.5 519
280 6.2 581
290 4.9 630
300 5.7 687
310 5.6 743
320 3.7 780
330 4.6 826
340 10.9 935
350 9.7 1032
360 15.2 1184
370 12.1 1305
380 13.4 1439
390 16.6 1605
400 16.7 1772
410 21.8 1990
420 19.7 2187
430 16.3 2350
440 20.4 2554
450 20 2754
460 20.2 2956
470 19.6 3152
480 23.4 3386
490 22.2 3608
500 23.6 3844
510 27.3 4117
520 29.2 4409
530 30.2 4711
540 30.8 5019
550 28.8 5307
560 30.4 5611
570 24.1 5852
580 20.4 6056
590 16.7 6223
600 13.8 6361
610 9.7 6458
620 8.5 6543
630 6 6603
640 6.3 6666
650 4.7 6713
660 2.9 6742
670 1.2 6754
680 0.8 6762
690 0.4 6766
700 0.1 6767
710 0.1 6768
720 0 6768
730 0 6768
740 0 6768
750 0 6768
759 0 6768
