0 4.3 74.2605945675872 97.55846043150834 409.323974609375 8.506103515625 0 0
10 11.8 82.0724042472193 149.35379232726797 1043.782958984375 7.031005859375 74.2605945675872 43
20 14.3 349.806082345389 710.1298056597523 3723.5830078125 0.875 79.98602029551631 161
30 16.2 408.144014334973 1056.756264816399 5363.995849609375 0.8408203125 206.90795737818667 304
40 18.1 110.9378884668508 305.55332881782607 5363.995849609375 0.8408203125 276.8655565777562 466
50 26.5 585.5526984448704 1373.062180447155 6863.235107421875 0.8408203125 230.44684262400986 647
60 19.4 503.10593815439745 1449.0194142706973 7014.31103515625 0.780029296875 333.6300134491502 912
70 8 2646.0399475097647 3606.6383469357456 11504.2119140625 0.780029296875 363.35725521480845 1106
80 35 1484.064466378347 3516.9999677128562 19531.7587890625 0.716064453125 517.3324789783805 1186
90 39 793.7426369691503 1580.41541526909 19531.7587890625 0.716064453125 737.6164604822792 1536
100 57.9 258.14057355758854 617.2752382150155 19531.7587890625 0.701904296875 748.981574101116 1926
110 62 95.42500630040317 245.454441407316 19531.7587890625 0.701904296875 635.5297021191989 2505
120 56.7 77.28084568245698 191.51310195033943 19531.7587890625 0.701904296875 528.3729304687498 3125
130 64.9 183.59857036666992 431.8442128458621 19531.7587890625 0.701904296875 459.09632914864477 3692
140 67.1 288.2678302702358 620.9611787075874 19531.7587890625 0.656005859375 417.90811319621406 4341
150 60.6 651.8264579143461 1223.8857666213003 19531.7587890625 0.656005859375 400.5520417989013 5012
160 70.7 327.187856024023 734.8675586766494 19531.7587890625 0.656005859375 427.6564020990009 5618
170 66.6 419.0154032206038 821.6565375478174 19531.7587890625 0.656005859375 416.42616303575835 6325
180 61 282.8725265753074 641.8774821675522 19531.7587890625 0.635986328125 416.6728278852945 6991
190 83.7 487.0260679183474 876.3929352641023 19531.7587890625 0.635986328125 405.93500604618225 7601
200 76.4 655.8927292748892 916.6718508742073 19531.7587890625 0.635986328125 413.97876271683907 8438
210 115.6 392.2331720371968 878.5594107165946 19531.7587890625 0.635986328125 434.0637736329823 9202
220 78 795.5213166065704 1178.7605913082903 19531.7587890625 0.635986328125 429.3952878785193 10358
230 90.2 1039.1184915682177 1388.3887023067418 19531.7587890625 0.635986328125 455.0352862990508 11138
240 176.2 149.3829184974905 413.0803718288409 19531.7587890625 0.568115234375 498.793014800113 12040
250 154.1 225.99474661973753 456.1439815434067 19531.7587890625 0.568115234375 454.1863933187899 13802
260 178.9 296.8954777896168 583.7350000927611 19531.7587890625 0.568115234375 431.2675816415925 15343
270 190.2 167.67826706879285 348.2482524813377 19531.7587890625 0.568115234375 417.23584607124553 17132
280 180.5 509.42137265192196 763.9516465685477 19531.7587890625 0.568115234375 392.2984437773154 19034
290 168.2 336.21294752340947 570.0656258083714 19531.7587890625 0.568115234375 402.4432149572504 20839
300 247.5 109.71597725299841 290.71765592630607 19531.7587890625 0.568115234375 397.4967512201286 22521
310 239.8 278.890308472392 467.0891044597191 19531.7587890625 0.568115234375 369.0018954204548 24996
320 114 1099.2170039662128 1012.178233866191 19531.7587890625 0.568115234375 361.1137598615202 27394
330 151.6 3576.242784807107 4243.298152520352 19531.7587890625 0.568115234375 390.6027098257506 28534
340 349.5 157.7737408770347 241.9726947452423 19531.7587890625 0.568115234375 551.3158663539282 30050
350 295.5 285.9187088554886 361.04306787567197 19531.7587890625 0.568115234375 510.31334053661584 33545
360 397.5 313.9182976488793 512.5306420364735 19531.7587890625 0.568115234375 492.1465970676369 36500
370 466.2 81.76583227340078 154.83460540521966 19531.7587890625 0.568115234375 474.6430148517119 40475
380 443.3 80.53048051368988 116.1317781220083 19531.7587890625 0.568115234375 434.0644778381734 45137
390 479.9 67.86109120837338 108.67240813405273 19531.7587890625 0.568115234375 402.4482541113339 49570
400 501 59.020312987306646 60.135457515749124 19531.7587890625 0.568115234375 372.9151783738492 54369
410 509.9 90.51151535533916 110.66793639762373 19531.7587890625 0.568115234375 346.43084425595265 59379
420 521.4 120.17131573348215 155.8868242825959 19531.7587890625 0.56689453125 326.1924271514483 64478
430 471.2 291.5838843768235 344.3508697210762 19531.7587890625 0.56689453125 310.77897833475095 69692
440 569.5 110.01839388478113 102.56830558973152 19531.7587890625 0.56689453125 309.563354406874 74404
450 499.4 405.2913397444125 314.0312107813556 19531.7587890625 0.56689453125 295.37580462256557 80099
460 498.8 775.3186310719952 366.39792252228557 19531.7587890625 0.56689453125 301.82660765452476 85093
470 503.3 860.7308861611007 422.2440568464812 19531.7587890625 0.56689453125 328.04499125158014 90081
480 537.1 929.9673936581431 500.51545920406755 19531.7587890625 0.56689453125 356.2323044660345 95114
490 568.3 952.0063509211963 456.7025110602184 19531.7587890625 0.528076171875 386.8988831996845 100485
500 579 1026.775834589878 636.3173444873862 19531.7587890625 0.528076171875 417.1481648953117 106168
510 628.9 962.4259242250232 725.207392626415 19531.7587890625 0.528076171875 448.67556095036394 111958
520 692.7 879.3627050330117 801.6482158015763 19531.7587890625 0.528076171875 475.9995187220988 118247
530 704.9 913.3707117282815 859.1516700821699 19531.7587890625 0.528076171875 498.32122124479275 125174
540 658.6 935.2280588529406 868.1931128949932 19531.7587890625 0.528076171875 520.4481118645648 132223
550 594.1 1033.6744205800399 714.692885967595 19531.7587890625 0.52001953125 540.127964978307 138809
560 523.9 1175.2835346417821 769.5285839374045 19531.7587890625 0.518798828125 560.3846799539884 144750
570 458 1321.046522701879 1294.2701978850569 19531.7587890625 0.518798828125 581.862622334492 149989
580 389.6 1561.5142735788681 1064.016037856533 19531.7587890625 0.518798828125 603.7652177040851 154569
590 355.3 1564.9126676757521 790.0234514805868 19531.7587890625 0.518798828125 627.3123121519957 158465
600 318.3 1630.332121757677 665.2048683011163 19531.7587890625 0.518798828125 647.873571167512 162018
610 312.2 1477.5493528474833 562.7119058486612 19531.7587890625 0.518798828125 666.8030302296756 165201
620 288.2 1321.9749716891758 429.8683128066606 19531.7587890625 0.518798828125 681.8404880887489 168323
630 262.1 1337.5876780615085 472.0420436777112 19531.7587890625 0.518798828125 692.6162690632323 171205
640 273.2 1062.7766828187907 327.3198446233769 19531.7587890625 0.518798828125 702.341339323058 173826
650 242.4 833.6065868214018 319.5318736463856 19531.7587890625 0.518798828125 707.9185964194816 176558
660 252.8 568.0005992454817 354.5810052865184 19531.7587890625 0.518798828125 709.6208217199825 178982
670 137.3 670.1659420093997 560.3668985058356 19531.7587890625 0.518798828125 707.6483908764172 181510
680 124.4 2727.051533297331 3301.4959392531123 19531.7587890625 0.518798828125 707.3669901869358 182883
690 201 114.95156602242709 144.18835902572627 19531.7587890625 0.518798828125 721.0123956496291 184127
700 132.3 41.47175368628355 82.15814573269934 19531.7587890625 0.518798828125 714.4678490653891 186137
710 62.9 40.53433183873213 99.28135025396215 19531.7587890625 0.518798828125 709.7181753526688 187460
720 29.1 31.615711749624122 80.54397081290553 19531.7587890625 0.518798828125 707.4803164796339 188089
730 9 47.589803059895836 146.5853045150855 19531.7587890625 0.518798828125 706.4362746494161 188380
740 2.8 171.85138811383928 758.965838593794 19531.7587890625 0.518798828125 706.1216559703528 188470
750 1.8 919.8050537109375 1742.3418427152174 19531.7587890625 0.518798828125 706.0422940275206 188498
759 0.4 16.81243896484375 0.4771500194334397 19531.7587890625 0.518798828125 706.0627046540685 188516
