10 0.1 253 0 253 253 0 0
20 0.1 683.0 0.0 683 253 253.0 1
30 0.1 932.0 0.0 932 253 468.0 2
40 0.1 828.0 0.0 932 253 622.6666666666666 3
50 0.1 1033.0 0.0 1033 253 674.0 4
60 0.1 1394.0 0.0 1394 253 745.8 5
70 0.1 843.0 0.0 1394 253 853.8333333333334 6
80 0.1 381.0 0.0 1394 253 852.2857142857143 7
90 0.1 1850.0 0.0 1850 253 793.375 8
100 0.1 2312.0 0.0 2312 253 910.7777777777778 9
110 0.1 2876.0 0.0 2876 253 1050.9 10
120 0.1 2775.0 0.0 2876 253 1216.8181818181818 11
130 0.1 2920.0 0.0 2920 253 1346.6666666666667 12
140 0.1 3056.0 0.0 3056 253 1467.6923076923076 13
150 0.1 3408.0 0.0 3408 253 1581.142857142857 14
160 0.1 3321.0 0.0 3408 253 1702.9333333333334 15
170 0.1 3097.0 0.0 3408 253 1804.0625 16
180 0.1 4062.0 0.0 4062 253 1880.1176470588234 17
190 0.1 3201.0 0.0 4062 253 2001.3333333333333 18
200 0.1 4339.0 0.0 4339 253 2064.4736842105262 19
210 0.1 4371.0 0.0 4371 253 2178.2 20
220 0.1 4705.0 0.0 4705 253 2282.6190476190477 21
230 0.1 5211.0 0.0 5211 253 2392.7272727272725 22
240 0.1 7288.0 0.0 7288 253 2515.260869565217 23
250 0.1 7951.0 0.0 7951 253 2714.1249999999995 24
260 0.1 9315.0 0.0 9315 253 2923.5999999999995 25
270 0.1 9273.0 0.0 9315 253 3169.423076923076 26
280 0.1 9619.0 0.0 9619 253 3395.481481481481 27
290 0.1 9363.0 0.0 9619 253 3617.7499999999995 28
300 0.1 10596.0 0.0 10596 253 3815.8620689655168 29
310 0.1 12526.0 0.0 12526 253 4041.8666666666663 30
320 0.1 11264.0 0.0 12526 253 4315.548387096775 31
330 0.1 3518.0 0.0 12526 253 4532.6875 32
340 0.1 17648.0 0.0 17648 253 4501.939393939394 33
350 0.1 18428.0 0.0 18428 253 4888.588235294118 34
360 0.1 20348.0 0.0 20348 253 5275.428571428572 35
370 0.1 24353.0 0.0 24353 253 5694.111111111111 36
380 0.1 22794.0 0.0 24353 253 6198.405405405405 37
390 0.1 26505.0 0.0 26505 253 6635.131578947367 38
400 0.1 27388.0 0.0 27388 253 7144.615384615385 39
410 0.1 29756.0 0.0 29756 253 7650.7 40
420 0.1 29946.0 0.0 29946 253 8189.8536585365855 41
430 0.1 29263.0 0.0 29946 253 8707.857142857143 42
440 0.1 34706.0 0.0 34706 253 9185.883720930233 43
450 0.1 32722.0 0.0 34706 253 9765.886363636364 44
460 0.1 31950.0 0.0 34706 253 10276.022222222222 45
470 0.1 31566.0 0.0 34706 253 10747.195652173914 46
480 0.1 32715.0 0.0 34706 253 11190.148936170213 47
490 0.1 33321.0 0.0 34706 253 11638.583333333334 48
500 0.1 31983.0 0.0 34706 253 12081.081632653062 49
510 0.1 31796.0 0.0 34706 253 12479.12 50
520 0.1 31755.0 0.0 34706 253 12857.882352941177 51
530 0.1 29656.0 0.0 34706 253 13221.288461538461 52
540 0.1 29007.0 0.0 34706 253 13531.377358490567 53
550 0.1 28238.0 0.0 34706 253 13817.962962962964 54
560 0.1 24457.0 0.0 34706 253 14080.145454545454 55
570 0.1 17757.0 0.0 34706 253 14265.44642857143 56
590 0.1 17351.0 0.0 34706 253 14326.701754385966 57
600 0.1 16098.0 0.0 34706 253 14378.844827586207 58
610 0.1 14931.0 0.0 34706 253 14407.983050847457 59
620 0.1 14785.0 0.0 34706 253 14416.7 60
630 0.1 13237.0 0.0 34706 253 14422.737704918032 61
640 0.1 12294.0 0.0 34706 253 14403.612903225807 62
650 0.1 12736.0 0.0 34706 253 14370.126984126984 63
660 0.1 11867.0 0.0 34706 253 14344.59375 64
670 0.1 11514.0 0.0 34706 253 14306.476923076923 65
680 0.1 4885.0 0.0 34706 253 14264.166666666666 66
690 0.1 7958.0 0.0 34706 253 14124.179104477613 67
700 0.1 8230.0 0.0 34706 253 14033.5 68
710 0.1 4263.0 0.0 34706 253 13949.391304347826 69
720 0.1 2086.0 0.0 34706 253 13811.014285714286 70
730 0.1 859.0 0.0 34706 253 13645.87323943662 71
740 0.1 314.0 0.0 34706 253 13468.277777777777 72
750 0.1 70.0 0.0 34706 70 13288.082191780823 73
759 0.1 94.0 0.0 34706 70 13109.45945945946 74
