0 4.5 70.95615234375 96.02243192593316 409.323974609375 8.506103515625 0 0
10 14.2 68.18929323008368 134.54886290330367 1043.782958984375 7.031005859375 70.95615234375 45
20 17.2 290.81646302688927 658.5581477130736 3723.5830078125 0.875 68.85511494192852 187
30 18.3 361.29820509947064 1001.1233134339359 5363.995849609375 0.8408203125 175.1987134673136 359
40 20.6 97.46594356796116 287.4398976522173 5363.995849609375 0.8408203125 238.03304366783897 542
50 28.1 552.2068044859317 1333.202765501546 6863.235107421875 0.8408203125 199.32071396118812 748
60 21.2 485.2981129772259 1408.653171971707 7014.31103515625 0.780029296875 295.68708076143395 1029
70 8.6 2400.0102084847395 3435.602590014625 11504.2119140625 0.780029296875 328.0783288111905 1241
80 39.9 1301.8011765253007 3328.292273467585 19531.7587890625 0.716064453125 462.35575281414845 1327
90 43.9 705.1406605922551 1507.0022414267285 19531.7587890625 0.716064453125 656.4106334982445 1726
100 63.6 234.99892209610854 590.6756648791917 19531.7587890625 0.701904296875 666.2916874909791 2165
110 67.9 87.12804402729199 235.53064739422442 19531.7587890625 0.701904296875 568.3615915284166 2801
120 59.9 73.14933010094946 186.50754867231484 19531.7587890625 0.701904296875 474.4657355648351 3480
130 70.9 168.05370164018427 415.64185624216634 19531.7587890625 0.701904296875 415.53253456633854 4079
140 73.6 262.80132260529916 594.6096691507192 19531.7587890625 0.656005859375 378.8862328652852 4788
150 68.6 575.8031443604233 1165.630075395795 19531.7587890625 0.656005859375 363.41945264237614 5524
160 77 300.41054846032887 708.3529953655581 19531.7587890625 0.656005859375 386.8808395213746 6210
170 73.8 378.128313100758 789.3568090615366 19531.7587890625 0.656005859375 377.34185325819334 6980
180 64.7 271.66802648340905 637.0474412551316 19531.7587890625 0.635986328125 377.4170550415326 7718
190 89.8 450.45409721255635 829.1430986479307 19531.7587890625 0.635986328125 369.23778170296646 8365
200 83.5 601.7834037004114 891.2505296854463 19531.7587890625 0.635986328125 377.1112839514401 9263
210 128.6 351.4180756327153 833.6598135607777 19531.7587890625 0.635986328125 395.6893409914868 10098
220 88.1 704.4230932090662 1120.6249629845554 19531.7587890625 0.635986328125 390.68821245570143 11384
230 99.8 939.0578958209398 1340.879576437875 19531.7587890625 0.635986328125 413.2239181176431 12265
240 190.4 138.33084298782987 398.1875530436044 19531.7587890625 0.568115234375 452.79130933741914 13263
250 169.5 205.34507023184 435.19144477472827 19531.7587890625 0.568115234375 413.31529378196205 15167
260 197.9 268.4699705797597 553.3006720550206 19531.7587890625 0.568115234375 392.40973519357055 16862
270 212.4 150.14120443168113 327.3142766700921 19531.7587890625 0.568115234375 379.39148806386766 18841
280 197.1 466.417122742659 733.2551114166391 19531.7587890625 0.568115234375 356.16574981274607 20965
290 182.7 309.72737870740934 544.3733948848336 19531.7587890625 0.568115234375 365.6401767418034 22936
300 266.3 101.88582561520141 279.4476733902388 19531.7587890625 0.568115234375 361.5149624297718 24763
310 264.3 253.03172618044738 438.19520328220267 19531.7587890625 0.568115234375 336.3055847831153 27426
320 126.9 998.9310813525047 956.7751427434677 19531.7587890625 0.568115234375 328.98599290154783 30069
330 167.1 3238.864311286749 4106.757832298744 19531.7587890625 0.568115234375 356.11472853382384 31338
340 393.5 138.9330171810479 213.56989355054887 19531.7587890625 0.568115234375 502.0468849996404 33009
350 331.7 259.1188210414625 338.95183894543965 19531.7587890625 0.568115234375 463.3706975303311 36944
360 432.3 285.11202762205824 458.5652860913852 19531.7587890625 0.568115234375 446.5429119732516 40261
370 510 74.66921745749084 141.36039710395522 19531.7587890625 0.568115234375 430.8900833116194 44584
380 490.3 72.83318941169627 106.6940182426509 19531.7587890625 0.568115234375 394.3244602567917 49684
390 528.7 61.53464206315312 99.56909899271768 19531.7587890625 0.568115234375 365.44813987000543 54587
400 553.3 53.5501029247103 53.25044586332106 19531.7587890625 0.568115234375 338.61193946741287 59874
410 562.7 81.95198525767249 99.00426852001699 19531.7587890625 0.568115234375 314.49759174330427 65407
420 570.9 109.82435478281278 138.5723863468999 19531.7587890625 0.56689453125 296.07635504405243 71034
430 515.8 266.1888950757623 308.2872806979536 19531.7587890625 0.56689453125 282.2208546141576 76743
440 634.4 98.75583497633073 87.2472905099395 19531.7587890625 0.56689453125 281.21118626701843 81901
450 557.3 365.33656728030127 258.7171926562812 19531.7587890625 0.56689453125 268.09433263691903 88245
460 552.6 703.7762516558798 265.63735291242006 19531.7587890625 0.56689453125 273.870739868661 93818
470 558 781.5128505911873 320.34543203803184 19531.7587890625 0.56689453125 297.7841906873936 99344
480 594 839.2799107201573 364.1028671309127 19531.7587890625 0.56689453125 323.50953400506324 104924
490 628.3 861.3888791400169 318.72837763345234 19531.7587890625 0.528076171875 351.1440775691387 110864
500 650 918.2423452899645 496.98403673921155 19531.7587890625 0.528076171875 378.51027634733896 117147
510 699.6 861.5622691900958 591.7187936205227 19531.7587890625 0.528076171875 406.8834552204783 123647
520 773.2 791.1835346725157 682.4885703549778 19531.7587890625 0.528076171875 431.2317401077776 130643
530 781.9 822.3895019656153 734.2727612865715 19531.7587890625 0.528076171875 451.34481888338416 138375
540 731.2 842.574640019456 730.4573275451081 19531.7587890625 0.528076171875 471.1896714561297 146194
550 649 944.5217297946356 590.9134171854971 19531.7587890625 0.52001953125 488.8799694909625 153506
560 554.5 1106.8810028654061 678.7689028328995 19531.7587890625 0.518798828125 507.3624004540543 159996
570 468 1288.9562159350808 1247.7546120157654 19531.7587890625 0.518798828125 527.4440155848736 165541
580 392.9 1543.3777430867615 1037.7615109457581 19531.7587890625 0.518798828125 548.3807807174892 170221
590 356.2 1559.183701426845 781.3811903395198 19531.7587890625 0.518798828125 570.8289177553811 174150
600 318.4 1629.8200686660866 664.372418705347 19531.7587890625 0.518798828125 590.6391710834499 177712
610 312.2 1477.5493528474833 562.7119058486612 19531.7587890625 0.518798828125 608.9300784440501 180896
620 288.2 1321.9749716891758 429.8683128066606 19531.7587890625 0.518798828125 623.6668399276415 184018
630 262.1 1337.5876780615085 472.0420436777112 19531.7587890625 0.518798828125 634.4347587919365 186900
640 273.2 1062.7766828187907 327.3198446233769 19531.7587890625 0.518798828125 644.1590838081909 189521
650 242.4 833.6065868214018 319.5318736463856 19531.7587890625 0.518798828125 650.1078246886815 192253
660 252.8 568.0005992454817 354.5810052865184 19531.7587890625 0.518798828125 652.3926400464778 194677
670 137.3 670.1659420093997 560.3668985058356 19531.7587890625 0.518798828125 651.3108060202366 197205
680 124.4 2727.051533297331 3301.4959392531123 19531.7587890625 0.518798828125 651.441173441165 198578
690 201 114.95156602242709 144.18835902572627 19531.7587890625 0.518798828125 664.3629702786558 199822
700 132.3 41.47175368628355 82.15814573269934 19531.7587890625 0.518798828125 658.8915042942974 201832
710 62.9 40.53433183873213 99.28135025396215 19531.7587890625 0.518798828125 654.8707008188505 203155
720 29.1 31.615711749624122 80.54397081290553 19531.7587890625 0.518798828125 652.9744892610811 203784
730 9 47.589803059895836 146.5853045150855 19531.7587890625 0.518798828125 652.0884649844386 204075
740 2.8 171.85138811383928 758.965838593794 19531.7587890625 0.518798828125 651.8219899295898 204165
750 1.8 919.8050537109375 1742.3418427152174 19531.7587890625 0.518798828125 651.7561738788396 204193
759 0.4 16.81243896484375 0.4771500194334397 19531.7587890625 0.518798828125 651.7798008129273 204211
