10 0.1 210 0 210 210 0 0
20 0.1 499.0 0.0 499 210 210.0 1
30 0.1 612.0 0.0 612 210 354.5 2
40 0.1 575.0 0.0 612 210 440.3333333333333 3
50 0.1 791.0 0.0 791 210 474.0 4
60 0.1 1091.0 0.0 1091 210 537.4 5
70 0.1 664.0 0.0 1091 210 629.6666666666666 6
80 0.1 341.0 0.0 1091 210 634.5714285714286 7
90 0.1 1560.0 0.0 1560 210 597.875 8
100 0.1 1869.0 0.0 1869 210 704.7777777777778 9
110 0.1 2259.0 0.0 2259 210 821.2 10
120 0.1 2362.0 0.0 2362 210 951.9090909090909 11
130 0.1 2323.0 0.0 2362 210 1069.4166666666667 12
140 0.1 2583.0 0.0 2583 210 1165.8461538461538 13
150 0.1 2778.0 0.0 2778 210 1267.0714285714287 14
160 0.1 2606.0 0.0 2778 210 1367.8 15
170 0.1 2532.0 0.0 2778 210 1445.1875 16
180 0.1 3090.0 0.0 3090 210 1509.1176470588234 17
190 0.1 2531.0 0.0 3090 210 1596.9444444444443 18
200 0.1 3469.0 0.0 3469 210 1646.1052631578948 19
210 0.1 3395.0 0.0 3469 210 1737.25 20
220 0.1 3720.0 0.0 3720 210 1816.1904761904761 21
230 0.1 4077.0 0.0 4077 210 1902.7272727272727 22
240 0.1 5499.0 0.0 5499 210 1997.2608695652175 23
250 0.1 6465.0 0.0 6465 210 2143.1666666666665 24
260 0.1 6969.0 0.0 6969 210 2316.04 25
270 0.1 7230.0 0.0 7230 210 2495.0 26
280 0.1 7.5e3 0.0 7500 210 2670.3703703703704 27
290 0.1 7025.0 0.0 7500 210 2842.8571428571427 28
300 0.1 8095.0 0.0 8095 210 2987.0689655172414 29
310 0.1 10029.0 0.0 10029 210 3157.3333333333335 30
320 0.1 8727.0 0.0 10029 210 3379.0 31
330 0.1 3021.0 0.0 10029 210 3546.125 32
340 0.1 13621.0 0.0 13621 210 3530.212121212121 33
350 0.1 14358.0 0.0 14358 210 3827.0 34
360 0.1 14555.0 0.0 14555 210 4127.885714285714 35
370 0.1 18538.0 0.0 18538 210 4417.527777777777 36
380 0.1 18498.0 0.0 18538 210 4799.1621621621625 37
390 0.1 20605.0 0.0 20605 210 5159.6578947368425 38
400 0.1 20988.0 0.0 20988 210 5555.6923076923085 39
410 0.1 22505.0 0.0 22505 210 5941.500000000001 40
420 0.1 22467.0 0.0 22505 210 6345.487804878049 41
430 0.1 21673.0 0.0 22505 210 6729.333333333333 42
440 0.1 25483.0 0.0 25483 210 7076.860465116279 43
450 0.1 24112.0 0.0 25483 210 7495.181818181818 44
460 0.1 23127.0 0.0 25483 210 7864.444444444444 45
470 0.1 22996.0 0.0 25483 210 8196.239130434782 46
480 0.1 23301.0 0.0 25483 210 8511.127659574468 47
490 0.1 24359.0 0.0 25483 210 8819.25 48
500 0.1 23477.0 0.0 25483 210 9136.387755102041 49
510 0.1 24209.0 0.0 25483 210 9423.2 50
520 0.1 24754.0 0.0 25483 210 9713.117647058825 51
530 0.1 23651.0 0.0 25483 210 10002.365384615387 52
540 0.1 23043.0 0.0 25483 210 10259.886792452833 53
550 0.1 21511.0 0.0 25483 210 10496.611111111113 54
560 0.1 18896.0 0.0 25483 210 10696.87272727273 55
570 0.1 14501.0 0.0 25483 210 10843.285714285716 56
590 0.1 13347.0 0.0 25483 210 10907.45614035088 57
600 0.1 12214.0 0.0 25483 210 10949.517241379312 58
610 0.1 11289.0 0.0 25483 210 10970.949152542375 59
620 0.1 10947.0 0.0 25483 210 10976.250000000002 60
630 0.1 9805.0 0.0 25483 210 10975.770491803281 61
640 0.1 8834.0 0.0 25483 210 10956.887096774195 62
650 0.1 9002.0 0.0 25483 210 10923.190476190479 63
660 0.1 8362.0 0.0 25483 210 10893.171875000002 64
670 0.1 8031.0 0.0 25483 210 10854.230769230771 65
680 0.1 3421.0 0.0 25483 210 10811.454545454548 66
690 0.1 5320.0 0.0 25483 210 10701.149253731344 67
700 0.1 6033.0 0.0 25483 210 10622.014705882355 68
710 0.1 3725.0 0.0 25483 210 10555.507246376814 69
720 0.1 1838.0 0.0 25483 210 10457.928571428572 70
730 0.1 781.0 0.0 25483 210 10336.521126760565 71
740 0.1 264.0 0.0 25483 210 10203.805555555557 72
750 0.1 67.0 0.0 25483 67 10067.64383561644 73
759 0.1 54.0 0.0 25483 54 9932.500000000002 74
