20 0.1 22845.01708984375 0 22845.01708984375 22845.01708984375 0 0
30 0.1 15051.93603515625 0.0 22845.01708984375 15051.93603515625 22845.01708984375 1
40 0.3 29400.307942708332 2433.4884861736846 32772.945068359375 15051.93603515625 18948.4765625 2
50 0.2 35756.47961425781 3148.4644775390625 38904.944091796875 15051.93603515625 25219.575390625 5
60 0.3 33775.687744140625 2465.4334113821865 38904.944091796875 15051.93603515625 28230.11945452009 7
70 0.2 58512.26403808594 13645.320922851563 72157.5849609375 15051.93603515625 29893.78994140625 10
80 0.3 62425.17097981771 18740.136621031525 79108.76196289063 15051.93603515625 34663.535624186195 12
90 0.1 89880.01000976563 0.0 89880.01000976563 15051.93603515625 40215.8626953125 15
100 0.8 65552.77914428711 27900.988362826356 100665.26806640625 15051.93603515625 43319.87190246582 16
110 1.1 72965.06301047585 34840.195863371075 116495.22314453125 15051.93603515625 50730.840983072914 24
120 1.5 70524.07014973958 36227.437396464455 120460.58203125 15051.93603515625 57718.73933454241 35
130 1.3 78468.03196364183 31354.858222197774 131311.52709960938 15051.93603515625 61560.33857910156 50
140 1.1 67040.48865855824 33865.512211026245 131311.52709960938 15051.93603515625 65049.22769019717 63
150 1 79252.70141601563 35416.04464797425 131311.52709960938 15051.93603515625 65345.22594225084 74
160 1.3 71027.26928710938 31501.588322237436 131311.52709960938 15051.93603515625 67000.8777843657 84
170 1.7 76773.7510914522 34909.150911196266 138786.95190429688 15051.93603515625 67540.49726411485 97
180 2.1 67945.36147925968 36656.56156588198 138786.95190429688 15051.93603515625 68917.38599275288 114
190 2.3 76408.30659816576 31899.96812598601 138786.95190429688 15051.93603515625 68766.18217954283 135
200 1.7 86276.89362649356 31794.991202088284 138786.95190429688 15051.93603515625 69878.6433290892 158
210 2.1 66047.52534412203 28322.348747424145 138786.95190429688 15051.93603515625 71471.61621512276 175
220 1.9 55776.23219058388 27892.954818912596 138786.95190429688 15051.93603515625 70890.46362180125 196
230 1.6 86424.11837768555 27883.534449230512 138786.95190429688 15051.93603515625 69554.7873557867 215
240 2.6 62745.7236797626 31974.352249325406 138786.95190429688 15051.93603515625 70723.22586812601 231
250 3 66943.68388671873 32095.900680168823 138786.95190429688 15051.93603515625 69916.16338992583 257
260 2.8 67143.76964460096 43947.068527312374 208180.0419921875 15051.93603515625 69605.45124673344 287
270 3 72621.49544270833 30262.860408296525 208180.0419921875 15051.93603515625 69386.63510432167 315
280 4.1 72360.45762076028 29624.043985573473 208180.0419921875 15051.93603515625 69667.92730765964 345
290 3.7 62939.067204655825 29163.19876740608 208180.0419921875 15051.93603515625 69953.92146008744 386
300 4.5 73668.8057562934 31065.952481431286 208180.0419921875 15051.93603515625 69340.32900748467 423
310 4.9 67807.13027642696 29067.325989217854 208180.0419921875 15051.93603515625 69756.52869487013 468
320 2.8 78916.56167166575 27097.482085903393 208180.0419921875 15051.93603515625 69571.76946372174 517
330 2.3 92106.30471934444 31661.07514727127 208180.0419921875 15051.93603515625 70051.86887990969 545
340 6.3 81088.26476081969 35099.47143164138 208180.0419921875 15051.93603515625 70944.91821847836 568
350 5 75156.65214843751 32399.65582363729 208180.0419921875 14525.9521484375 71957.64536929848 631
360 8 71218.50988769531 34932.8455753636 208180.0419921875 14525.9521484375 72192.52105058622 681
370 8.1 77888.16457187982 37578.4736256893 208180.0419921875 14525.9521484375 72090.128287076 761
380 8.4 75272.7810407366 35961.94114729577 208180.0419921875 14525.9521484375 72647.8966232626 842
390 10.2 72694.21473843443 32865.65857541657 208180.0419921875 13781.18505859375 72886.0070887786 926
400 12.5 69691.3806328125 32386.991023132094 208180.0419921875 13781.18505859375 72866.97710849154 1028
410 13.8 68707.96550717564 35251.36846150445 208180.0419921875 13781.18505859375 72522.70168831818 1153
420 10.4 69497.22302480845 35637.60441753615 208180.0419921875 12797.95703125 72114.92973402099 1291
430 11.8 76074.6380656614 36072.44316324845 208180.0419921875 12797.95703125 71919.77453849546 1395
440 12.9 74650.2745181535 33346.734804129665 221672.30908203125 12797.95703125 72243.81544808277 1513
450 8.4 72235.17237200055 34327.66033794664 221672.30908203125 12797.95703125 72432.87343836237 1642
460 10 74112.47514160156 35260.06298939213 221672.30908203125 12797.95703125 72423.25183374221 1726
470 9.2 71662.5770130987 30619.854381622987 221672.30908203125 12797.95703125 72515.76132486266 1826
480 11.3 81431.88644868293 37603.42931269378 221672.30908203125 7052.091064453125 72474.83694703039 1918
490 14.1 84905.4285776125 35894.489643146815 221672.30908203125 7052.091064453125 72973.18583609328 2031
500 12.2 82102.09967341191 36141.47538061066 221672.30908203125 7052.091064453125 73747.79275439633 2172
510 14.7 84607.54721546819 37492.79067692569 221672.30908203125 7052.091064453125 74192.09329673281 2294
520 16.9 84590.6725611941 43025.85473668531 221672.30908203125 7052.091064453125 74819.32464702126 2441
530 16.9 76694.45114876115 37918.399138237946 221672.30908203125 6435.541015625 75452.0287839926 2610
540 19.4 86981.17680563388 41376.60378530018 221672.30908203125 6435.541015625 75527.58451614298 2779
550 15.7 94054.21397759508 40854.94439143107 221672.30908203125 6435.541015625 76274.97668034118 2973
560 18 94171.19844970701 44632.350714191496 221672.30908203125 6435.541015625 77166.77867895743 3130
570 18.4 93669.4333482825 43569.011280463375 221672.30908203125 6435.541015625 78091.49032812206 3310
580 17.3 102653.56494846234 43202.17172610585 221672.30908203125 6435.541015625 78911.85138012821 3494
590 16.2 105805.31214132425 44313.748771135586 221672.30908203125 6435.541015625 80031.9267679989 3667
600 14.9 122285.83994861577 43160.31104648188 233239.77294921875 6435.541015625 81122.36511495076 3829
610 12.9 125584.6226532219 38284.11927555059 233239.77294921875 6435.541015625 82664.18455944952 3978
620 11.6 137510.28151097798 38335.28825031329 252732.11499023438 6435.541015625 84012.30642799023 4107
630 9.4 146872.6255220453 38538.023265417345 252732.11499023438 6435.541015625 85481.82220104885 4223
640 12 155042.85159301758 38685.788056930905 269456.14697265625 6435.541015625 86818.56890296539 4317
650 10.7 157894.5340473496 36001.35415015635 272938.8498535156 6435.541015625 88663.71515556991 4437
660 9.4 166887.3618164063 28063.38253523488 272938.8498535156 6435.541015625 90293.93030112897 4544
670 4.2 166277.33828590027 27778.680160997388 272938.8498535156 6435.541015625 91846.27669233986 4638
680 5.3 182393.57849351416 21754.220450064706 272938.8498535156 6435.541015625 92514.24775792309 4680
690 10.5 193572.79791434156 21712.082083793455 272938.8498535156 6435.541015625 93520.71395884985 4733
700 9.4 192505.00966433258 19079.734020083823 272938.8498535156 6435.541015625 95692.16265982683 4838
710 6.6 195534.7772882635 18062.39109151235 272938.8498535156 6435.541015625 97537.33857597111 4932
720 3.7 202852.59103805953 18153.267579208954 272938.8498535156 6435.541015625 98831.42240050319 4998
730 1.7 204171.23194795498 13786.04740248869 272938.8498535156 6435.541015625 99595.82820777023 5035
740 0.5 220858.807421875 7428.383029504601 272938.8498535156 6435.541015625 99947.724855352 5052
750 0.2 236533.10705566406 17269.039916992188 272938.8498535156 6435.541015625 100067.2730880656 5057
759 0.2 225968.10986328125 2185.842041015625 272938.8498535156 6435.541015625 100121.22281487628 5059
