0 21.64375 21.64375
10 78.996875 100.640625
20 97.6859375 198.3265625
30 103.2984375 301.625
40 124.32890625 425.95390625
50 148.94296875 574.896875
60 131.50234375 706.39921875
70 58.596875 764.99609375
80 206.67109375 971.6671875
90 239.2328125 1210.9
100 360.30078125 1571.20078125
110 382.646875 1953.84765625
120 354.1828125 2308.03046875
130 376.62734375 2684.6578125
140 419.52109375 3104.17890625
150 384.3171875 3488.49609375
160 434.43125 3922.92734375
170 422.97265625 4345.9
180 398.1828125 4744.0828125
190 484.33359375 5228.41640625
200 467.9078125 5696.32421875
210 693.01171875 6389.3359375
220 538.17578125 6927.51171875
230 549.015625 7476.52734375
240 1013.6546875 8490.18203125
250 998.753125 9488.93515625
260 1080.2390625 10569.17421875
270 1192.53671875 11761.7109375
280 1106.66796875 12868.37890625
290 1091.14765625 13959.5265625
300 1411.7828125 15371.309375
310 1483.11171875 16854.42109375
320 919.8890625 17774.31015625
330 719.809375 18494.11953125
340 2196.790625 20690.91015625
350 2020.025 22710.93515625
360 2341.84375 25052.77890625
370 2742.77421875 27795.553125
380 2774.91171875 30570.46484375
390 2939.3265625 33509.79140625
400 3085.071875 36594.86328125
410 3132.5984375 39727.46171875
420 3166.8375 42894.29921875
430 2853.54375 45747.84296875
440 3544.51875 49292.36171875
450 3254.7828125 52547.14453125
460 3107.1140625 55654.25859375
470 3143.63984375 58797.8984375
480 3274.228125 62072.1265625
490 3486.65546875 65558.78203125
500 3595.5890625 69154.37109375
510 3839.253125 72993.62421875
520 4203.74453125 77197.36875
530 4237.62421875 81434.99296875
540 4008.9546875 85443.94765625
550 3597.2890625 89041.23671875
560 3029.27578125 92070.5125
570 2533.0140625 94603.5265625
580 2146.8203125 96750.346875
590 1895.4921875 98645.8390625
600 1732.8546875 100378.69375
610 1652.21484375 102030.90859375
620 1635.76484375 103666.6734375
630 1459.31953125 105125.99296875
640 1490.89765625 106616.890625
650 1355.55703125 107972.44765625
660 1396.52734375 109368.975
670 914.2609375 110283.2359375
680 563.66484375 110846.90078125
690 1123.05078125 111969.9515625
700 746.12265625 112716.07421875
710 359.5171875 113075.59140625
720 164.86015625 113240.4515625
730 51.54140625 113291.99296875
740 18.39296875 113310.3859375
750 8.0453125 113318.43125
759 2.30859375 113320.73984375
