0 158.83828125 158.83828125
10 526.86875 685.70703125
20 717.096875 1402.80390625
30 672.24140625 2075.0453125
40 785.790625 2860.8359375
50 1134.35546875 3995.19140625
60 783.87890625 4779.0703125
70 305.3296875 5084.4
80 1351.3046875 6435.7046875
90 1489.1984375 7924.903125
100 2384.6 10309.503125
110 2423.92265625 12733.42578125
120 2386.08984375 15119.515625
130 2454.61328125 17574.12890625
140 2770.7890625 20344.91796875
150 2384.2984375 22729.21640625
160 2879.34453125 25608.5609375
170 2936.57578125 28545.13671875
180 2481.4046875 31026.54140625
190 3441.50859375 34468.05
200 3038.52265625 37506.57265625
210 5024.08515625 42530.6578125
220 3413.515625 45944.1734375
230 3897.471875 49841.6453125
240 7220.7171875 57062.3625
250 6494.775 63557.1375
260 7617.2234375 71174.3609375
270 7683.79296875 78858.15390625
280 8176.9890625 87035.14296875
290 7268.0890625 94303.23203125
300 10020.19375 104323.42578125
310 10471.95546875 114795.38125
320 4914.82265625 119710.20390625
330 6545.2625 126255.46640625
340 15378.4625 141633.92890625
350 13381.29375 155015.22265625
360 17895.6 172910.82265625
370 20271.19921875 193182.021875
380 19569.06328125 212751.08515625
390 21856.89453125 234607.9796875
400 23121.94765625 257729.92734375
410 24323.98203125 282053.909375
420 25026.759375 307080.66875
430 21789.13515625 328869.80390625
440 26961.26640625 355831.0703125
450 25228.3171875 381059.3875
460 24612.6296875 405672.0171875
470 24271.7890625 429943.80625
480 25166.625 455110.43125
490 25831.13046875 480941.56171875
500 23236.79453125 504178.35625
510 22578.7984375 526757.1546875
520 20619.17109375 547376.32578125
530 20706.2125 568082.53828125
540 19803.74296875 587886.28125
550 20751.346875 608637.628125
560 17424.2671875 626061.8953125
570 11936.83203125 637998.72734375
580 12983.4609375 650982.18828125
590 11743.51484375 662725.703125
600 11470.371875 674196.075
610 10820.36484375 685016.43984375
620 9896.7984375 694913.23828125
630 8891.409375 703804.64765625
640 9708.6734375 713513.32109375
650 8425.33359375 721938.6546875
660 8811.53671875 730750.19140625
670 5069.34921875 735819.540625
680 4474.3703125 740293.9109375
690 7068.06640625 747361.97734375
700 4672.1203125 752034.09765625
710 1993.8765625 754027.97421875
720 988.859375 755016.83359375
730 239.32578125 755256.159375
740 163.46171875 755419.62109375
750 95.7296875 755515.35078125
759 2.725 755518.07578125
