0 11 11
10 23 23
20 31 31
30 38 38
40 43 44
50 53 54
60 56 56
70 68 68
80 81 82
90 101 101
100 104 106
110 108 111
120 108 111
130 121 122
140 133 134
150 139 141
160 147 148
170 145 148
180 148 148
190 169 169
200 191 195
210 215 219
220 229 232
230 260 260
240 293 293
250 326 327
260 346 349
270 373 377
280 383 389
290 407 410
300 459 459
310 515 515
320 599 599
330 667 667
340 703 705
350 751 751
360 803 803
370 884 885
380 934 935
390 999 1000
400 1045 1056
410 1087 1087
420 1156 1160
430 1237 1237
440 1309 1310
450 1409 1410
460 1526 1526
470 1605 1605
480 1724 1725
490 1819 1820
500 1945 1946
510 2063 2063
520 2132 2134
530 2204 2205
540 2088 2221
550 1931 2221
560 1751 2221
570 1567 2221
580 1394 2221
590 1232 2221
600 1083 2221
610 954 2221
620 838 2221
630 744 2221
640 624 2221
650 517 2221
660 423 2221
670 381 2221
680 328 2221
690 223 2221
700 129 2221
710 63 2221
720 26 2221
730 9 2221
740 4 2221
750 2 2221
759 0 2221
