0 1.1 11
10 1.2 23
20 0.9 32
30 0.8 40
40 0.8 48
50 1.2 60
60 0.6 66
70 1.4 80
80 1.6 96
90 2.1 117
100 1.1 128
110 1.5 143
120 1.5 158
130 2.6 184
140 2.3 207
150 1.6 223
160 2.1 244
170 1.5 259
180 2.4 283
190 4.4 327
200 3.9 366
210 4.5 411
220 3.3 444
230 4.7 491
240 5.9 550
250 6.3 613
260 4.8 661
270 5.7 718
280 5.1 769
290 6.1 830
300 9.7 927
310 10.5 1032
320 11.2 1144
330 9.1 1235
340 9.9 1334
350 9.8 1432
360 13.2 1564
370 16.2 1726
380 13.4 1860
390 16.7 2027
400 17.1 2198
410 18 2378
420 17.3 2551
430 19.9 2750
440 20.1 2951
450 18.4 3135
460 21.7 3352
470 17.1 3523
480 23.2 3755
490 23.6 3991
500 24.8 4239
510 26.5 4504
520 23.8 4742
530 24.1 4983
540 7.8 5061
550 0 5061
560 0 5061
570 0 5061
580 0 5061
590 0 5061
600 0 5061
610 0 5061
620 0 5061
630 0 5061
640 0 5061
650 0 5061
660 0 5061
670 0 5061
680 0 5061
690 0 5061
700 0 5061
710 0 5061
720 0 5061
730 0 5061
740 0 5061
750 0 5061
759 0 5061
